2.5500000000000003
2.096
2.061
1.154
3.235
1.5210000000000001
2.238
1.176
1.1260000000000001
5.448
4.244
5.268
3.5100000000000002
3.629
4.322
2.015
1.49
3.1550000000000002
1.528
15.957
1.725
1.145
1.554
1.859
5.029
3.2760000000000002
1.9140000000000001
2.0060000000000002
4.683
3.245
1.71
1.929
2.291
4.102
1.684
1.292
1.3880000000000001
1.074
1.7730000000000001
3.765
1.581
1.868
1.802
5.964
0.781
1.955
1.946
1.477
1.976
3.148
6.652
3.497
11.463000000000001
5.049
4.1930000000000005
10.237
1.012
1.666
19.529
1.206
4.234
10.603
3.821
5.416
3.939
0.734
4.59
1.25
1.969
1.7790000000000001
15.537
3.3200000000000003
2.056
4.854
10.201
4.4510000000000005
4.397
2.415
3.396
1.295
2.233
7.283
8.07
13.148
5.724
1.334
1.5350000000000001
1.282
2.283
5.417
2.475
3.716
1.87
3.457
4.9190000000000005
1.555
1.586
1.949
15.119
3.567
4.899
2.821
3.3970000000000002
13.097
3.875
2.015
1.335
4.474
2.21
1.337
2.7680000000000002
4.087
1.332
1.215
2.372
7.684
1.671
3.162
2.277
2.771
6.841
3.939
1.274
1.987
5.5200000000000005
4.852
1.7610000000000001
8.088000000000001
1.1400000000000001
1.649
1.76
6.555
5.056
2.187
1.61
1.641
2.642
1.2730000000000001
2.2
1.859
1.299
1.608
1.466
12.3
1.168
3.458
6.686
1.622
2.301
4.022
1.746
2.467
2.662
2.689
1.174
2.566
15.844000000000001
1.4020000000000001
2.553
1.028
1.443
2.9210000000000003
1.998
2.579
4.038
1.7690000000000001
3.727
3.241
1.321
3.902
1.7710000000000001
1.6260000000000001
1.732
1.627
1.159
13.016
3.259
1.284
3.6750000000000003
4.066
1.576
13.274000000000001
15.719000000000001
5.174
1.599
2.033
9.739
1.117
2.355
1.221
1.037
16.914
3.11
2.794
2.4170000000000003
5.596
2.982
1.673
4.466
2.594
2.3770000000000002
3.525
1.35
1.524
2.3930000000000002
1.866
1.283
3.821
2.309
1.3800000000000001
9.723
2.076
1.616
5.21
5.83
1.706
3.8320000000000003
0.799
3.5340000000000003
15.818
9.855
1.173
5.795
2.86
3.221
1.853
4.425
2.312
6.524
2.723
1.799
3.507
1.496
1.29
16.787
3.74
6.7700000000000005
2.295
1.694
4.2860000000000005
1.735
1.8880000000000001
1.696
2.314
1.463
1.851
2.333
3.182
0.9530000000000001
5.203
1.299
3.5260000000000002
1.308
4.745
1.732
2.05
2.257
1.555
2.602
1.488
3.898
2.642
11.200000000000001
1.82
1.466
3.335
2.1
2.737
2.827
1.209
1.167
1.408
4.282
17.773
3.511
3.164
6.2540000000000004
1.82
6.821
4.901
1.555
2.205
1.237
1.403
1.439
2.198
3.364
1.227
6.704
5.0920000000000005
1.59
3.5500000000000003
2.77
1.153
7.787
0.892
6.7090000000000005
2.391
13.120000000000001
1.709
4.166
4.152
1.331
1.208
14.978
1.309
1.564
3.142
1.5230000000000001
1.403
5.0680000000000005
7.097
2.769
1.47
4.659
3.926
4.408
7.619
1.58
1.448
2.884
2.472
15.475
4.174
2.52
1.479
1.995
3.6430000000000002
1.625
3.939
0.983
3.311
1.201
3.133
1.733
5.0760000000000005
2.235
1.24
3.281
1.097
2.253
1.85
2.225
1.615
1.966
2.592
1.268
2.719
3.876
1.871
5.214
2.553
2.483
1.237
7.3500000000000005
2.59
10.635
1.512
11.916
1.403
4.563
1.483
3.899
1.373
6.0840000000000005
1.798
2.091
1.2570000000000001
3.239
2.0100000000000002
3.237
2.45
0.904
5.2940000000000005
13.298
3.6350000000000002
2.814
7.589
1.5330000000000001
9.225
2.217
2.857
1.843
3.1590000000000003
0.966
3.438
5.393
3.468
2.739
2.396
5.195
1.51
4.013
2.265
3.428
2.949
2.688
1.2570000000000001
6.389
4.966
5.353
1.562
2.782
5.442
2.983
2.819
1.355
2.8850000000000002
2.182
7.734
1.579
4.1290000000000004
1.9060000000000001
3.1430000000000002
3.641
3.454
2.72
2.815
2.225
2.132
1.281
8.378
2.454
1.32
0.897
4.0760000000000005
4.47
3.9130000000000003
1.429
1.449
0.9510000000000001
1.748
2.225
1.542
1.573
2.4010000000000002
1.057
2.599
3.2600000000000002
1.946
15.718
1.873
2.873
2.927
6.061
1.462
3.047
1.94
1.684
1.444
1.229
1.368
6.112
6.604
1.703
0.991
1.595
2.466
1.961
1.308
1.059
4.856
0.961
5.933
1.242
2.1550000000000002
4.089
2.403
1.24
1.799
3.012
1.18
1.029
2.944
1.149
1.045
4.814
7.062
2.733
5.296
1.932
4.3950000000000005
1.73
2.009
6.713
3.427
2.471
1.088
7.388
1.58
3.384
1.807
1.3900000000000001
1.672
1.053
2.056
1.528
10.585
2.033
14.708
3.794
3.684
2.9130000000000003
1.806
1.6340000000000001
4.122
5.281
1.326
1.37
3.184
3.332
6.039
2.068
1.2730000000000001
0.992
2.165
4.392
1.942
3.971
1.2550000000000001
1.236
1.564
3.899
3.331
1.903
1.187
1.258
2.015
2.765
2.957
7.128
1.647
1.196
6.3870000000000005
8.678
1.442
2.462
1.014
3.454
1.325
2.305
1.629
1.0150000000000001
8.55
4.176
3.126
1.609
1.358
0.998
2.053
1.657
7.3660000000000005
4.7010000000000005
1.735
5.079
2.081
2.974
3.928
3.982
1.498
8.076
1.807
3.33
1.692
20.19
3.021
1.258
4.682
0.918
12.213000000000001
7.708
2.616
4.807
1.205
8.794
1.681
2.852
1.468
1.41
1.494
2.879
0.928
1.936
1.485
1.813
3.557
1.928
2.356
3.0620000000000003
1.328
1.836
4.349
3.1350000000000002
2.848
1.6620000000000001
12.303
8.14
1.091
2.432
2.253
1.44
1.212
2.7
9.174
7.982
1.601
6.09
1.462
2.1
3.833
2.271
1.71
10.693
2.938
1.8940000000000001
1.504
1.445
1.585
3.484
1.418
3.21
6.202
2.728
1.323
1.416
7.633
2.249
1.2650000000000001
14.763
1.967
2.774
0.687
5.352
17.496
2.853
1.5310000000000001
1.627
5.742
9.01
9.039
5.429
2.52
6.4
3.259
2.5380000000000003
1.7850000000000001
2.238
2.6750000000000003
4.4270000000000005
1.431
0.8160000000000001
2.653
3.9530000000000003
0.92
1.536
1.678
1.699
1.698
2.471
1.875
3.001
0.927
1.615
1.871
2.089
3.601
2.201
4.936
1.92
0.807
4.897
1.2690000000000001
1.19
2.766
2.029
1.212
1.582
2.0140000000000002
1.829
3.249
3.736
1.23
4.355
27.597
4.163
1.118
4.162
1.196
1.991
2.61
4.078
1.479
1.1
1.875
3.795
8.046
1.5170000000000001
0.994
4.821
3.123
1.225
1.679
1.361
2.328
6.515000000000001
1.891
9.741
13.353
1.833
1.373
1.727
2.986
2.407
3.783
2.303
1.574
5.752
3.35
3.283
1.674
2.146
1.799
1.903
6.7620000000000005
1.1260000000000001
2.7760000000000002
2.095
5.156
2.56
6.9670000000000005
1.446
1.838
5.821
7.633
1.669
2.5300000000000002
1.298
1.025
1.441
2.126
1.821
1.891
2.681
1.619
1.117
1.6580000000000001
1.557
7.772
1.754
1.578
1.121
1.809
2.963
1.3800000000000001
1.727
3.6990000000000003
2.156
3.126
1.581
2.422
1.718
5.672
1.305
2.556
1.976
1.5030000000000001
4.822
9.72
1.228
1.307
2.39
1.1500000000000001
1.572
2.605
3.969
1.437
9.863
5.8950000000000005
2.87
3.461
3.915
1.469
2.328
4.997
2.169
4.3
2.584
2.028
8.833
2.455
7.57
3.802
2.943
5.045
3.815
11.73
4.484
1.5130000000000001
4.954
6.212
1.573
3.89
1.978
8.583
0.982
1.847
2.033
3.088
2.862
2.563
2.444
2.674
1.682
3.936
5.305
1.231
4.3260000000000005
1.037
2.691
2.754
3.7560000000000002
6.367
2.732
1.226
1.106
3.744
1.79
3.074
1.2650000000000001
1.233
1.056
6.316
3.666
5.48
1.98
2.568
1.334
9.155
2.634
2.096
3.641
2.295
3.7030000000000003
4.69
3.048
3.758
2.926
1.19
1.326
2.535
27.193
1.917
21.676000000000002
10.538
2.4130000000000003
1.293
2.165
2.386
1.115
1.927
3.626
1.9120000000000001
3.278
3.071
6.058
1.5090000000000001
2.488
2.6550000000000002
8.294
8.098
1.091
7.454
8.237
1.363
2.404
0.842
1.831
2.807
1.187
4.938
8.352
2.0020000000000002
2.015
5.363
5.948
1.445
2.994
1.0190000000000001
2.176
1.196
6.488
1.178
6.155
1.602
1.8880000000000001
3.392
1.431
9.711
2.1510000000000002
1.151
1.538
3.75
2.549
2.967
7.764
15.446
1.2750000000000001
2.246
1.881
1.707
2.117
3.489
1.324
15.927
3.738
2.911
1.749
6.7090000000000005
3.1990000000000003
3.495
1.797
2.3770000000000002
1.7750000000000001
1.983
2.954
3.733
1.601
1.6320000000000001
2.335
1.1320000000000001
1.1260000000000001
2.966
5.158
2.1270000000000002
1.161
2.085
2.248
1.337
3.073
1.966
2.218
4.863
13.159
2.27
3.551
2.763
1.6400000000000001
2.7560000000000002
1.02
2.201
4.229
1.435
1.287
1.343
3.863
1.911
1.086
2.582
3.636
5.106
1.786
1.669
3.125
2.486
1.326
1.229
1.705
4.582
2.335
1.182
1.557
1.325
3.577
1.625
1.508
1.702
3.981
1.117
1.179
1.846
1.32
3.008
2.222
8.693
1.103
4.638
5.349
2.097
2.456
11.624
2.596
2.658
1.329
3.954
1.583
2.983
1.079
1.622
3.069
12.106
1.24
9.563
4.098
2.459
6.087
2.924
1.296
10.113
1.2530000000000001
1.158
7.44
1.987
3.237
7.2860000000000005
2.38
6.803
2.093
3.246
8.97
1.6400000000000001
1.861
3.2640000000000002
1.418
7.535
2.602
1.913
6.363
1.528
2.665
3.011
1.541
2.109
2.372
3.125
3.232
1.118
9.137
1.1360000000000001
2.237
1.058
1.192
1.532
3.1470000000000002
12.412
2.454
2.395
3.746
2.648
3.8930000000000002
1.436
7.997
1.534
16.895
1.198
2.6630000000000003
1.692
2.594
3.067
2.165
3.415
2.503
1.863
0.8200000000000001
1.706
2.225
0.923
1.3
2.84
2.212
2.942
0.9390000000000001
1.731
3.608
2.862
2.164
7.799
2.142
2.824
1.68
1.094
4.719
2.475
3.182
2.8120000000000003
1.917
2.918
1.117
1.4000000000000001
1.69
4.6450000000000005
1.977
5.414
1.563
2.974
1.7690000000000001
1.069
1.669
3.855
2.0
2.412
1.258
2.444
2.04
1.322
1.709
1.801
1.937
1.156
5.132
0.807
7.617
1.749
2.043
4.404
3.469
3.517
6.065
1.145
1.745
11.456
3.057
1.915
1.304
2.1670000000000003
3.9
1.0190000000000001
7.4350000000000005
2.707
1.728
1.247
4.1690000000000005
5.4590000000000005
1.883
4.863
3.485
1.424
5.674
1.489
2.8120000000000003
1.262
2.652
2.378
1.331
2.434
1.7570000000000001
2.074
7.812
3.408
15.88
2.5020000000000002
2.245
1.34
3.728
1.201
2.108
4.336
1.3760000000000001
0.918
1.979
1.183
1.262
1.2630000000000001
6.355
11.967
1.483
8.303
1.283
1.967
1.486
1.6300000000000001
1.5130000000000001
1.994
2.416
1.4000000000000001
1.954
1.717
2.512
1.541
1.599
2.201
1.104
5.327
3.968
1.606
3.529
1.4040000000000001
5.361
1.242
10.614
1.371
14.08
2.62
1.403
2.738
1.414
1.3880000000000001
2.556
3.513
1.615
3.982
0.994
5.631
2.508
0.895
1.462
6.534
2.779
1.429
1.473
1.881
5.636
1.934
1.116
2.454
3.898
3.466
2.952
3.216
1.353
3.298
3.636
1.161
2.387
1.665
1.176
2.884
1.145
2.455
7.2940000000000005
8.347
1.236
12.111
1.206
5.26
2.847
1.832
4.378
0.833
1.996
2.621
3.48
6.9430000000000005
1.903
2.583
3.047
1.871
1.1320000000000001
2.083
2.44
1.465
1.316
1.437
3.924
1.9080000000000001
3.224
1.715
1.151
2.841
3.471
1.7910000000000001
2.853
2.098
3.239
1.953
2.091
0.964
1.848
1.436
8.67
4.883
2.708
3.535
0.961
2.132
3.3160000000000003
4.235
3.0500000000000003
2.019
3.717
6.322
1.1440000000000001
1.283
0.861
3.404
3.951
7.8100000000000005
5.013
2.942
1.094
1.7870000000000001
3.297
3.2600000000000002
8.085
5.489
1.333
1.518
2.003
5.596
1.69
4.287
2.466
3.622
1.028
2.674
3.912
2.365
3.722
1.555
3.082
1.056
1.834
10.192
1.797
1.102
3.337
1.243
1.216
13.92
1.431
1.5170000000000001
0.858
1.797
3.979
0.999
1.561
2.116
2.867
1.82
7.506
2.66
1.024
3.43
1.84
2.008
3.2560000000000002
0.775
3.774
1.5030000000000001
2.107
2.864
6.3260000000000005
5.856
2.169
2.809
1.356
5.463
1.48
2.5340000000000003
1.3880000000000001
6.962
4.285
1.939
7.181
2.58
18.519000000000002
0.6990000000000001
1.716
1.723
1.006
1.989
3.886
1.298
15.309000000000001
1.749
4.118
1.797
2.5340000000000003
2.257
3.906
1.716
2.666
8.484
1.403
2.7840000000000003
1.2650000000000001
3.5580000000000003
6.88
1.828
1.8820000000000001
3.735
1.2710000000000001
1.105
1.499
1.518
8.509
3.271
1.2750000000000001
1.885
1.155
7.455
3.152
7.248
1.599
2.914
6.3180000000000005
1.854
1.335
1.627
8.509
4.344
0.901
4.0200000000000005
1.9120000000000001
1.1360000000000001
1.317
7.516
6.154
4.899
2.093
2.38
1.149
3.217
6.322
3.354
3.595
1.061
3.362
1.12
0.788
2.8040000000000003
2.156
2.2680000000000002
2.179
4.061
1.175
1.561
2.2800000000000002
1.737
2.214
2.693
1.619
1.383
2.306
0.896
2.72
3.146
2.614
2.326
1.486
9.35
1.064
1.48
4.263
2.282
5.168
3.2840000000000003
1.254
1.058
3.0620000000000003
7.058
1.814
1.11
0.806
2.0380000000000003
0.93
1.752
2.337
2.488
1.49
1.623
1.116
2.15
3.932
2.347
2.319
1.303
1.0170000000000001
3.866
1.549
2.613
1.482
1.5290000000000001
1.706
1.072
1.069
6.019
5.021
1.9080000000000001
5.954
12.328
1.095
1.493
1.483
1.635
4.859
8.391
3.278
2.2640000000000002
5.229
1.8880000000000001
3.674
5.216
1.491
1.22
1.429
4.401
1.982
1.536
2.2840000000000003
2.831
1.5090000000000001
11.725
3.051
1.356
1.526
9.379
1.969
1.497
2.108
1.601
1.46
4.456
1.437
1.469
29.011
1.468
1.9020000000000001
0.925
1.466
1.826
0.927
1.728
5.103
2.338
1.199
1.456
6.027
4.111
1.655
2.845
1.75
1.506
10.53
2.845
4.558
2.067
0.886
2.067
3.1950000000000003
2.07
1.06
2.621
2.396
3.745
4.29
3.0180000000000002
0.972
1.853
1.569
3.7640000000000002
3.448
3.763
3.541
1.2730000000000001
1.87
5.396
2.834
2.447
1.209
1.423
5.619
25.962
8.286
1.502
7.011
4.767
3.9330000000000003
9.534
2.032
0.937
2.294
3.104
1.426
3.461
3.599
3.988
1.857
1.276
4.1290000000000004
10.571
2.824
3.06
2.501
1.28
1.6380000000000001
3.346
15.584
0.965
1.669
1.737
2.552
1.514
2.4290000000000003
2.338
4.816
4.6370000000000005
1.498
2.162
14.004
1.671
1.37
2.427
4.7780000000000005
0.9470000000000001
1.121
5.107
3.154
2.255
1.58
3.174
12.928
3.688
39.375
2.5340000000000003
1.4020000000000001
1.05
4.988
0.855
1.203
4.767
2.7960000000000003
10.244
1.204
2.3000000000000003
0.994
17.249
2.352
5.495
5.158
1.593
3.519
1.6420000000000001
1.583
2.239
1.115
2.053
2.331
2.422
1.748
4.666
0.838
8.557
2.633
1.352
6.238
12.508000000000001
2.472
2.324
2.763
1.458
1.858
13.932
1.2730000000000001
1.683
2.125
4.182
1.372
3.3240000000000003
1.677
2.165
1.7690000000000001
2.501
2.809
3.403
2.184
4.995
3.547
8.4
4.875
8.382
1.055
4.178
4.929
1.691
2.079
3.717
2.575
1.122
1.94
4.0200000000000005
2.485
2.603
3.247
3.446
15.212
2.2800000000000002
1.236
1.967
5.292
3.271
1.608
1.5110000000000001
9.944
5.876
1.2570000000000001
0.791
2.386
2.49
2.548
11.870000000000001
1.567
1.814
2.696
3.334
5.26
3.507
1.226
13.698
1.651
1.968
1.741
3.841
1.4040000000000001
1.166
1.512
7.796
3.347
2.119
3.454
2.5500000000000003
2.455
1.631
4.761
2.437
4.625
1.012
2.515
2.807
5.899
1.272
6.181
2.48
5.4910000000000005
7.316
2.089
2.251
3.193
2.246
2.316
2.737
7.205
1.6640000000000001
2.724
2.1710000000000003
1.917
1.612
1.239
3.636
0.9450000000000001
3.121
6.2170000000000005
3.513
1.872
1.866
1.56
2.391
1.464
4.244
1.9180000000000001
4.865
1.2610000000000001
2.641
1.794
1.256
9.064
3.879
1.1320000000000001
2.81
5.089
2.633
6.88
2.993
5.163
2.364
1.6440000000000001
1.437
2.142
1.227
1.5270000000000001
1.004
3.698
4.466
4.47
2.414
1.5350000000000001
3.17
12.899000000000001
1.768
10.123
2.364
6.781000000000001
1.5250000000000001
4.127
2.565
1.3960000000000001
3.98
5.082
1.836
2.31
12.427
1.832
1.1260000000000001
1.408
2.368
1.3840000000000001
4.461
5.623
4.654
2.572
2.624
8.53
2.5180000000000002
3.817
2.924
1.124
2.029
1.393
1.47
1.728
3.678
1.322
3.355
2.564
1.622
1.948
1.676
2.194
1.961
1.815
2.217
0.73
4.7620000000000005
1.772
4.179
16.330000000000002
1.685
1.1260000000000001
5.572
1.749
9.028
2.21
1.209
1.154
3.477
2.462
2.049
13.788
2.085
1.694
6.125
1.221
1.989
2.834
2.149
1.482
1.058
2.654
2.0420000000000003
1.809
1.722
1.313
1.692
1.122
8.733
1.184
8.413
10.396
3.618
3.343
26.766000000000002
2.448
2.191
2.753
2.774
5.578
2.479
1.925
2.585
3.6630000000000003
7.91
1.341
1.368
1.874
2.114
2.87
1.035
2.669
2.033
3.884
1.7890000000000001
1.433
3.2800000000000002
1.611
2.392
9.201
2.5540000000000003
6.679
1.1460000000000001
1.165
1.931
1.351
2.898
10.362
7.091
3.656
1.518
1.836
0.9390000000000001
4.742
1.995
1.83
3.794
3.38
1.438
2.5420000000000003
1.395
3.295
10.461
6.623
1.846
3.398
1.18
4.4430000000000005
1.522
3.515
3.016
1.625
1.409
2.21
5.617
2.531
2.8040000000000003
2.698
5.859
2.254
2.181
1.166
2.64
2.7960000000000003
6.5200000000000005
4.127
4.077
4.5280000000000005
1.449
1.733
2.527
2.109
1.375
1.9100000000000001
1.877
1.852
1.528
1.205
1.029
2.243
1.36
2.013
2.277
3.747
2.031
1.209
5.119
2.0
1.834
3.714
2.007
6.024
1.549
0.99
1.484
1.647
1.18
2.152
1.302
2.008
1.235
2.353
1.919
1.713
1.991
2.608
1.844
6.3180000000000005
4.218
0.998
4.276
2.406
2.31
2.279
5.25
1.966
1.405
2.145
4.588
2.384
4.038
3.83
2.7920000000000003
8.209
1.682
4.825
2.467
5.763
3.383
2.873
4.3500000000000005
1.477
1.944
1.244
2.761
2.7520000000000002
1.674
2.628
1.492
1.594
13.513
2.16
3.335
8.703
5.163
4.087
1.6300000000000001
2.7680000000000002
1.499
2.083
2.235
0.685
4.018
6.601
3.793
2.142
2.183
5.881
3.499
1.948
1.375
2.773
1.065
3.971
3.84
1.7510000000000001
2.959
1.419
1.472
0.978
1.276
3.1870000000000003
3.7960000000000003
0.88
1.7830000000000001
4.279
2.471
2.392
4.892
2.419
0.93
1.701
6.128
1.6420000000000001
2.066
3.954
6.319
1.9140000000000001
1.087
2.138
2.751
9.075000000000001
2.277
2.97
1.563
2.424
2.028
0.8150000000000001
2.492
4.099
1.486
10.732000000000001
4.003
20.329
1.102
1.77
0.899
4.647
10.467
0.912
6.359
1.558
1.5150000000000001
5.779
1.195
1.362
4.36
1.723
1.715
3.201
6.147
2.903
2.509
2.5220000000000002
1.091
11.363
2.366
2.902
1.925
4.961
3.241
1.201
1.357
1.579
1.901
6.188
4.5920000000000005
1.449
1.681
1.5310000000000001
1.371
2.486
5.071
3.103
1.657
5.988
5.698
4.641
3.966
1.366
7.089
1.897
1.344
18.043
1.426
5.3260000000000005
1.368
2.251
0.9550000000000001
2.247
2.785
1.06
1.624
1.6640000000000001
2.928
2.54
1.3
24.274
2.602
1.768
4.933
6.844
1.576
5.0920000000000005
1.446
2.1670000000000003
1.26
3.3770000000000002
2.746
2.023
1.133
4.369
1.345
1.268
1.544
4.819
1.84
0.8150000000000001
0.857
0.768
1.156
3.964
1.814
11.849
1.474
0.9460000000000001
2.539
3.418
1.54
1.345
3.6310000000000002
3.075
3.62
1.3800000000000001
1.541
2.253
1.6500000000000001
1.331
0.883
1.736
3.4370000000000003
1.5350000000000001
6.745
1.706
7.599
1.879
0.925
1.072
2.371
1.745
1.801
4.938
1.661
3.277
2.517
2.985
3.623
3.231
1.324
4.876
1.062
8.870000000000001
2.403
2.1390000000000002
1.539
2.652
7.527
0.996
2.348
3.6510000000000002
2.133
1.7570000000000001
4.3
2.105
1.042
4.76
4.566
1.604
1.074
2.61
10.867
3.305
1.179
2.238
1.119
1.365
0.787
3.482
1.3940000000000001
12.007
0.887
2.774
0.983
2.457
1.419
3.407
2.38
7.914000000000001
1.925
0.876
2.595
4.954
1.449
4.949
3.922
1.272
2.001
2.936
2.902
2.484
8.633000000000001
1.407
1.326
1.401
1.736
1.299
1.518
1.165
1.582
1.182
1.817
2.609
1.307
7.376
1.6260000000000001
6.731
9.768
4.106
3.524
2.266
1.7670000000000001
2.447
16.705000000000002
2.191
3.657
2.7520000000000002
1.472
1.237
2.596
2.058
2.771
29.537
7.0360000000000005
2.521
1.999
2.193
1.425
2.306
2.517
1.322
2.184
1.304
6.047
1.1340000000000001
5.6290000000000004
0.9390000000000001
11.361
1.374
2.215
1.854
6.813
3.029
2.791
2.29
1.5030000000000001
1.583
3.234
1.414
1.6320000000000001
1.1260000000000001
1.685
5.817
0.973
1.754
1.748
1.591
2.25
1.347
5.438
2.371
2.887
1.403
5.439
10.679
5.921
2.4290000000000003
4.165
10.479000000000001
1.473
16.321
6.7780000000000005
1.292
4.399
5.784
1.604
2.093
8.203
4.614
8.607
1.219
0.919
2.072
2.892
2.197
1.229
4.614
4.242
1.707
2.087
1.672
1.8840000000000001
1.349
1.702
2.166
2.267
1.3760000000000001
18.644000000000002
3.743
3.392
1.645
1.7810000000000001
4.4510000000000005
3.282
3.201
2.008
2.372
3.274
4.609
2.682
1.8
1.593
4.545
1.114
3.9370000000000003
3.896
6.266
1.45
2.536
0.748
8.662
11.501
2.233
3.277
3.987
3.572
3.317
2.996
1.36
1.752
1.516
1.291
4.569
12.616
2.289
5.666
4.679
1.924
4.596
2.5220000000000002
4.079
2.827
2.7800000000000002
5.46
1.794
7.493
1.712
2.004
4.789
1.3820000000000001
1.114
0.9570000000000001
2.416
2.145
4.853
2.475
1.578
2.091
1.6420000000000001
3.865
1.741
3.176
0.963
4.934
1.821
2.033
1.4040000000000001
0.999
9.461
3.4370000000000003
1.276
6.232
4.265
2.345
4.871
14.898
6.721
5.347
3.717
5.359
2.062
1.174
1.891
2.185
2.0300000000000002
9.951
3.2560000000000002
1.597
1.078
9.713000000000001
1.486
6.7170000000000005
3.186
3.464
1.611
1.845
1.311
1.629
6.906000000000001
1.053
3.793
1.599
1.72
1.502
2.068
1.178
4.672
7.4830000000000005
1.094
2.668
1.287
3.235
9.131
1.445
3.4410000000000003
1.004
2.188
1.3860000000000001
1.6420000000000001
2.699
1.542
4.856
5.6770000000000005
6.026
4.0920000000000005
1.422
1.355
1.482
7.434
1.965
1.3980000000000001
3.357
1.04
1.614
9.004
0.894
1.078
1.524
3.178
1.421
4.051
1.1320000000000001
1.504
5.0760000000000005
2.279
2.054
1.47
1.825
0.891
1.68
1.952
4.775
1.033
1.541
1.357
3.991
5.136
4.025
1.055
3.564
5.128
2.235
3.359
1.221
5.372
2.31
2.9010000000000002
1.057
2.658
2.074
1.5090000000000001
10.114
9.377
1.995
1.639
2.515
1.452
1.522
2.287
7.0760000000000005
4.472
2.089
5.025
3.0140000000000002
4.186
1.046
1.969
2.138
6.63
10.203
1.714
3.5380000000000003
2.255
2.829
1.926
3.978
1.399
2.5260000000000002
1.368
1.362
11.496
3.813
4.329
1.188
3.096
1.8820000000000001
1.339
2.583
2.087
2.575
1.653
2.766
2.153
6.9670000000000005
6.712
2.744
2.531
2.056
3.067
3.8810000000000002
1.538
0.987
4.441
1.43
1.944
2.67
5.8950000000000005
1.661
8.136000000000001
1.379
4.075
4.458
1.8920000000000001
6.393
3.341
0.88
1.2710000000000001
9.766
1.062
2.803
4.138
3.725
7.445
3.62
4.277
4.13
3.185
6.449
1.282
1.27
3.826
5.563
3.152
2.446
8.538
1.443
1.337
1.5050000000000001
3.912
1.516
6.458
2.073
0.972
2.078
1.412
1.092
1.291
1.082
5.207
0.965
8.187
2.2
1.5250000000000001
2.1310000000000002
1.027
1.843
1.457
1.2590000000000001
2.951
4.117
3.1510000000000002
2.206
3.688
3.926
1.085
1.211
1.295
2.438
5.127
1.774
3.565
2.239
3.403
1.044
3.053
2.491
1.202
3.7880000000000003
3.52
1.696
1.889
2.886
1.454
1.071
1.5330000000000001
4.065
1.588
2.638
1.156
1.3880000000000001
1.889
1.743
2.017
1.887
1.549
6.452
2.774
1.6420000000000001
2.942
1.096
1.105
9.126
9.014
3.353
1.32
2.332
2.079
2.471
1.6260000000000001
2.231
1.418
2.5380000000000003
4.5760000000000005
3.869
1.692
2.085
2.827
5.51
1.364
1.107
1.3960000000000001
8.166
2.6670000000000003
1.489
5.284
2.232
0.806
2.109
1.949
11.362
1.752
1.731
5.936
1.542
1.702
1.546
3.942
1.744
2.515
1.173
3.349
3.176
2.4210000000000003
1.295
6.261
16.945
1.746
5.805
2.444
2.824
5.894
1.704
2.7920000000000003
1.296
2.211
6.931
1.068
2.033
2.633
3.3160000000000003
2.948
1.181
1.907
1.256
1.714
9.106
1.977
3.394
4.924
2.236
1.035
4.558
2.758
2.165
2.359
3.156
2.819
1.281
0.99
2.815
1.774
1.1320000000000001
1.994
5.593
2.315
2.958
2.396
8.696
3.873
2.138
6.51
5.086
9.207
1.417
0.721
1.711
1.185
1.008
6.122
2.395
2.499
2.144
4.373
1.208
1.328
1.064
1.8960000000000001
1.306
0.895
3.0220000000000002
2.285
1.867
5.736
1.955
7.743
1.1300000000000001
1.907
3.033
3.9130000000000003
2.993
4.0920000000000005
1.534
2.555
2.4170000000000003
1.139
3.197
0.809
9.519
2.504
3.564
3.4450000000000003
5.023
3.954
1.7710000000000001
9.293000000000001
1.6300000000000001
3.859
2.078
3.701
2.927
3.043
2.117
7.447
1.315
5.255
5.699
2.049
3.866
1.065
2.602
0.924
1.542
1.9120000000000001
3.406
13.509
1.428
1.555
1.616
6.8100000000000005
4.527
2.6270000000000002
18.299
1.327
3.622
5.673
1.538
3.306
4.505
2.759
10.648
3.4410000000000003
1.707
4.825
2.89
1.053
2.198
1.825
4.851
3.357
1.988
3.404
11.175
6.861
2.075
4.878
1.7890000000000001
2.608
1.311
4.506
13.872
6.442
4.712
1.413
2.955
2.593
1.972
0.993
6.981
1.808
2.158
6.49
3.298
3.544
1.641
1.873
26.256
1.1460000000000001
6.1080000000000005
1.539
4.11
2.202
6.196
2.445
4.0440000000000005
14.247
11.419
1.004
2.484
2.102
1.447
4.743
10.36
1.616
2.858
12.638
1.1300000000000001
1.774
1.477
4.429
2.895
2.229
1.51
1.23
2.055
1.475
3.508
3.13
1.609
3.68
4.5120000000000005
1.046
2.23
2.517
1.228
1.668
1.586
1.223
9.128
7.589
2.085
1.883
4.902
3.819
3.742
1.988
1.814
1.124
2.004
10.433
4.619
3.584
4.598
1.006
1.454
1.584
1.372
1.887
1.408
2.611
2.922
2.0300000000000002
1.008
1.1380000000000001
5.257
3.373
1.79
2.2920000000000003
2.321
9.113
2.454
2.319
3.367
1.608
1.7870000000000001
1.22
1.504
3.9410000000000003
5.4270000000000005
1.557
2.287
1.108
3.063
1.673
3.1670000000000003
3.739
2.66
5.28
7.812
5.099
8.977
3.923
4.381
2.2840000000000003
3.818
2.645
1.556
2.535
3.359
3.999
1.9060000000000001
1.616
0.7000000000000001
7.699
4.698
7.587
1.975
11.997
1.379
4.029
1.198
1.422
1.5010000000000001
1.49
3.051
1.452
3.641
8.844
1.734
2.097
1.537
2.59
1.03
5.432
1.592
4.0440000000000005
2.5380000000000003
1.704
12.02
7.492
2.337
1.332
2.015
0.893
3.462
2.63
1.205
1.805
0.881
3.306
1.566
1.313
4.073
5.309
1.352
2.453
2.537
1.425
1.5
1.895
4.8180000000000005
1.248
1.7910000000000001
1.002
4.3100000000000005
3.694
5.788
1.6640000000000001
2.98
1.348
3.06
1.081
4.801
1.44
19.303
17.645
1.42
1.387
2.954
1.341
1.208
1.131
2.7800000000000002
11.973
10.409
9.21
5.944
3.033
0.9430000000000001
10.489
2.108
4.174
2.4090000000000003
8.648
3.813
2.572
1.2710000000000001
1.295
1.185
10.040000000000001
7.456
2.946
2.012
7.731
5.654
3.501
3.378
2.749
1.7890000000000001
3.981
11.783
7.051
1.973
1.31
3.394
1.112
4.683
1.37
1.097
1.719
4.284
1.293
1.516
2.353
0.911
2.557
1.027
6.019
1.977
1.334
1.373
4.296
4.892
1.709
6.53
4.723
7.773000000000001
3.41
1.68
1.881
7.1240000000000006
3.851
2.908
2.428
1.239
1.602
1.897
0.909
3.263
1.262
1.982
9.903
1.9080000000000001
3.612
0.873
2.874
2.691
4.489
6.176
5.561
12.521
3.356
2.5300000000000002
3.632
2.694
3.503
1.2790000000000001
2.653
1.22
4.915
2.693
1.532
2.17
1.111
7.9190000000000005
2.209
1.393
6.913
2.476
3.95
1.443
1.321
8.027000000000001
3.9530000000000003
1.661
7.299
2.935
2.354
2.371
1.024
1.825
6.514
1.512
6.171
10.577
3.666
1.447
2.329
3.74
1.5070000000000001
4.745
3.225
2.085
1.195
1.622
1.565
5.141
2.469
2.265
2.5380000000000003
7.09
1.928
2.096
2.63
1.164
2.146
2.2760000000000002
2.9410000000000003
0.933
1.1420000000000001
2.841
1.596
2.563
3.282
2.874
2.6790000000000003
8.336
1.607
3.797
1.296
1.965
1.431
1.448
1.345
1.252
1.792
1.5110000000000001
8.371
1.809
2.482
2.589
1.2750000000000001
2.402
2.078
12.035
1.726
8.952
1.995
2.222
4.03
2.473
1.839
3.439
1.124
14.97
1.0190000000000001
2.599
1.967
8.787
1.053
5.597
1.2730000000000001
1.962
1.768
2.77
8.024000000000001
2.57
2.12
6.881
2.454
7.267
6.123
1.932
2.682
1.283
1.198
3.803
1.249
2.144
7.269
3.765
3.628
2.501
2.348
2.939
1.0230000000000001
1.471
1.2770000000000001
3.297
1.929
1.855
4.957
1.974
22.243000000000002
2.485
1.421
2.458
2.461
1.893
3.998
0.886
10.462
3.435
2.356
1.743
3.938
1.6360000000000001
0.969
2.3810000000000002
12.487
2.351
1.446
3.189
1.425
1.465
1.2
1.856
5.199
1.105
1.245
3.734
2.141
1.678
2.052
2.972
2.394
1.237
9.415000000000001
1.814
5.563
2.216
1.578
1.23
4.787
10.876
3.634
2.206
1.0210000000000001
1.133
1.923
1.385
1.438
1.039
1.036
4.745
8.938
1.727
1.471
5.0200000000000005
12.401
2.363
2.822
10.365
5.447
1.171
1.42
2.188
1.547
1.699
1.733
1.2770000000000001
2.45
1.94
1.723
1.562
10.682
2.439
1.537
5.347
3.447
1.8860000000000001
6.647
4.035
6.881
4.306
1.3800000000000001
1.495
4.763
2.215
1.8840000000000001
0.981
8.32
1.102
3.222
1.3820000000000001
2.814
1.353
3.414
1.542
3.753
3.299
3.309
1.0230000000000001
21.957
7.198
11.21
0.863
1.78
1.653
1.486
1.6
12.053
3.0660000000000003
1.577
3.549
1.2630000000000001
2.314
1.707
1.639
1.442
1.117
1.2510000000000001
2.0140000000000002
1.172
1.415
1.729
4.447
1.618
7.703
4.124
2.341
2.2600000000000002
1.958
3.827
1.297
1.834
3.278
1.832
0.997
5.399
1.473
4.8950000000000005
1.868
4.866
2.911
2.188
2.238
1.2550000000000001
2.407
3.064
1.79
2.465
1.25
2.589
6.083
2.187
3.504
4.438
2.016
1.122
2.998
1.903
1.465
2.555
1.441
1.969
3.955
1.758
2.119
1.229
1.575
1.48
2.084
1.979
3.662
2.935
5.8020000000000005
7.322
2.794
6.8
2.774
1.209
2.781
4.021
3.287
2.6430000000000002
1.555
1.031
1.687
1.124
1.117
5.344
1.139
2.25
0.936
1.774
1.249
1.706
10.068
2.39
1.295
8.953
2.382
1.0190000000000001
2.419
1.092
2.759
4.187
3.5260000000000002
3.661
6.164
4.642
1.343
1.327
3.129
3.2960000000000003
4.144
1.825
3.503
16.305
1.108
9.892
1.331
1.474
2.842
1.828
1.117
1.909
1.613
7.12
1.431
3.84
4.261
1.35
2.267
3.1670000000000003
1.183
4.132
1.441
2.108
2.176
3.04
1.028
2.576
1.0070000000000001
0.863
1.457
9.812
1.694
4.128
6.907
1.303
5.583
2.957
1.074
2.802
8.089
5.995
2.105
1.083
1.51
1.807
36.106
4.162
3.025
2.0420000000000003
1.617
2.048
6.3180000000000005
1.109
1.365
2.363
8.216
1.245
4.151
1.803
1.609
2.382
1.869
6.628
0.926
1.28
2.619
1.612
2.391
8.66
0.898
12.512
1.195
1.2590000000000001
2.364
1.855
2.532
6.140000000000001
1.179
1.094
1.461
1.232
2.6550000000000002
2.105
1.71
3.678
1.393
2.085
1.537
1.702
1.599
6.195
4.126
1.442
2.706
2.183
2.138
3.392
1.224
2.524
1.002
1.593
0.9400000000000001
1.441
3.0340000000000003
2.523
1.124
0.968
5.961
2.837
2.5220000000000002
2.83
1.293
1.811
7.423
2.057
1.183
1.313
2.859
4.757
2.862
1.8920000000000001
1.578
3.402
2.477
0.966
2.849
1.088
1.294
3.947
2.431
1.294
3.987
4.5040000000000004
5.7090000000000005
3.411
2.0380000000000003
12.479000000000001
1.921
2.923
3.845
1.841
1.59
4.941
6.347
10.13
2.216
3.1910000000000003
4.583
9.468
2.758
2.346
2.8040000000000003
3.444
10.444
1.3980000000000001
2.43
1.469
1.252
6.654
3.1750000000000003
4.066
1.359
3.1430000000000002
0.926
3.169
3.253
1.469
1.033
8.045
1.92
7.8870000000000005
4.775
5.721
1.746
10.831
1.727
1.834
1.433
2.778
2.289
7.9990000000000006
1.6300000000000001
1.541
23.871000000000002
1.488
4.573
2.809
6.489
5.0040000000000004
3.985
3.238
1.899
1.8780000000000001
2.813
0.788
4.133
6.506
2.474
1.365
2.142
1.5170000000000001
2.036
5.134
11.35
2.0180000000000002
1.383
1.858
1.164
1.459
2.148
1.449
1.43
2.027
1.205
4.948
1.551
2.69
1.04
5.2330000000000005
4.9110000000000005
1.979
1.291
9.22
0.893
0.991
12.849
1.446
5.348
1.363
7.485
1.985
2.193
2.146
3.286
0.8150000000000001
2.8040000000000003
2.767
1.986
3.835
1.02
11.086
4.972
1.831
2.055
2.1350000000000002
11.755
3.6670000000000003
1.46
2.2640000000000002
1.592
2.452
3.13
1.852
2.082
1.456
1.716
1.455
3.629
1.589
1.607
4.285
1.385
8.332
1.018
0.834
4.385
4.272
2.251
1.389
2.983
3.91
1.6460000000000001
4.851
2.8080000000000003
1.687
8.26
1.756
1.098
3.061
1.366
1.811
1.022
1.718
0.9530000000000001
1.9140000000000001
1.806
1.207
3.8930000000000002
4.082
1.606
2.174
3.407
1.698
2.491
1.804
2.107
12.886000000000001
2.023
1.874
5.216
4.804
1.324
8.532
1.133
2.048
6.199
1.572
7.056
2.771
1.8900000000000001
5.215
6.55
1.389
1.49
2.7600000000000002
9.561
0.834
0.749
1.326
3.1990000000000003
0.802
1.44
1.729
8.232
9.120000000000001
2.051
1.174
1.289
1.087
1.454
1.169
0.877
1.8760000000000001
3.467
2.464
4.284
5.634
0.836
1.436
2.311
1.445
4.063
2.763
3.638
10.193
1.346
2.02
4.034
5.836
3.4450000000000003
4.0520000000000005
0.9570000000000001
1.707
29.971
7.936
1.745
4.3260000000000005
1.795
1.234
5.92
1.235
4.186
1.947
2.431
1.729
2.242
7.314
1.62
1.814
1.1400000000000001
8.367
4.356
11.609
3.849
18.638
3.152
4.418
7.535
1.957
13.68
2.726
3.278
1.9140000000000001
3.6710000000000003
1.961
1.061
3.374
3.42
2.161
1.996
1.411
0.856
5.715
3.561
1.399
3.601
0.891
4.112
4.082
3.045
3.055
3.02
10.417
2.511
3.47
1.387
7.6290000000000004
4.516
1.2770000000000001
1.609
3.181
5.035
1.795
17.744
7.356
2.725
1.3940000000000001
1.291
1.569
1.226
1.4000000000000001
3.629
1.283
2.7800000000000002
1.6480000000000001
6.433
1.393
4.7010000000000005
2.245
5.134
2.248
4.525
7.266
1.828
3.728
1.454
2.244
10.176
1.536
2.436
1.1400000000000001
2.813
4.181
2.8080000000000003
4.715
3.96
1.252
2.978
2.314
3.1
6.771
8.138
6.845
1.639
2.6590000000000003
5.526
3.59
9.225
3.138
1.028
1.481
1.296
4.285
1.416
20.612000000000002
8.392
1.7910000000000001
1.5290000000000001
3.197
6.578
4.5
1.449
2.102
1.96
1.058
1.546
12.109
1.647
1.368
1.133
4.876
3.301
1.0110000000000001
1.813
2.674
2.594
3.971
2.316
1.133
10.511000000000001
1.7870000000000001
6.6610000000000005
0.964
1.072
2.323
4.607
2.902
3.2920000000000003
5.471
1.258
2.191
1.3940000000000001
2.458
8.492
1.488
1.178
3.797
1.5
1.963
1.281
1.151
1.821
2.363
11.736
1.621
1.448
2.602
1.682
3.222
2.05
2.192
1.194
0.805
1.594
3.364
3.642
2.324
1.495
2.113
1.579
4.533
2.557
6.083
2.33
2.265
1.679
0.925
1.174
2.229
4.206
1.548
1.973
4.306
2.111
1.437
2.872
3.1630000000000003
2.5580000000000003
2.366
4.789
9.846
12.396
2.097
1.768
0.9380000000000001
1.871
1.778
2.442
1.373
3.608
5.868
0.836
1.714
4.088
2.662
0.9410000000000001
1.842
1.893
8.699
3.33
1.125
2.464
3.101
0.914
1.564
1.492
1.623
1.103
3.614
3.182
4.769
1.397
1.149
1.467
10.541
1.58
1.307
0.987
2.068
1.6280000000000001
7.299
1.99
2.81
3.934
3.5020000000000002
5.564
1.177
1.268
3.0500000000000003
5.027
2.61
1.961
2.257
1.774
1.353
3.5740000000000003
0.918
2.093
1.124
5.518
1.231
1.827
1.538
2.67
5.469
8.539
1.977
2.359
2.144
1.873
1.514
12.812
1.103
1.936
19.505
2.146
1.809
1.856
1.581
1.921
1.036
2.355
6.855
2.611
2.499
2.9050000000000002
2.727
3.475
2.596
1.485
1.583
3.739
5.634
1.227
2.669
2.149
3.06
5.702
10.933
9.355
0.923
2.765
4.539
3.552
1.092
3.813
6.987
1.849
2.894
1.577
5.768
3.6710000000000003
3.028
1.338
0.968
2.604
2.066
1.6440000000000001
2.674
1.468
0.931
9.887
1.23
2.883
2.008
5.66
7.601
1.563
1.722
2.048
2.113
4.362
2.186
1.0210000000000001
1.294
9.965
1.685
0.981
2.351
1.8920000000000001
5.583
1.3900000000000001
15.786
1.674
1.584
4.241
9.746
1.581
2.265
2.02
3.102
1.506
1.62
4.526
2.445
1.958
2.071
3.415
1.827
10.129
2.37
1.844
2.72
1.7650000000000001
0.887
2.123
1.7690000000000001
2.7
4.058
1.0070000000000001
1.0070000000000001
1.871
1.11
11.921
1.16
1.375
1.2510000000000001
1.25
3.319
5.946
4.757
1.184
1.604
6.757000000000001
5.863
4.9670000000000005
2.701
1.319
20.16
0.936
4.272
1.492
3.5340000000000003
4.027
1.1460000000000001
6.761
0.983
2.446
1.736
1.332
0.8210000000000001
2.618
1.685
1.858
13.495000000000001
2.349
3.319
2.797
5.799
1.479
2.486
2.665
4.599
9.462
11.847
2.415
1.16
4.3
0.876
2.16
1.733
1.155
1.18
2.981
5.632
3.457
2.243
6.449
1.951
3.914
4.281
3.985
1.361
4.107
5.271
6.237
1.029
1.875
1.631
2.428
6.1450000000000005
7.018
1.553
8.481
2.853
16.023
1.715
4.005
4.394
5.904
10.301
1.84
2.6510000000000002
2.2600000000000002
2.989
1.678
1.657
6.045
2.549
2.003
2.257
2.278
1.456
2.759
1.458
7.305
1.293
1.222
1.321
5.281
0.722
1.302
1.817
5.014
1.08
3.375
5.179
5.106
2.6710000000000003
5.075
1.053
3.473
2.43
8.943
4.083
2.211
3.7560000000000002
2.5180000000000002
1.33
1.228
12.533
9.276
2.077
2.085
6.132000000000001
1.865
6.534
1.5190000000000001
2.984
1.491
4.367
1.461
2.332
3.105
1.694
1.829
2.99
0.932
1.825
1.548
2.236
22.057000000000002
2.483
1.34
3.7560000000000002
4.195
3.6310000000000002
2.1270000000000002
2.96
1.245
2.079
1.157
1.089
1.185
1.725
4.123
1.976
2.129
1.461
1.33
2.115
1.6560000000000001
2.904
1.162
1.5210000000000001
2.7840000000000003
3.259
3.059
2.13
2.403
2.061
2.957
0.928
1.6520000000000001
1.477
5.941
6.3180000000000005
2.073
3.783
2.5460000000000003
1.675
4.76
3.156
2.291
1.563
4.114
3.499
1.53
5.775
2.058
3.88
2.1470000000000002
2.368
1.2690000000000001
3.976
1.733
3.14
4.886
6.517
1.907
2.233
2.714
3.891
3.049
2.378
24.759
2.964
1.194
3.49
0.985
2.1590000000000003
7.258
1.6340000000000001
5.234
9.053
2.846
1.345
3.9490000000000003
1.592
2.49
10.752
0.904
1.834
3.97
0.9570000000000001
1.571
5.485
1.578
2.705
5.4910000000000005
1.8
1.8
3.811
9.869
0.927
13.755
6.9670000000000005
1.837
2.955
2.866
1.105
2.357
2.68
2.818
7.562
3.253
6.63
2.851
1.051
2.4290000000000003
1.306
1.558
12.304
1.254
2.915
3.612
2.3810000000000002
2.342
1.066
7.162
2.35
3.023
3.1550000000000002
8.08
6.604
2.265
2.049
1.8760000000000001
7.352
1.564
1.068
0.892
2.798
1.827
1.358
3.211
2.222
4.997
1.3940000000000001
2.824
1.893
0.897
1.383
7.582
1.993
1.657
2.87
14.996
13.956
1.7510000000000001
0.881
2.547
3.543
2.7840000000000003
3.52
7.167
2.1390000000000002
2.843
8.116
1.26
1.877
2.791
2.189
4.382
2.258
1.5330000000000001
4.66
1.996
3.224
3.638
1.336
3.9250000000000003
0.753
1.3900000000000001
1.317
6.45
4.097
1.849
0.784
3.724
1.72
2.565
2.338
1.698
1.167
1.893
1.4040000000000001
1.697
1.466
2.301
2.589
2.176
3.733
2.053
1.238
5.17
0.9450000000000001
1.345
7.009
1.827
1.343
3.722
1.069
1.2650000000000001
1.2730000000000001
3.029
8.655
0.914
1.548
13.059000000000001
7.385
3.211
1.942
4.157
5.954
1.491
2.372
1.578
11.997
1.604
2.96
2.912
2.739
1.9060000000000001
1.318
1.5130000000000001
0.963
3.734
14.904
3.733
1.72
5.247
4.0840000000000005
0.998
3.259
7.53
2.561
2.576
1.842
4.124
1.093
1.1360000000000001
3.0500000000000003
1.123
2.023
5.891
10.431000000000001
1.052
13.381
1.333
3.084
3.16
3.805
2.07
5.099
4.668
1.214
2.48
1.669
1.364
2.509
1.6340000000000001
1.752
1.1500000000000001
1.731
1.5170000000000001
12.474
1.551
2.501
6.05
4.341
3.581
2.634
13.733
8.812
7.258
2.442
0.687
2.258
6.271
2.781
0.963
3.327
0.919
2.344
0.974
1.853
1.258
2.475
9.547
2.98
1.186
1.289
1.891
2.18
1.5090000000000001
0.787
2.888
2.948
1.862
2.865
1.435
2.891
4.366
3.039
0.994
2.078
17.375
1.375
2.128
1.038
2.827
1.842
1.145
2.799
1.341
1.7570000000000001
3.291
8.408
1.715
3.521
2.962
5.814
2.711
1.808
1.743
1.181
3.2840000000000003
14.831
1.072
2.37
2.1270000000000002
3.642
2.09
1.917
0.916
2.22
2.115
5.863
2.791
1.073
12.337
1.895
1.951
1.7650000000000001
5.971
1.091
1.851
2.982
1.889
1.843
5.715
5.506
3.7560000000000002
4.587
1.391
10.34
2.9
4.524
2.748
4.173
1.315
2.574
1.7910000000000001
2.57
7.234
1.133
1.516
2.136
1.373
12.517
2.483
20.984
2.629
3.662
1.701
8.017
3.466
25.196
1.124
10.225
1.49
3.059
3.448
1.2
1.25
14.769
6.477
5.4510000000000005
1.221
4.6770000000000005
1.446
1.502
1.863
2.954
1.358
1.587
1.5230000000000001
1.952
1.209
2.732
0.902
1.924
1.939
3.399
1.103
2.112
1.668
1.544
13.494
4.155
2.734
1.454
2.691
1.83
1.7910000000000001
5.471
5.779
2.556
2.835
2.791
1.831
1.223
4.357
2.831
1.328
8.012
1.429
2.807
1.475
3.023
4.015
2.362
1.941
1.689
3.331
2.316
1.1
3.221
3.4210000000000003
4.738
1.704
1.081
4.702
0.894
4.317
3.246
1.7
3.907
2.326
5.7540000000000004
1.407
2.105
1.855
5.439
5.372
1.129
4.734
2.305
10.108
1.929
1.491
2.199
4.654
2.7840000000000003
2.093
1.307
1.199
3.15
3.315
7.142
2.912
2.359
7.995
1.3860000000000001
2.193
3.374
6.01
5.1000000000000005
3.348
1.284
1.348
2.545
1.778
4.5600000000000005
3.166
2.569
6.516
1.78
3.498
8.415000000000001
5.3790000000000004
4.869
3.726
7.735
1.452
3.545
2.045
1.931
1.601
1.6420000000000001
2.414
5.122
1.025
3.565
5.554
1.486
1.161
1.2630000000000001
4.602
3.258
4.841
9.32
3.0660000000000003
4.025
2.452
18.564
2.178
1.108
2.031
1.623
6.191
1.6540000000000001
1.792
5.908
1.536
2.246
1.061
1.713
1.747
3.098
5.565
1.6360000000000001
1.426
1.158
2.641
4.614
3.77
2.479
14.375
2.056
1.324
2.8890000000000002
2.085
1.485
1.714
2.0340000000000003
5.623
5.838
22.35
2.771
7.48
3.811
7.543
2.791
2.324
24.806
2.346
7.569
1.2510000000000001
3.2920000000000003
1.072
1.2550000000000001
3.521
2.383
5.798
3.412
1.3
3.512
8.47
6.023
1.274
1.719
1.752
2.2880000000000003
1.446
4.314
2.082
2.277
1.575
1.424
5.869
1.339
1.736
9.964
1.349
2.197
1.182
3.7720000000000002
1.479
1.024
4.155
1.0030000000000001
2.872
2.049
2.646
1.333
3.97
8.36
2.565
2.088
20.609
1.797
3.477
3.66
16.646
2.875
2.974
3.785
5.405
1.926
1.782
3.124
4.43
1.024
5.099
3.666
2.491
1.58
2.799
3.0540000000000003
2.185
2.787
8.494
1.383
2.071
2.886
5.643
10.655
12.054
1.291
1.59
2.669
1.159
3.101
4.737
3.646
3.9490000000000003
1.87
1.498
17.152
1.57
1.034
2.196
2.115
1.684
3.116
6.33
2.172
1.596
1.559
7.105
3.834
1.22
1.846
1.641
3.286
9.049
10.064
1.597
1.619
1.438
4.2
2.47
1.576
2.306
2.813
2.197
4.288
2.338
1.952
2.375
1.833
0.971
1.96
12.307
1.87
1.866
1.776
1.581
2.4290000000000003
1.7750000000000001
1.43
1.627
2.696
1.383
3.706
2.427
2.0060000000000002
1.95
1.881
2.403
0.908
1.375
4.204
6.503
1.471
1.929
1.468
0.96
2.644
1.303
6.631
1.233
1.506
2.742
1.591
1.296
3.045
2.273
3.654
2.743
2.962
1.104
3.9290000000000003
2.824
2.25
7.908
1.5230000000000001
1.012
1.673
4.272
6.033
1.428
1.86
1.434
2.742
1.764
2.543
2.124
1.621
1.559
2.763
1.917
1.735
2.316
4.197
2.6270000000000002
1.718
5.4270000000000005
0.988
5.916
4.095
1.2730000000000001
1.703
3.959
2.2800000000000002
2.028
7.085
0.989
2.446
1.722
3.829
3.544
8.691
2.798
6.0120000000000005
2.745
2.106
1.796
3.275
1.97
4.236
1.903
1.228
1.95
1.7550000000000001
1.474
1.268
2.896
2.4010000000000002
1.1300000000000001
1.2630000000000001
2.497
2.656
3.178
16.539
2.9170000000000003
3.23
4.58
2.461
4.902
5.729
1.623
3.384
3.0020000000000002
1.031
3.741
2.737
2.636
1.315
1.948
1.563
0.987
5.913
1.967
1.412
3.8000000000000003
2.192
4.789
3.204
2.242
2.616
1.096
2.618
1.919
2.487
1.627
4.389
1.335
5.705
3.531
12.542
6.056
2.098
1.944
1.016
3.013
9.767
6.049
1.098
3.277
2.041
3.485
2.556
4.234
1.6280000000000001
1.653
1.915
3.737
1.302
1.516
1.0190000000000001
1.433
1.5110000000000001
1.034
1.139
2.2
2.464
2.348
2.879
1.342
7.2780000000000005
1.403
2.999
2.701
1.518
1.964
0.9440000000000001
1.694
4.806
2.16
1.8760000000000001
1.598
2.735
1.613
1.1
0.86
2.618
1.6600000000000001
3.169
1.229
5.7250000000000005
0.75
5.098
2.373
1.518
8.002
11.042
1.7670000000000001
3.375
2.274
1.1460000000000001
1.2670000000000001
3.386
2.777
4.009
1.338
1.9020000000000001
1.1300000000000001
2.3770000000000002
1.838
1.3880000000000001
0.962
11.156
1.592
1.34
6.502
9.884
2.349
1.8820000000000001
4.658
1.937
1.99
14.716000000000001
1.594
2.176
2.016
1.105
2.5460000000000003
1.665
4.689
2.307
6.204
3.428
1.073
1.422
8.992
2.577
5.8870000000000005
3.336
3.031
1.995
1.637
1.073
2.8850000000000002
1.2570000000000001
5.0840000000000005
3.5380000000000003
4.86
1.966
4.912
1.287
1.744
12.33
1.482
12.761000000000001
0.986
2.019
1.822
1.6360000000000001
2.748
2.113
3.599
3.557
0.925
9.34
1.578
2.556
1.117
5.441
1.518
4.894
2.138
2.199
3.7520000000000002
1.825
1.471
6.478
2.838
3.902
8.226
1.197
4.562
4.079
4.365
1.7770000000000001
2.477
1.575
2.383
14.586
3.89
7.915
2.203
1.185
6.032
2.316
3.302
1.851
1.5230000000000001
2.053
2.461
0.879
3.712
3.781
1.514
1.645
7.7780000000000005
3.787
6.046
4.681
6.356
1.689
2.728
4.187
3.223
6.139
1.568
4.7090000000000005
1.799
1.209
1.984
3.071
1.305
4.768
1.998
2.989
6.329
5.57
5.556
4.527
2.051
4.24
1.786
5.513
1.2710000000000001
1.358
1.07
1.752
6.67
1.764
1.035
2.709
5.631
3.935
3.892
4.814
1.623
1.188
10.352
2.5460000000000003
1.514
1.514
2.648
4.996
13.385
7.136
3.1870000000000003
1.602
1.716
1.42
4.4110000000000005
2.1630000000000003
2.243
2.636
1.726
1.854
6.304
1.643
3.4010000000000002
6.219
1.465
4.601
6.861
2.641
0.9430000000000001
1.694
1.166
1.495
4.314
7.268
2.795
1.7
1.7790000000000001
2.427
5.263
3.644
2.199
1.387
1.454
1.048
3.092
1.11
12.413
2.289
6.015000000000001
7.893
1.264
2.27
1.449
8.748
1.045
5.596
4.647
2.646
6.492
1.6340000000000001
2.106
2.974
2.4290000000000003
6.4430000000000005
2.007
0.8170000000000001
1.857
3.59
3.173
1.29
2.302
1.374
11.832
3.051
1.726
0.884
1.3840000000000001
2.4170000000000003
5.274
1.443
8.782
7.215
1.5330000000000001
1.592
4.896
2.759
2.457
1.24
2.729
5.583
3.474
1.457
1.555
1.488
2.3040000000000003
7.6000000000000005
1.42
1.949
1.179
1.8920000000000001
1.472
1.958
2.097
2.779
5.396
6.2700000000000005
3.7840000000000003
1.875
1.852
1.539
1.994
1.064
3.233
2.507
3.34
2.504
2.704
1.822
2.05
2.197
4.394
2.261
3.536
5.899
1.653
6.5120000000000005
3.008
1.04
1.073
1.383
2.721
1.548
2.14
2.107
2.074
2.785
2.869
2.414
2.13
6.5360000000000005
1.1420000000000001
0.886
1.29
1.9100000000000001
3.265
1.2510000000000001
2.297
1.326
1.166
1.415
2.585
4.223
2.055
5.71
2.1
2.081
1.534
8.362
1.588
1.312
1.625
1.747
3.916
3.989
3.2720000000000002
1.415
2.8850000000000002
5.223
2.061
3.738
1.747
2.644
0.962
2.374
1.6600000000000001
1.698
1.366
1.625
1.737
1.352
2.019
3.039
1.633
1.6340000000000001
3.474
3.9530000000000003
1.921
1.745
1.09
1.357
7.059
2.568
2.178
2.868
1.497
2.564
1.068
5.412
1.599
6.644
2.984
4.3020000000000005
2.954
1.268
1.45
4.091
4.369
1.702
1.333
2.375
1.478
2.212
1.076
1.109
1.287
1.6420000000000001
1.657
5.532
2.404
1.246
4.412
1.877
4.114
2.009
2.571
1.054
1.217
2.529
2.348
1.293
2.817
6.828
1.877
1.047
4.0440000000000005
2.291
2.114
2.8000000000000003
2.93
9.902000000000001
1.518
2.7560000000000002
2.733
1.591
3.117
2.71
2.785
0.836
3.878
7.764
2.357
4.279
3.0420000000000003
1.645
1.52
2.471
20.781
4.282
5.2860000000000005
1.482
2.088
1.802
2.3890000000000002
0.964
1.429
1.286
1.866
3.77
1.184
3.963
7.303
1.793
2.336
2.052
2.404
1.349
2.11
4.937
9.689
2.023
2.259
3.085
0.922
2.9010000000000002
1.607
9.961
4.945
0.9590000000000001
12.402000000000001
2.099
10.004
0.981
4.127
2.6
4.241
5.112
2.821
2.0
1.618
5.159
2.031
2.141
2.959
16.524
2.039
1.453
3.031
1.01
1.237
2.047
4.227
3.517
4.018
2.493
2.8930000000000002
7.7330000000000005
6.638
2.842
4.775
5.245
3.055
1.553
5.472
0.9490000000000001
1.799
1.162
1.891
1.685
2.3930000000000002
1.397
1.264
1.946
22.243000000000002
1.602
3.594
3.246
1.805
2.285
3.219
2.617
5.665
1.8820000000000001
9.027000000000001
6.348
2.807
4.014
3.184
2.5100000000000002
2.004
2.825
1.2670000000000001
3.738
2.173
1.985
1.518
1.6620000000000001
1.01
3.428
5.315
3.266
2.4170000000000003
2.987
3.148
1.187
0.978
5.968
1.056
1.58
6.571
6.58
17.402
3.989
1.316
10.639
1.157
1.098
3.342
1.489
3.1590000000000003
1.055
1.696
3.993
1.2730000000000001
1.727
15.634
1.524
1.453
3.202
1.489
1.617
3.1
15.205
3.746
0.903
2.096
29.832
1.51
2.491
4.128
2.755
1.122
0.906
1.978
2.806
1.426
2.42
1.967
1.817
0.777
1.235
1.871
6.922
2.986
3.729
0.847
6.047
1.697
3.208
2.832
1.366
1.252
1.645
2.844
2.99
1.568
2.115
1.671
2.677
2.0060000000000002
5.855
4.734
3.849
1.0070000000000001
2.767
1.387
1.719
1.246
1.086
1.487
11.629
5.0600000000000005
1.8
2.091
2.662
1.985
5.964
2.202
1.337
5.7250000000000005
1.449
3.0260000000000002
3.145
6.213
5.8580000000000005
2.945
4.462
1.9100000000000001
6.925
1.106
3.5500000000000003
4.186
6.8740000000000006
5.175
1.184
3.9170000000000003
1.452
14.157
8.771
1.044
2.182
3.125
1.705
1.101
1.303
1.348
2.335
4.07
2.098
1.059
6.588
6.599
8.838000000000001
6.349
1.9100000000000001
0.746
1.7730000000000001
2.049
1.685
1.823
6.664
1.6360000000000001
6.277
2.257
5.325
9.347
1.225
2.972
11.75
1.843
1.422
6.415
1.3800000000000001
8.296
3.977
3.194
2.904
2.269
3.646
6.204
1.2710000000000001
4.034
9.402000000000001
1.963
1.883
10.33
1.274
2.709
1.137
1.927
2.426
3.689
3.587
1.96
1.495
1.546
2.611
1.0170000000000001
1.096
5.961
4.457
1.962
1.504
1.727
25.026
4.961
1.33
3.556
3.79
3.398
1.659
3.64
2.9050000000000002
2.076
2.003
4.148
2.964
1.301
1.157
2.817
7.122
1.499
0.737
1.219
4.703
1.108
1.615
1.782
2.273
1.627
2.021
1.407
1.919
2.611
3.6430000000000002
1.676
7.609
8.127
2.973
3.751
4.141
5.588
3.781
1.619
5.815
1.7510000000000001
1.127
2.419
2.469
3.363
1.045
5.634
10.34
1.436
1.939
3.545
0.864
1.121
1.374
1.198
1.597
1.324
4.208
2.825
5.147
3.646
1.537
2.4
2.9250000000000003
1.331
1.67
2.77
0.988
2.988
3.886
3.044
4.604
1.562
0.809
1.124
5.133
2.17
1.459
1.989
1.744
7.492
2.444
3.406
4.91
2.64
2.097
1.45
3.686
2.322
5.287
1.219
1.474
1.52
1.195
2.088
1.733
2.462
1.111
1.313
1.367
4.719
1.4000000000000001
1.99
5.159
2.539
5.86
7.126
2.563
1.842
1.86
2.569
1.3960000000000001
1.559
1.1300000000000001
2.864
3.609
1.109
1.479
4.386
10.033
2.923
2.986
1.865
8.289
2.382
2.574
2.491
2.419
1.231
4.383
2.791
0.93
1.999
8.123
1.451
2.248
3.726
1.325
3.532
4.256
1.5290000000000001
1.323
1.59
1.213
1.697
0.937
3.859
5.309
3.5420000000000003
2.434
8.72
6.322
3.157
1.372
1.46
4.034
5.1690000000000005
2.983
3.998
9.48
3.95
1.302
1.448
2.133
2.743
3.591
2.676
0.902
2.599
2.778
3.497
6.041
8.476
2.154
0.964
4.904
4.428
3.257
1.668
2.935
1.1400000000000001
4.744
4.165
7.36
1.262
1.457
4.123
1.681
1.551
1.649
2.437
1.497
3.561
0.904
2.726
1.991
2.162
1.5210000000000001
16.968
1.701
2.64
4.1530000000000005
1.615
1.141
1.982
1.16
1.47
1.597
5.3790000000000004
1.483
2.161
1.185
7.556
0.736
1.657
3.936
1.304
3.911
4.809
2.4
8.998
1.405
9.375
3.811
1.371
1.612
7.854
1.934
2.956
15.063
1.274
2.771
2.196
13.447000000000001
4.17
4.337
1.192
2.029
2.238
2.111
1.051
3.182
1.522
4.321
1.043
1.018
2.122
1.407
1.24
4.711
20.534
1.07
2.864
4.1690000000000005
8.21
2.31
1.283
1.281
1.6640000000000001
1.637
3.1430000000000002
1.67
1.622
0.932
1.243
1.601
1.344
3.029
1.6580000000000001
1.3840000000000001
1.889
2.376
3.086
2.5500000000000003
2.165
0.847
4.34
1.2550000000000001
3.353
3.713
4.897
2.628
2.016
2.468
1.217
1.294
2.457
2.575
1.794
1.84
1.715
1.6500000000000001
3.705
1.643
3.217
1.48
0.9380000000000001
1.956
1.176
1.2510000000000001
2.2
1.674
10.375
1.311
1.5110000000000001
1.4000000000000001
1.604
1.32
3.226
1.291
1.578
1.746
3.128
7.974
4.632
1.592
7.988
5.026
3.359
2.5500000000000003
10.379
1.516
10.112
5.338
1.907
5.218
2.501
14.624
3.915
3.5020000000000002
1.178
1.1300000000000001
2.353
4.144
4.533
2.511
1.887
1.299
6.16
2.001
1.286
2.725
1.187
2.814
2.1590000000000003
1.831
1.989
2.048
2.024
5.303
4.473
0.809
2.497
2.255
1.737
0.882
1.193
1.866
1.603
1.433
5.257
26.322
3.813
3.285
2.36
4.384
1.101
0.923
1.343
1.09
2.621
1.454
11.968
1.677
1.485
3.124
1.1340000000000001
1.8820000000000001
5.415
0.987
7.633
1.36
3.247
2.574
1.25
1.3820000000000001
4.155
2.267
5.125
1.7650000000000001
1.159
1.157
2.0060000000000002
2.731
1.174
0.851
1.233
1.74
1.838
2.154
2.412
1.417
8.689
1.291
6.6930000000000005
1.0210000000000001
3.358
1.599
9.787
1.366
1.1500000000000001
1.077
12.386000000000001
3.2960000000000003
1.5150000000000001
1.8940000000000001
5.14
1.824
3.339
9.165000000000001
4.089
1.504
1.491
7.724
1.147
8.929
2.23
1.185
7.913
0.984
3.619
1.1420000000000001
5.553
5.3580000000000005
1.941
4.374
3.0700000000000003
10.405
1.245
2.927
2.316
4.3340000000000005
2.691
2.153
1.6480000000000001
0.985
1.038
4.482
3.184
1.699
11.014
1.2730000000000001
1.688
5.418
2.618
2.294
2.419
8.096
9.121
1.504
1.0090000000000001
2.446
2.579
2.235
1.049
1.672
1.604
1.014
1.485
1.571
1.306
1.494
3.809
1.614
1.988
7.463
4.192
1.358
2.253
1.053
2.062
2.779
5.8340000000000005
3.876
2.988
1.859
1.249
4.078
2.6310000000000002
3.289
10.41
4.186
2.935
3.4210000000000003
2.983
1.3860000000000001
2.737
1.5050000000000001
4.288
1.782
2.021
1.2790000000000001
3.736
1.249
10.824
1.048
4.72
2.423
1.5090000000000001
11.953
2.111
7.827
1.739
1.31
5.219
0.916
6.545
1.578
5.498
1.223
8.529
1.206
1.679
2.591
4.969
3.708
2.02
0.921
1.621
2.596
1.554
2.176
3.549
1.477
1.713
1.6440000000000001
1.968
6.3660000000000005
2.975
10.033
1.967
2.6470000000000002
1.227
2.06
1.74
1.289
2.838
1.3940000000000001
1.367
2.229
2.198
1.795
4.176
1.598
1.364
1.194
1.368
3.7800000000000002
2.802
2.228
1.8880000000000001
1.499
0.888
2.149
4.125
1.469
7.398000000000001
4.51
1.495
2.837
3.1350000000000002
1.673
2.81
2.164
6.6610000000000005
1.125
2.372
0.924
1.268
8.404
1.631
1.3800000000000001
10.74
1.573
3.516
1.107
1.5330000000000001
2.062
5.186
4.213
2.309
2.061
5.711
4.547
4.67
1.3940000000000001
11.486
1.2
0.74
1.615
3.112
2.4050000000000002
4.138
3.771
1.951
1.204
1.764
1.154
3.858
1.187
2.307
3.302
4.094
1.401
2.815
3.6870000000000003
7.292
1.6640000000000001
1.064
0.833
5.939
1.375
0.9450000000000001
1.827
2.751
2.285
4.382
3.229
1.063
1.8900000000000001
2.3970000000000002
5.65
6.429
2.287
1.591
1.854
1.133
2.928
8.645
2.297
2.423
1.549
2.068
0.92
2.129
3.5140000000000002
1.266
1.955
1.319
3.37
7.640000000000001
3.452
3.48
2.1
8.981
4.715
1.919
2.115
4.335
5.22
1.051
2.182
2.61
1.784
1.2610000000000001
2.013
3.5180000000000002
3.232
1.482
4.665
2.6510000000000002
2.396
2.868
0.907
1.179
17.32
1.415
4.234
1.722
4.255
1.953
2.787
3.9050000000000002
5.642
1.575
4.114
1.321
1.418
8.961
8.259
2.12
3.6750000000000003
9.097
9.634
4.893
1.949
3.863
1.373
6.008
2.021
2.4130000000000003
1.677
1.805
1.237
0.9440000000000001
5.035
2.959
2.5580000000000003
1.0130000000000001
3.918
5.082
1.586
3.919
1.141
1.5290000000000001
2.031
5.511
4.7
1.2590000000000001
1.7
4.396
9.96
1.584
5.622
2.355
2.728
1.2750000000000001
2.089
1.176
2.7760000000000002
3.661
1.366
1.559
1.0150000000000001
1.286
1.458
2.235
1.696
1.379
2.029
4.437
1.429
2.586
1.598
1.897
1.95
1.934
10.394
0.9400000000000001
2.19
3.209
5.784
13.359
2.499
1.861
1.758
1.762
2.337
1.268
5.729
1.187
1.591
4.157
8.039
1.18
4.097
7.229
1.368
1.435
2.861
11.358
1.338
8.308
3.494
1.8780000000000001
1.362
1.1380000000000001
1.93
4.843
1.482
1.1360000000000001
1.6300000000000001
1.04
2.486
4.2090000000000005
1.172
3.531
0.978
6.534
1.665
15.601
1.08
2.334
2.4250000000000003
5.085
5.111
1.229
7.009
2.59
8.562
1.595
1.225
2.012
2.848
3.3930000000000002
2.307
3.759
4.422
1.23
1.112
1.234
1.708
1.985
1.699
6.09
5.202
7.9110000000000005
0.77
3.6430000000000002
2.568
3.689
0.9580000000000001
1.298
6.3950000000000005
1.551
1.191
2.602
1.096
1.607
2.047
2.678
10.964
2.396
13.557
1.327
6.595
2.733
3.698
0.9410000000000001
2.638
2.718
1.52
4.366
1.114
4.232
4.765
0.858
0.9420000000000001
1.899
1.352
4.817
1.391
3.1910000000000003
4.03
2.515
2.75
0.9
3.093
2.906
3.673
1.932
21.259
2.871
4.271
1.545
1.583
2.746
2.404
3.712
13.723
1.1280000000000001
1.137
9.677
1.608
0.9540000000000001
4.0120000000000005
1.468
3.1550000000000002
6.658
1.349
0.998
1.201
2.952
2.809
1.037
1.954
1.872
1.039
1.451
1.344
1.288
9.189
1.329
4.872
1.843
4.597
2.2680000000000002
5.6240000000000006
2.508
1.495
2.041
11.9
3.398
6.644
1.3780000000000001
1.2790000000000001
2.536
1.917
0.93
2.0220000000000002
2.545
1.805
1.295
2.141
2.486
2.595
4.892
5.755
1.559
2.093
6.4
4.856
2.7880000000000003
1.16
1.472
5.149
1.03
3.6830000000000003
4.494
1.7610000000000001
1.494
2.695
2.892
1.341
2.444
1.6540000000000001
1.847
1.881
1.256
2.664
9.451
0.966
2.204
1.024
4.082
2.225
4.463
7.376
2.247
6.226
1.827
3.533
2.97
0.999
0.777
2.825
4.103
3.728
1.743
7.837
0.732
2.503
2.122
3.404
3.3770000000000002
1.334
1.547
1.846
7.648000000000001
1.353
2.228
1.381
5.933
1.615
2.0
4.679
18.154
1.333
5.639
2.165
1.665
2.283
10.991
1.2550000000000001
1.559
2.35
2.564
5.51
4.994
6.632000000000001
3.317
5.5200000000000005
17.077
2.596
4.289
2.721
4.266
8.977
2.7520000000000002
4.773
1.2790000000000001
6.423
1.3940000000000001
2.067
1.477
4.099
0.974
1.539
2.739
2.492
5.442
2.18
1.989
5.636
1.221
3.564
1.615
7.836
1.6440000000000001
6.163
4.284
4.079
4.565
3.342
1.451
5.687
1.739
1.201
1.363
10.676
0.879
1.249
1.848
1.518
0.9520000000000001
1.824
2.351
5.455
2.2520000000000002
1.701
0.929
0.987
4.369
1.931
1.246
2.307
1.7870000000000001
2.335
4.206
1.574
2.826
4.002
2.436
1.109
1.469
1.1400000000000001
16.646
1.47
1.6
1.933
2.302
2.352
6.143
4.192
2.439
4.311
5.606
2.2840000000000003
1.724
3.469
1.237
2.573
2.187
1.7850000000000001
2.69
2.279
2.484
1.081
1.081
1.412
2.661
1.1
1.907
2.16
2.144
6.703
4.377
1.1400000000000001
5.402
1.9040000000000001
1.443
1.931
3.071
1.018
10.499
3.34
1.11
1.041
0.921
2.023
1.522
2.847
1.705
1.4040000000000001
3.21
2.154
1.95
1.343
1.801
1.593
1.244
2.701
6.003
1.803
2.209
2.8810000000000002
1.9100000000000001
1.2550000000000001
1.262
0.984
1.312
4.571
2.331
5.341
1.002
2.347
1.32
3.496
3.137
2.704
3.281
1.193
2.027
3.059
13.375
6.029
1.252
1.828
1.289
1.201
0.873
2.207
2.632
1.691
1.0130000000000001
1.552
2.419
2.004
3.3930000000000002
8.457
3.517
1.247
1.33
1.74
1.6520000000000001
9.379
1.7550000000000001
5.249
6.376
1.247
3.356
15.473
1.868
7.890000000000001
2.239
1.315
1.234
1.178
3.14
8.154
5.083
1.495
1.284
2.099
3.352
9.317
1.112
5.284
1.206
2.478
1.6540000000000001
1.692
3.146
1.411
2.008
1.842
11.643
1.793
4.513
4.449
2.487
3.281
1.686
2.3930000000000002
1.188
2.211
0.9380000000000001
6.1930000000000005
1.2710000000000001
6.204
4.522
3.0620000000000003
1.187
3.452
5.86
2.978
4.064
8.221
5.2700000000000005
2.733
1.609
2.551
3.279
13.766
3.217
1.6260000000000001
4.623
9.16
4.47
3.66
1.2730000000000001
9.35
1.455
12.436
29.854
1.5350000000000001
8.723
3.436
1.2590000000000001
3.032
2.564
1.464
2.036
1.222
2.069
2.173
1.943
1.927
1.075
2.902
2.387
1.297
2.736
1.196
2.4290000000000003
0.857
2.654
4.468
1.883
4.064
1.387
13.222
4.026
7.813
1.495
7.5520000000000005
1.586
4.706
1.629
0.871
2.404
1.341
5.815
1.355
2.1470000000000002
7.7620000000000005
2.701
2.603
6.615
1.2530000000000001
4.62
1.735
4.228
2.6510000000000002
2.036
1.285
2.041
2.164
1.298
3.823
1.096
2.391
1.605
3.817
2.07
3.739
4.39
1.596
4.7
2.666
0.883
1.922
7.977
1.221
2.773
1.708
8.426
3.91
0.889
1.911
2.592
3.727
1.476
2.0220000000000002
1.087
7.963
0.848
2.686
4.939
1.805
1.794
2.069
1.342
2.099
0.9510000000000001
2.305
2.125
1.806
2.348
1.8960000000000001
1.788
1.6260000000000001
3.41
1.335
2.1430000000000002
1.417
3.1710000000000003
8.482
7.566
1.963
3.7800000000000002
4.45
1.317
2.0060000000000002
3.4
13.066
1.602
2.494
1.482
1.712
4.602
1.319
5.016
2.103
3.17
1.676
3.027
6.306
2.322
7.466
1.954
3.594
1.5130000000000001
11.123000000000001
5.038
1.557
2.183
1.919
2.236
2.45
1.6540000000000001
1.268
1.6580000000000001
1.683
1.539
1.315
1.5350000000000001
1.562
4.337
4.071
1.186
1.2730000000000001
1.935
1.945
1.354
1.707
1.311
4.0600000000000005
4.2
1.617
5.6000000000000005
6.567
23.202
1.733
3.209
5.127
4.532
3.19
1.86
0.9450000000000001
1.447
2.355
2.711
1.083
4.931
3.124
5.793
5.0360000000000005
1.743
8.357
1.795
3.6910000000000003
1.12
4.432
1.7810000000000001
1.971
7.746
1.583
2.029
3.309
7.593
2.2
1.244
1.18
3.847
3.823
3.326
2.657
28.487000000000002
2.5220000000000002
2.431
2.337
1.167
5.6000000000000005
2.279
6.468
4.199
5.285
2.9330000000000003
5.805
4.071
1.3780000000000001
2.695
11.131
3.34
1.817
11.168000000000001
19.183
0.996
1.425
4.581
1.618
4.559
7.46
3.293
7.09
1.986
1.994
5.655
2.053
8.133000000000001
1.889
3.0260000000000002
2.373
1.474
1.73
1.48
3.148
0.915
2.814
2.6510000000000002
1.246
6.359
1.389
1.678
1.065
1.796
1.6400000000000001
1.823
1.086
4.863
0.81
1.936
1.941
7.146
7.839
12.162
5.974
2.113
1.889
1.048
3.386
1.221
7.558
1.059
2.4170000000000003
1.483
1.871
1.7870000000000001
3.105
1.994
2.811
1.472
5.981
1.79
9.445
3.43
5.149
1.27
3.714
2.587
1.577
6.521
10.605
2.95
1.703
18.443
1.472
3.835
0.913
9.513
1.543
5.409
0.907
3.0540000000000003
1.49
1.453
7.032
1.686
3.884
2.24
1.3820000000000001
1.289
2.816
9.516
3.915
2.741
1.764
3.079
1.74
2.786
1.345
1.407
1.474
7.782
2.6870000000000003
1.842
1.6340000000000001
1.655
3.214
14.5
3.165
0.759
1.051
4.106
3.581
1.87
2.128
11.301
3.734
1.514
3.8160000000000003
1.655
1.387
4.707
0.991
1.359
3.665
6.378
6.781000000000001
7.648000000000001
6.0920000000000005
1.436
0.985
4.613
11.693
2.869
1.185
2.848
1.377
1.371
6.646
4.524
6.444
1.704
1.748
5.932
2.473
1.36
4.298
3.611
1.73
3.5
5.468
2.695
9.693
1.516
1.2650000000000001
1.538
1.24
1.431
1.415
10.463000000000001
3.42
1.171
1.155
2.361
1.41
0.878
3.169
3.773
2.586
8.705
3.094
4.24
4.418
2.069
1.512
1.32
1.46
1.542
9.205
1.284
7.065
2.119
0.871
7.551
2.241
6.9270000000000005
2.057
4.697
4.006
1.374
1.424
4.572
1.3820000000000001
1.353
8.098
4.059
5.291
1.609
3.882
1.187
4.9910000000000005
1.928
4.204
2.363
1.811
6.897
2.922
16.628
1.573
1.071
13.337
1.458
1.321
1.415
1.741
1.5310000000000001
1.857
13.118
1.877
2.1470000000000002
1.703
1.672
1.847
1.772
2.543
3.299
1.46
2.0100000000000002
5.371
10.858
3.485
2.935
1.732
2.854
2.049
3.869
3.412
13.47
2.515
1.901
2.479
2.196
4.447
1.7730000000000001
12.814
8.32
8.054
4.338
0.9550000000000001
3.093
2.355
1.543
1.174
2.924
2.077
2.825
1.7810000000000001
1.498
3.1510000000000002
3.455
3.757
5.149
1.9100000000000001
1.989
1.498
5.009
1.6620000000000001
2.453
2.136
1.764
4.828
7.561
5.04
1.752
1.976
1.239
1.792
1.573
1.428
3.057
1.911
1.922
2.573
8.628
0.9440000000000001
1.835
1.385
5.934
1.993
1.739
1.204
1.973
2.727
4.857
5.58
2.828
2.361
3.2600000000000002
1.339
0.793
1.118
6.4510000000000005
9.054
2.722
1.617
3.549
1.961
1.434
1.155
2.592
1.324
1.244
15.342
2.6470000000000002
5.1370000000000005
3.898
1.484
1.446
8.631
4.396
4.6370000000000005
0.755
2.388
1.283
7.69
1.8780000000000001
1.3780000000000001
1.351
22.323
4.1290000000000004
2.407
1.556
2.93
1.502
1.804
3.353
1.06
3.162
1.82
2.273
4.313
3.512
1.754
25.852
1.877
8.077
1.576
1.153
3.766
10.323
2.16
2.789
1.247
1.104
2.878
2.099
2.341
1.446
2.375
10.679
2.148
2.201
1.7650000000000001
0.804
1.489
1.822
2.512
9.307
8.629
1.6400000000000001
8.838000000000001
1.6580000000000001
2.063
1.488
1.228
2.111
4.508
6.141
9.077
4.167
3.239
2.432
1.845
1.229
2.556
1.3840000000000001
2.854
1.452
5.735
1.163
2.2680000000000002
1.131
8.618
0.997
2.799
2.969
4.899
1.119
2.6350000000000002
1.361
2.648
1.1300000000000001
1.481
1.746
3.499
2.494
1.68
1.473
0.914
2.445
1.577
15.164
8.684000000000001
2.583
2.432
2.656
2.081
1.504
1.486
1.823
1.786
5.1000000000000005
2.06
1.244
0.968
1.473
1.524
1.443
4.289
1.131
1.587
2.916
2.087
2.978
3.923
1.7550000000000001
3.636
10.875
3.782
3.598
1.309
2.016
1.284
1.6340000000000001
1.745
0.9570000000000001
4.492
1.165
1.784
1.309
2.815
2.418
4.002
1.67
1.5110000000000001
1.408
1.874
3.3000000000000003
1.042
7.041
6.971
1.087
5.511
1.292
1.921
3.684
6.916
3.258
1.844
1.999
1.445
0.9420000000000001
3.3160000000000003
4.558
0.976
1.747
2.234
1.047
3.011
1.328
4.11
3.782
2.138
5.863
2.359
1.895
2.419
3.0180000000000002
5.005
1.291
3.415
1.302
2.286
0.996
1.284
3.587
6.4510000000000005
1.666
1.377
4.773
1.363
2.317
5.905
9.448
2.356
2.037
1.532
1.074
1.809
2.193
9.437
3.954
10.772
0.802
1.577
2.398
2.305
1.959
1.901
5.656
6.156
1.9060000000000001
4.291
2.16
2.523
0.849
1.742
6.3420000000000005
1.843
2.617
1.737
3.7800000000000002
12.482000000000001
12.620000000000001
6.808
1.528
5.054
1.666
2.713
1.7690000000000001
1.649
2.356
1.811
1.524
1.238
1.451
3.222
1.619
1.875
13.368
4.958
1.543
2.975
3.17
1.3900000000000001
13.787
4.4590000000000005
6.062
1.437
2.926
3.201
1.49
1.814
2.13
2.942
2.178
3.786
2.595
1.234
1.987
1.815
1.719
1.5070000000000001
0.979
3.334
0.995
1.264
1.353
2.537
4.769
1.542
1.2690000000000001
9.476
2.831
1.478
2.126
1.899
1.528
2.95
1.975
7.007000000000001
6.51
2.041
2.52
2.677
2.483
1.976
0.915
1.206
1.678
3.6510000000000002
6.41
3.6550000000000002
22.118000000000002
1.558
3.164
2.453
4.679
1.598
1.24
4.505
2.1430000000000002
1.118
1.7530000000000001
1.707
1.474
1.893
1.3780000000000001
1.622
8.763
1.163
2.666
2.031
2.283
6.317
2.629
1.766
2.182
1.743
5.26
1.08
3.638
2.104
1.229
3.959
0.965
1.407
2.13
2.496
1.7670000000000001
1.409
1.3
0.864
1.018
1.083
10.392
1.7670000000000001
2.041
1.2610000000000001
2.209
1.579
1.226
1.114
1.8900000000000001
2.603
4.918
5.0440000000000005
0.8180000000000001
2.388
6.414
4.557
1.853
1.831
1.9180000000000001
4.107
1.679
2.618
3.5460000000000003
1.9020000000000001
2.0220000000000002
2.963
1.586
1.994
3.964
1.143
1.925
1.194
1.158
1.806
0.902
5.5920000000000005
1.155
1.123
2.2880000000000003
4.989
1.11
8.158
8.731
1.281
2.61
3.9490000000000003
2.4290000000000003
5.242
6.133
1.843
2.399
1.9160000000000001
3.267
2.677
2.1430000000000002
7.371
4.724
1.041
1.333
8.197000000000001
1.651
1.516
9.431000000000001
1.114
2.544
1.702
1.9180000000000001
1.385
20.766000000000002
1.762
7.066
1.308
8.477
1.608
5.695
3.6510000000000002
1.604
3.602
2.0260000000000002
1.018
1.698
2.243
14.685
1.204
1.2610000000000001
2.081
9.545
1.495
1.863
4.638
1.586
1.334
2.3040000000000003
1.51
3.547
4.054
2.757
2.553
4.5920000000000005
8.855
4.888
1.363
3.641
1.045
3.987
2.886
2.346
2.575
1.042
4.8180000000000005
5.5120000000000005
1.3
1.749
2.6790000000000003
3.021
6.222
1.893
3.886
6.316
1.865
1.512
1.425
2.02
1.2690000000000001
3.56
1.8980000000000001
4.581
3.326
2.419
2.524
1.643
1.497
1.348
1.645
7.337
3.0300000000000002
1.435
2.71
1.506
3.069
1.348
2.08
6.6770000000000005
1.37
1.086
2.91
10.261000000000001
1.236
9.951
1.6620000000000001
1.887
1.798
1.574
5.284
4.648
29.64
6.315
1.56
0.9400000000000001
3.9
2.2840000000000003
3.532
1.229
2.785
2.065
1.538
4.6080000000000005
1.353
1.419
2.994
0.788
7.533
4.524
4.46
5.002
1.433
1.948
3.799
2.537
1.362
2.374
1.027
1.5250000000000001
1.368
3.697
4.189
3.802
1.298
1.455
2.1310000000000002
18.029
2.507
2.738
3.7840000000000003
3.852
4.3100000000000005
2.412
3.531
4.011
6.485
2.025
2.209
2.963
2.694
7.446
3.599
1.368
4.866
2.845
1.6600000000000001
14.606
1.7870000000000001
2.1350000000000002
3.2840000000000003
4.757
1.852
2.009
4.05
2.059
1.2750000000000001
3.751
4.164
3.363
1.075
2.54
1.77
1.46
1.025
1.955
1.754
1.322
2.222
1.5330000000000001
3.641
4.04
3.032
5.68
1.076
2.341
2.025
1.709
1.986
1.117
1.859
1.714
1.301
1.165
1.42
1.035
1.616
3.383
1.425
4.195
3.825
2.308
4.247
2.714
1.943
2.99
1.637
2.081
0.976
1.423
1.7890000000000001
3.462
4.206
5.714
7.8340000000000005
1.454
2.912
1.475
1.1420000000000001
8.778
2.603
2.5380000000000003
6.445
4.7010000000000005
1.363
1.62
1.197
1.391
1.199
3.5100000000000002
2.254
3.91
2.579
1.962
1.919
2.054
2.69
1.996
3.224
1.6500000000000001
5.353
1.6260000000000001
1.997
1.332
3.091
1.5230000000000001
2.289
3.7800000000000002
1.314
4.039
2.032
1.065
3.521
1.364
2.685
1.3800000000000001
4.449
2.576
1.351
1.62
2.263
5.078
3.407
9.882
2.6350000000000002
10.71
8.44
4.632
3.519
1.29
1.614
1.12
3.203
5.431
2.134
6.8180000000000005
2.302
1.995
7.25
10.025
1.832
1.5010000000000001
4.881
1.639
2.503
2.972
8.845
3.744
1.955
2.31
3.769
1.931
2.203
4.204
1.101
3.922
4.264
2.399
4.367
8.92
1.169
2.974
8.9
2.477
1.339
1.28
1.613
2.555
0.889
2.984
2.562
1.04
1.168
1.1420000000000001
1.802
1.2710000000000001
2.031
1.857
2.021
1.911
2.694
2.313
6.128
2.586
1.248
8.864
1.494
1.758
1.121
1.952
1.573
2.443
1.074
3.078
1.553
2.993
2.241
4.7
1.221
2.128
3.132
1.428
4.1450000000000005
2.816
1.047
2.969
10.421
1.335
2.411
2.314
6.988
5.136
7.082
1.399
1.143
1.598
1.994
1.633
4.142
1.909
1.798
2.464
0.909
4.196
2.104
2.848
2.605
10.957
1.118
1.312
0.935
2.071
3.608
2.988
6.779
1.245
2.2680000000000002
7.1690000000000005
19.813
5.025
1.143
2.8080000000000003
1.155
4.937
2.0020000000000002
4.226
2.987
2.359
1.815
1.792
1.2670000000000001
1.239
3.9130000000000003
2.049
7.6450000000000005
7.118
13.215
4.152
6.518
1.444
6.4910000000000005
2.935
1.458
2.307
2.911
6.601
3.793
4.151
1.377
1.486
1.678
3.887
2.533
1.456
1.171
1.306
2.626
1.468
1.573
2.536
1.36
5.6080000000000005
3.794
2.919
5.9190000000000005
7.792
2.612
1.282
3.736
6.91
1.341
2.953
1.85
1.881
1.975
1.1420000000000001
1.34
2.1670000000000003
1.45
10.991
1.374
1.856
7.461
4.458
1.1520000000000001
1.841
2.681
4.163
2.367
1.666
1.1260000000000001
2.0140000000000002
3.2800000000000002
3.47
1.294
2.553
2.277
4.565
1.1460000000000001
1.938
1.845
4.7090000000000005
2.59
7.148000000000001
6.9670000000000005
7.425
1.5230000000000001
1.34
7.163
4.359
9.979000000000001
0.9520000000000001
3.217
1.7810000000000001
8.131
3.728
2.024
0.971
1.622
4.347
3.48
2.028
22.527
2.7720000000000002
1.127
2.261
1.012
1.022
1.962
4.61
1.6340000000000001
2.866
0.886
2.361
2.527
1.208
3.265
5.022
1.528
1.84
1.056
2.17
1.216
1.663
4.98
4.705
1.7650000000000001
5.939
15.368
1.145
1.391
2.964
11.424
2.2920000000000003
2.31
1.678
1.258
0.9540000000000001
1.2630000000000001
5.1450000000000005
3.97
1.86
1.824
4.349
6.038
3.751
1.229
2.777
6.2940000000000005
4.489
10.768
3.021
2.1390000000000002
1.6620000000000001
3.11
1.3900000000000001
1.885
4.756
2.036
1.938
0.843
1.024
4.0840000000000005
2.769
1.973
1.441
4.017
2.466
1.6440000000000001
2.255
1.206
2.65
1.451
1.105
1.75
2.734
1.364
6.797
1.06
1.944
1.557
0.748
4.4750000000000005
1.073
2.9090000000000003
1.474
1.067
2.321
19.207
4.19
1.572
4.545
0.96
2.315
2.191
3.494
1.9000000000000001
4.378
5.0840000000000005
4.0920000000000005
1.334
8.158
1.6380000000000001
2.0140000000000002
13.385
6.075
1.307
1.424
1.588
2.363
1.187
1.311
3.051
1.5350000000000001
1.586
0.922
1.633
3.348
1.862
12.593
1.102
9.201
1.215
2.661
2.158
1.6280000000000001
3.076
24.074
1.42
6.1850000000000005
4.587
2.57
2.376
1.539
1.6480000000000001
1.594
1.9100000000000001
1.32
5.409
2.373
1.2790000000000001
6.049
1.79
1.135
6.9430000000000005
9.737
3.246
20.45
2.665
1.731
1.461
1.56
7.535
1.391
12.074
2.445
2.762
1.862
4.497
2.517
1.2590000000000001
3.8970000000000002
1.7890000000000001
5.277
2.262
1.27
2.6710000000000003
11.041
0.873
1.282
4.003
6.464
5.035
9.277000000000001
1.171
3.682
11.391
1.701
1.7690000000000001
4.883
2.197
16.993000000000002
2.993
1.043
3.89
1.044
2.337
1.107
2.395
1.104
1.161
6.554
1.27
2.711
1.033
5.522
1.598
1.168
1.823
2.19
0.808
1.059
5.25
0.887
1.624
1.227
1.175
1.44
3.662
3.9370000000000003
1.591
6.442
13.781
2.0
3.923
3.044
4.948
4.5120000000000005
6.581
4.1930000000000005
7.985
7.059
4.837
2.4050000000000002
2.585
1.826
1.992
2.625
5.0520000000000005
1.46
1.228
6.029
20.063
2.098
1.8920000000000001
1.4060000000000001
10.419
1.95
4.6770000000000005
1.454
2.939
3.184
1.575
1.549
8.289
6.1370000000000005
1.197
2.259
2.037
1.766
2.541
2.001
1.42
16.607
1.551
1.871
2.0420000000000003
2.8890000000000002
1.548
3.45
6.964
3.225
1.811
4.266
3.053
2.719
3.912
1.674
1.504
1.296
1.793
4.7780000000000005
1.562
3.005
2.9370000000000003
1.958
1.024
2.048
5.406
0.729
1.32
14.423
2.3770000000000002
1.612
3.479
2.926
1.438
3.1790000000000003
2.729
1.837
2.936
5.308
2.22
3.858
1.006
6.4350000000000005
3.374
4.787
1.5250000000000001
2.308
1.576
2.723
4.116
10.113
1.651
1.549
4.616
2.982
5.144
2.563
1.976
1.719
3.886
3.2840000000000003
2.922
9.086
1.738
2.8810000000000002
2.532
3.396
2.539
1.53
8.981
1.639
2.282
1.758
1.524
2.265
1.469
1.957
3.745
3.939
11.739
6.692
2.662
0.992
1.915
1.439
1.6
4.3180000000000005
1.145
1.326
4.57
5.155
1.605
1.933
7.117
1.247
0.8250000000000001
16.755
1.089
4.087
6.848
2.435
1.843
4.676
3.142
5.5520000000000005
4.623
6.102
3.329
0.9410000000000001
2.297
2.114
1.377
6.466
2.923
5.1850000000000005
3.18
0.8180000000000001
3.579
2.763
6.55
2.549
32.272
3.702
3.216
1.726
2.6710000000000003
6.259
1.413
1.026
6.4270000000000005
2.537
2.082
3.3240000000000003
2.555
1.218
3.133
4.019
1.377
4.401
1.71
1.163
7.252
3.352
3.0340000000000003
2.613
1.181
3.702
1.0230000000000001
3.72
8.177
4.352
1.741
1.917
0.925
11.264
3.09
1.141
1.486
1.979
4.7700000000000005
5.351
1.571
2.459
2.1390000000000002
3.47
8.82
1.226
1.094
1.639
1.143
4.896
4.953
2.427
4.118
1.621
2.142
4.001
1.8900000000000001
1.49
6.886
2.052
3.3280000000000003
2.814
0.912
0.9450000000000001
1.3860000000000001
3.7
2.146
2.697
1.299
2.343
1.08
9.199
1.338
4.024
4.777
1.098
4.024
1.069
1.8900000000000001
1.841
2.868
1.025
6.006
2.376
1.177
1.423
3.879
2.91
2.327
3.6750000000000003
1.0050000000000001
4.936
1.093
2.733
5.496
2.914
3.918
1.33
3.107
4.676
4.244
1.997
6.449
2.615
1.499
1.917
1.325
2.583
1.5070000000000001
1.307
6.157
2.4250000000000003
2.119
2.606
4.134
2.863
4.329
2.027
6.25
1.976
3.912
3.777
4.01
1.597
5.494
1.403
1.75
2.582
12.272
1.736
4.954
3.476
2.727
2.08
5.143
4.622
2.75
2.487
2.809
2.031
1.322
2.202
2.07
5.8740000000000006
4.517
1.588
3.394
2.251
1.359
2.21
1.968
2.3850000000000002
3.158
3.474
1.49
2.335
2.469
3.878
1.554
7.971
1.83
3.496
3.078
5.773
1.649
1.597
5.24
2.387
2.543
9.661
0.966
1.5010000000000001
3.257
1.506
4.559
12.366
2.533
2.285
2.532
2.706
1.7730000000000001
2.0180000000000002
1.183
1.949
5.195
1.375
3.019
1.292
9.555
3.693
2.029
2.112
1.363
2.215
3.873
1.549
2.966
2.883
2.978
1.475
3.576
1.089
4.367
1.243
8.575000000000001
10.33
1.412
1.845
1.9100000000000001
2.3000000000000003
1.827
1.953
1.2730000000000001
4.984
11.199
1.674
4.1530000000000005
4.494
2.153
3.033
1.369
1.588
2.505
1.157
2.299
4.462
2.684
1.3800000000000001
1.8920000000000001
3.059
5.691
3.9290000000000003
1.477
1.727
2.207
2.313
1.1500000000000001
5.285
35.196
8.142
1.359
2.0380000000000003
1.08
2.712
1.735
17.947
3.963
0.9410000000000001
3.36
7.436
3.867
1.339
1.093
9.956
1.016
2.59
1.903
1.268
1.317
1.825
1.986
1.457
1.301
6.965
5.586
2.21
1.565
7.5360000000000005
2.798
2.361
1.069
7.5600000000000005
2.6350000000000002
2.594
2.938
3.299
2.153
2.313
2.1550000000000002
2.307
2.638
3.255
1.353
3.491
3.208
2.6830000000000003
4.727
1.655
3.716
1.706
1.875
1.772
1.498
1.097
2.136
3.476
0.993
7.761
1.221
1.033
3.618
1.852
5.363
1.827
2.576
1.356
5.469
0.788
9.186
4.817
6.441
1.3920000000000001
1.5050000000000001
2.501
2.976
1.578
3.254
4.565
1.618
2.579
1.7630000000000001
1.951
1.601
3.188
1.659
2.622
1.157
2.999
1.135
2.757
6.937
1.992
1.933
3.2840000000000003
1.07
9.524000000000001
3.3240000000000003
4.579
1.594
1.999
1.749
2.338
1.362
2.101
3.3890000000000002
2.212
1.24
6.859
1.2
11.335
3.241
3.249
4.843
4.487
1.05
2.279
1.978
1.373
7.119
12.537
3.516
2.096
6.1290000000000004
13.696
1.851
3.211
1.465
2.487
1.5150000000000001
1.191
3.8850000000000002
1.605
1.941
1.828
1.659
2.075
1.556
1.502
2.978
1.105
1.6500000000000001
6.154
3.338
1.178
1.606
2.125
1.954
3.966
9.622
1.681
1.288
1.488
3.164
3.1550000000000002
0.9430000000000001
1.047
1.562
8.564
6.22
1.548
1.429
7.63
14.693
1.2630000000000001
1.3940000000000001
2.18
3.947
1.99
2.322
9.1
1.683
1.853
2.704
2.603
4.87
2.797
1.171
3.69
6.147
6.066
0.927
3.162
2.04
3.22
1.703
1.435
2.978
1.247
14.159
1.343
4.5040000000000004
1.114
2.053
1.153
1.368
1.359
9.9
1.852
1.565
12.111
2.467
2.6590000000000003
9.97
11.14
8.487
1.46
4.293
1.075
6.109
1.197
0.966
1.139
3.347
0.9450000000000001
4.389
1.689
1.2730000000000001
2.498
9.233
9.997
7.346
2.684
1.045
1.625
6.008
1.796
2.46
1.828
2.93
3.932
7.662
2.208
3.246
0.937
1.941
16.084
2.517
2.334
1.363
5.1370000000000005
2.432
2.709
2.23
3.608
5.554
4.453
3.298
1.5
2.048
4.166
1.836
0.913
1.863
3.217
6.849
1.729
10.399000000000001
5.337
2.4170000000000003
3.817
2.379
3.073
10.44
2.524
1.9100000000000001
8.165000000000001
2.201
1.51
8.46
1.042
1.803
2.361
3.434
8.478
1.861
2.689
5.792
1.197
9.653
3.5140000000000002
1.367
3.0
3.331
4.069
1.3960000000000001
4.43
1.681
0.854
1.187
1.451
1.624
10.024000000000001
2.158
3.319
2.319
1.4020000000000001
1.1300000000000001
2.214
1.094
3.521
3.746
6.317
3.825
3.355
2.236
1.462
1.348
1.829
1.756
2.979
2.927
6.075
2.21
3.512
3.025
2.1390000000000002
1.936
3.6710000000000003
1.358
3.056
4.772
9.441
0.9510000000000001
1.473
0.992
2.744
10.102
1.348
2.161
2.223
8.983
1.17
2.058
4.167
7.823
0.961
1.768
4.167
6.112
1.236
2.574
3.411
1.651
22.81
3.604
2.453
2.133
2.105
1.2730000000000001
2.278
6.588
8.789
1.713
2.357
2.177
1.604
1.857
2.1710000000000003
11.488
2.303
8.537
3.185
4.277
1.639
2.106
2.161
1.689
2.529
5.989
2.479
1.055
3.595
5.775
8.279
1.725
4.825
0.795
1.631
2.3040000000000003
7.597
10.355
1.994
1.788
2.29
2.059
5.984
2.938
4.226
1.938
2.882
1.597
3.443
3.1550000000000002
3.602
1.172
2.2840000000000003
10.037
2.86
2.351
9.787
1.991
1.849
1.6560000000000001
3.86
2.866
1.947
1.798
2.2680000000000002
8.639
0.9500000000000001
2.063
1.42
6.192
1.066
6.9670000000000005
1.432
1.5310000000000001
3.465
3.536
2.565
4.3870000000000005
7.133
6.869
2.039
11.104000000000001
1.234
3.051
1.34
1.288
3.408
1.762
2.2
1.338
2.331
1.933
3.118
1.147
4.385
3.6830000000000003
8.049
10.422
1.082
1.298
1.935
1.429
1.618
1.698
3.579
3.5300000000000002
6.2860000000000005
3.972
2.4170000000000003
1.41
1.926
1.764
1.022
1.057
3.023
2.72
2.64
6.299
5.894
5.524
2.469
1.9180000000000001
1.7850000000000001
2.9330000000000003
3.347
1.449
1.937
1.76
1.815
2.204
2.926
1.9060000000000001
1.383
6.993
4.6370000000000005
1.409
2.181
4.942
1.328
2.099
3.049
3.229
4.516
1.862
4.083
15.068
2.2720000000000002
3.363
2.019
1.817
1.555
1.465
1.2570000000000001
1.217
4.509
2.267
2.041
3.535
2.56
5.006
7.109
1.563
1.407
2.732
0.8170000000000001
12.564
5.854
1.8760000000000001
3.095
1.111
3.89
2.97
1.832
2.729
3.38
1.368
4.316
1.385
1.039
11.353
16.434
9.589
1.203
1.316
1.411
2.109
1.094
2.217
3.0020000000000002
1.45
4.245
1.3980000000000001
2.229
5.307
2.02
1.213
4.874
1.162
4.63
1.702
1.2770000000000001
3.6710000000000003
3.681
7.708
1.395
1.166
3.94
5.034
6.1930000000000005
3.489
1.488
4.9430000000000005
2.762
1.356
1.189
1.0130000000000001
3.047
3.73
2.433
2.695
1.308
1.349
1.042
4.816
2.091
1.048
1.092
1.659
10.219
3.142
1.936
14.972
23.764
2.894
1.072
2.11
1.669
1.885
2.154
1.389
5.34
3.595
12.714
1.234
2.085
4.623
3.8240000000000003
2.589
2.206
2.875
1.043
5.22
1.7750000000000001
0.987
3.016
1.723
4.519
3.17
21.978
4.617
0.98
3.323
1.052
1.516
2.15
12.236
1.423
2.402
2.496
4.631
2.603
1.2790000000000001
2.274
11.584
1.235
2.9050000000000002
2.681
2.289
2.122
1.841
2.214
10.374
3.807
4.827
13.293000000000001
2.864
3.8000000000000003
2.329
3.865
3.472
1.8960000000000001
3.402
4.482
2.2560000000000002
2.634
1.774
1.706
2.448
7.853
1.588
1.181
4.5280000000000005
3.688
1.813
5.49
2.054
0.855
3.418
1.678
0.991
3.396
1.289
6.378
1.3880000000000001
11.399000000000001
9.068
2.586
1.197
1.46
1.794
3.726
1.545
3.827
1.685
1.98
1.1420000000000001
7.805000000000001
4.4190000000000005
2.2600000000000002
6.293
7.5
3.088
1.6540000000000001
2.245
1.416
1.187
7.8660000000000005
3.843
1.342
5.206
2.958
1.29
3.806
1.7850000000000001
4.727
3.523
5.327
3.278
2.816
4.995
1.564
2.365
1.675
1.564
3.173
5.876
0.973
1.5150000000000001
1.24
2.497
8.99
1.6300000000000001
6.224
1.723
2.755
9.345
2.875
13.063
2.987
1.387
3.619
10.846
2.255
1.243
2.098
0.933
2.059
1.963
3.912
1.119
3.358
1.805
6.141
0.995
1.567
4.583
1.468
3.871
2.453
2.455
12.377
2.261
6.035
2.088
1.668
3.02
18.454
3.908
2.498
2.817
1.055
7.069
1.946
4.585
1.443
1.972
1.071
8.351
1.85
2.0
1.546
2.386
2.682
1.032
1.69
1.494
4.604
1.294
1.561
7.17
5.414
1.316
4.022
6.3420000000000005
4.142
11.647
1.082
8.167
3.5540000000000003
1.26
2.609
6.199
6.5760000000000005
2.081
2.684
4.3260000000000005
2.838
3.016
1.445
3.674
2.873
7.987
1.299
2.117
1.3980000000000001
1.347
1.943
13.169
1.938
1.472
2.8040000000000003
3.383
6.213
16.171
1.549
2.981
18.011
3.586
1.278
1.274
4.079
2.115
4.558
2.1590000000000003
15.451
8.865
2.212
0.896
0.987
1.127
1.293
3.091
1.441
1.687
3.844
3.852
1.837
5.234
4.246
4.822
4.414
2.0
1.645
4.505
2.6430000000000002
1.169
1.1
1.416
4.406
1.2650000000000001
1.317
2.335
7.662
2.4010000000000002
9.087
2.719
0.925
3.531
1.926
1.459
2.695
1.619
1.457
9.734
4.999
1.2510000000000001
6.373
2.105
2.322
1.6280000000000001
1.2790000000000001
5.065
0.987
1.196
1.344
1.653
1.094
4.8950000000000005
5.502
2.113
1.395
2.243
4.839
2.782
1.245
1.546
3.318
1.308
4.063
1.612
2.058
5.979
1.687
2.382
1.861
1.374
0.997
7.332
2.451
1.336
1.488
8.467
5.51
1.0
3.442
6.341
1.262
1.861
1.719
1.163
4.078
1.927
1.951
1.687
1.864
1.909
1.314
2.7840000000000003
2.834
1.292
5.184
3.919
2.887
1.1420000000000001
28.091
2.052
2.239
1.367
4.748
3.0460000000000003
2.029
1.444
1.732
6.3660000000000005
4.048
3.436
3.386
2.211
1.254
3.164
3.713
4.6000000000000005
1.1460000000000001
3.263
1.047
1.889
1.615
2.383
1.2630000000000001
2.354
2.142
4.437
3.686
2.013
1.7550000000000001
6.191
1.358
2.516
8.476
1.547
5.397
2.235
1.706
2.584
3.2720000000000002
19.194
1.073
1.741
1.508
2.327
2.205
1.1260000000000001
2.0
1.743
1.796
2.6390000000000002
2.737
19.037
1.29
2.179
1.807
1.375
1.9100000000000001
3.1830000000000003
2.186
1.37
2.705
1.599
1.383
1.0130000000000001
1.619
1.41
1.101
1.6580000000000001
1.85
3.0220000000000002
1.448
4.463
1.927
4.4
3.156
5.848
5.423
6.16
10.873000000000001
5.4030000000000005
2.437
3.87
2.391
4.1
1.165
2.295
5.845
1.157
2.095
6.599
4.511
1.084
1.534
10.71
2.21
6.513
1.411
8.952
2.148
4.555
4.208
3.728
1.178
1.288
3.336
1.721
2.759
1.7610000000000001
6.029
2.68
2.6470000000000002
2.122
7.687
2.096
5.183
3.35
2.732
1.422
2.3810000000000002
1.5
1.039
2.207
7.871
1.242
1.079
1.661
2.813
2.927
2.126
2.233
1.7890000000000001
13.289
3.3890000000000002
2.278
1.95
4.136
1.4020000000000001
1.637
1.6440000000000001
2.362
1.312
5.752
2.503
1.357
2.873
1.7590000000000001
1.05
2.828
4.922
2.05
1.427
2.21
1.613
6.506
4.635
4.233
2.847
2.44
6.845
1.996
3.224
1.414
4.336
8.562
3.2880000000000003
2.432
1.431
2.533
2.504
1.274
10.248
2.301
1.012
1.562
3.708
2.3850000000000002
1.208
5.514
1.272
5.508
1.693
2.456
5.607
1.623
2.219
4.474
1.25
2.118
1.923
7.425
1.629
1.337
3.958
1.338
8.531
1.199
1.3840000000000001
1.524
3.084
10.584
2.3970000000000002
1.434
3.243
2.1430000000000002
1.968
0.919
1.026
1.3
3.69
2.404
1.228
1.407
3.079
1.464
3.4210000000000003
0.978
4.922
1.7690000000000001
2.129
11.651
2.02
1.434
7.43
15.699
2.7640000000000002
1.595
3.294
2.023
4.45
3.791
2.071
3.765
3.08
1.8780000000000001
1.9080000000000001
2.653
5.814
0.936
1.375
2.588
2.5540000000000003
2.509
3.911
1.343
2.399
4.197
6.285
1.278
5.622
8.039
4.037
1.451
3.379
2.454
1.207
2.456
1.809
2.552
2.248
1.741
4.198
1.34
1.437
4.808
2.794
0.9410000000000001
3.1270000000000002
2.449
0.87
1.491
2.797
1.55
1.294
2.21
1.078
1.469
2.529
1.189
1.095
3.5060000000000002
1.808
1.294
1.231
2.622
3.766
1.592
3.991
2.254
1.3940000000000001
3.372
1.891
2.601
1.352
1.452
4.501
3.656
1.0050000000000001
3.119
1.657
5.469
6.3870000000000005
1.283
2.725
2.009
3.2920000000000003
2.4050000000000002
5.622
1.094
1.117
3.6750000000000003
1.762
1.451
7.5600000000000005
5.73
2.045
2.9410000000000003
2.895
4.615
5.506
2.2
2.172
1.458
1.3900000000000001
1.156
1.0110000000000001
1.686
5.327
6.689
5.54
1.2650000000000001
5.014
0.88
4.63
1.147
4.739
1.5210000000000001
6.603
1.383
5.156
1.481
2.335
1.057
1.045
3.781
1.7830000000000001
1.579
2.097
1.051
1.617
3.427
1.188
1.091
1.428
7.726
1.522
2.426
2.2680000000000002
1.866
2.189
1.564
3.888
15.782
1.23
6.997
1.157
1.6400000000000001
6.894
7.812
2.44
1.18
1.7710000000000001
1.401
1.967
1.8760000000000001
1.6480000000000001
1.177
2.8850000000000002
2.509
3.452
1.982
2.379
2.106
1.625
2.977
6.2490000000000006
1.335
4.579
1.879
2.586
3.266
2.2760000000000002
0.789
1.842
1.6580000000000001
1.008
4.343
1.6
1.05
3.43
1.25
2.975
4.396
1.7650000000000001
2.033
2.668
0.8250000000000001
1.107
1.2750000000000001
1.491
2.674
3.372
2.3810000000000002
3.211
1.391
1.612
14.188
4.869
6.3740000000000006
1.965
1.4040000000000001
3.616
3.653
1.559
2.31
2.836
3.125
3.426
1.53
1.681
5.564
3.004
2.98
14.389000000000001
2.344
1.599
3.605
2.0180000000000002
2.081
1.965
14.431000000000001
1.655
8.07
6.985
6.049
6.115
1.59
1.28
3.13
3.427
3.701
2.962
2.322
1.7550000000000001
1.3800000000000001
1.354
1.702
1.305
1.866
11.258000000000001
0.851
8.336
16.108
1.5030000000000001
3.098
4.867
7.644
1.339
2.604
1.7
2.713
1.486
16.522000000000002
2.644
4.916
1.537
1.104
1.823
2.305
7.8260000000000005
1.803
11.615
0.929
7.1690000000000005
9.549
1.264
3.431
1.801
3.357
5.16
1.604
1.653
6.807
3.2
1.109
1.471
8.82
11.4
1.85
2.313
2.9330000000000003
1.815
1.672
1.3760000000000001
2.313
8.965
0.998
1.421
2.029
2.233
2.324
1.839
2.055
5.9270000000000005
2.911
1.545
3.541
5.752
9.741
13.178
4.696
1.389
3.677
2.379
2.186
2.795
2.091
6.748
1.216
2.52
3.113
4.415
1.881
0.842
4.831
1.764
6.714
1.151
6.696
4.588
2.963
4.755
5.6530000000000005
2.636
3.335
1.6260000000000001
2.0220000000000002
1.421
2.947
4.259
4.09
1.8760000000000001
1.215
12.111
3.015
2.935
1.627
2.556
2.455
3.109
4.407
2.936
3.3770000000000002
1.281
1.968
1.339
4.172
2.29
3.612
7.434
18.722
1.71
1.49
9.439
6.804
1.482
11.719
2.5100000000000002
2.827
1.1360000000000001
2.966
1.2570000000000001
1.77
3.178
2.553
1.551
2.6750000000000003
1.135
9.946
1.683
1.303
8.327
1.124
4.684
1.049
14.19
1.0050000000000001
1.33
17.355
6.658
2.297
4.321
7.862
5.514
1.704
1.605
5.38
1.677
1.3760000000000001
4.941
0.908
5.766
3.203
4.238
2.174
5.394
2.04
1.205
1.836
1.8780000000000001
6.057
3.698
2.106
2.444
1.574
1.587
1.414
1.156
1.768
2.243
6.462
1.184
5.89
1.547
3.382
1.514
1.594
1.184
2.054
1.301
1.283
1.391
5.21
1.73
1.139
3.857
3.051
1.53
3.025
4.936
3.347
1.335
15.588000000000001
4.647
2.387
2.1310000000000002
3.608
2.278
3.0180000000000002
2.7640000000000002
2.2720000000000002
1.361
4.738
2.466
1.71
6.742
1.587
4.255
1.997
5.359
2.187
13.898
0.9570000000000001
1.48
14.352
4.574
3.3200000000000003
1.579
2.2800000000000002
2.525
2.032
3.162
4.008
2.46
5.04
2.513
1.124
1.5
2.315
4.282
3.315
3.819
2.291
2.468
3.81
2.986
2.951
1.7810000000000001
7.671
1.997
3.85
5.251
1.097
1.802
5.3260000000000005
1.551
1.669
3.0460000000000003
21.555
5.141
2.1310000000000002
1.191
1.9140000000000001
3.857
4.633
1.728
1.541
3.23
1.078
3.208
3.1310000000000002
6.651
2.039
2.948
2.681
0.961
5.827
1.691
1.369
5.585
4.338
17.948
1.444
2.879
1.758
1.171
1.852
1.588
2.928
2.0340000000000003
1.075
2.4210000000000003
1.405
1.091
1.045
2.7960000000000003
0.989
5.776
2.8970000000000002
1.05
5.955
2.207
1.915
1.0110000000000001
1.311
12.372
2.274
2.045
2.9170000000000003
2.165
2.681
6.019
1.576
7.772
2.206
3.386
1.444
2.056
1.179
2.398
9.201
1.496
5.516
12.878
0.895
0.76
2.7800000000000002
9.126
7.72
1.45
3.634
3.634
0.9500000000000001
1.1260000000000001
2.541
2.734
2.438
1.7830000000000001
2.833
4.175
1.048
8.571
1.02
1.851
1.2750000000000001
10.192
1.305
4.734
3.35
2.279
10.078
1.198
1.641
1.232
1.62
4.51
4.809
1.516
1.4020000000000001
1.897
8.478
1.2670000000000001
15.687000000000001
5.413
3.579
5.175
4.987
1.212
2.865
7.479
1.823
1.913
20.965
3.604
1.7750000000000001
4.313
11.445
1.125
3.266
1.21
2.416
2.146
4.845
7.3180000000000005
4.1290000000000004
5.646
3.287
8.605
0.908
1.429
18.55
2.926
4.456
2.763
2.196
2.628
5.355
4.711
1.458
1.428
1.093
0.978
2.4170000000000003
1.304
5.513
2.958
3.587
5.448
2.991
1.347
2.94
1.5070000000000001
1.651
13.439
1.377
1.563
1.033
1.784
6.484
3.723
4.231
37.971000000000004
1.672
2.9290000000000003
0.975
4.367
2.156
3.9290000000000003
2.82
1.04
23.407
3.109
1.1360000000000001
1.3960000000000001
1.532
0.93
5.041
3.348
1.834
2.81
1.012
2.1750000000000003
10.532
4.5200000000000005
1.772
1.3860000000000001
1.325
1.869
3.303
13.273
4.88
3.1270000000000002
1.569
24.904
1.233
3.313
5.732
1.933
1.324
2.412
1.492
1.1380000000000001
1.6640000000000001
4.598
0.838
1.161
4.7940000000000005
5.202
1.1380000000000001
3.52
1.612
5.003
1.452
3.592
9.379
1.9080000000000001
2.591
1.416
3.61
6.892
1.374
1.72
5.033
3.208
1.73
1.125
2.072
0.966
1.07
3.878
2.099
4.893
5.982
3.621
15.76
4.328
2.355
1.104
1.307
1.532
12.834
2.612
2.168
5.396
1.119
1.75
6.372
2.773
2.087
1.08
1.5270000000000001
1.856
2.069
1.285
1.85
1.381
2.06
0.889
3.806
2.17
3.5060000000000002
4.7700000000000005
9.8
1.645
11.117
1.5030000000000001
1.6460000000000001
4.8420000000000005
1.236
4.532
2.197
3.013
0.86
16.565
2.813
2.258
8.328
0.899
8.471
1.2570000000000001
1.512
11.095
2.308
2.693
2.31
1.1360000000000001
2.919
4.908
5.63
7.807
2.992
4.055
1.599
1.051
3.248
1.1460000000000001
3.7110000000000003
2.077
2.196
0.8240000000000001
1.816
3.078
2.232
5.41
9.798
4.099
4.553
3.657
2.475
1.487
2.111
7.7540000000000004
0.987
1.331
1.549
3.619
1.659
4.99
2.854
5.471
1.391
3.858
4.265
3.17
2.802
0.9590000000000001
1.553
3.986
1.21
1.343
2.746
1.559
9.983
2.841
3.169
12.605
10.086
2.19
1.7850000000000001
0.979
6.764
3.317
3.0140000000000002
1.5270000000000001
1.125
13.235
13.556000000000001
3.77
2.309
3.8930000000000002
2.92
3.653
8.621
1.805
2.02
11.41
1.822
3.914
5.055
2.359
1.741
1.48
1.222
2.1430000000000002
1.683
3.0020000000000002
2.157
1.581
9.895
2.408
1.4020000000000001
0.9510000000000001
1.407
1.77
7.9
1.116
2.66
1.451
0.995
7.0440000000000005
4.8180000000000005
2.996
1.316
0.9460000000000001
1.532
2.074
1.441
1.381
8.186
1.452
2.317
2.444
2.689
1.091
1.923
2.274
1.837
3.3120000000000003
1.7910000000000001
0.9450000000000001
2.117
2.628
8.296
2.817
1.733
7.078
1.68
2.455
2.182
2.851
3.646
5.043
3.126
2.748
14.394
1.604
2.883
2.1630000000000003
2.641
3.0500000000000003
2.174
2.625
1.518
1.41
1.439
3.0300000000000002
6.909
3.249
2.758
5.796
2.721
2.157
12.433
1.55
1.288
2.442
2.378
2.481
4.706
2.364
6.788
2.626
2.336
1.799
2.656
1.063
5.288
2.351
2.56
5.275
5.556
1.364
1.37
1.447
1.499
2.234
5.8790000000000004
4.663
7.24
5.445
3.987
3.573
1.2630000000000001
4.824
1.995
1.21
1.5330000000000001
3.688
6.723
4.652
3.54
2.383
1.922
1.5270000000000001
5.541
2.122
6.3
2.241
2.329
3.0660000000000003
2.12
2.637
12.321
7.503
1.419
2.27
1.704
4.841
1.78
1.084
2.244
2.3810000000000002
1.875
4.017
8.859
1.795
2.1470000000000002
0.961
2.7960000000000003
3.5660000000000003
10.349
0.963
2.6630000000000003
8.622
4.579
1.157
4.812
2.637
4.166
14.139000000000001
2.6750000000000003
5.274
6.3870000000000005
0.8220000000000001
1.9140000000000001
1.459
2.731
1.778
3.115
1.201
1.247
5.74
3.451
3.758
1.336
1.84
7.984
4.871
1.3860000000000001
1.54
1.03
1.185
4.158
1.303
5.308
1.863
3.489
1.393
0.989
3.544
1.622
1.031
2.946
6.336
4.086
2.092
1.08
3.495
2.6830000000000003
3.202
3.4370000000000003
13.481
5.796
3.586
2.322
3.15
3.323
10.057
2.751
6.140000000000001
2.386
2.779
7.312
6.534
1.684
1.97
1.459
0.881
1.288
2.8080000000000003
0.68
2.949
1.44
0.974
1.403
3.2960000000000003
2.352
1.3800000000000001
2.29
3.158
1.74
1.603
1.8760000000000001
1.461
0.848
6.922
1.62
0.984
1.721
1.597
0.91
5.982
1.539
2.222
5.186
4.396
13.098
1.323
8.476
9.171
2.809
16.673000000000002
2.076
4.671
2.464
3.114
5.55
2.241
1.137
3.769
2.343
0.999
1.847
4.281
2.838
1.304
2.863
4.547
4.08
4.977
2.1590000000000003
2.184
1.087
1.296
2.023
2.229
2.122
9.584
11.511000000000001
1.6540000000000001
16.321
12.003
2.59
14.983
2.316
4.057
8.719
7.469
4.12
2.599
2.1430000000000002
3.023
8.669
1.467
1.611
1.6400000000000001
5.189
6.713
1.585
3.364
1.209
1.068
2.357
2.178
1.073
1.5110000000000001
2.845
2.573
1.99
2.6470000000000002
1.343
0.8310000000000001
1.729
4.767
4.586
3.391
2.987
1.039
9.443
1.5230000000000001
1.075
3.714
7.266
0.791
1.927
1.546
1.611
1.6380000000000001
1.469
13.238
1.718
1.604
2.254
4.25
1.085
1.538
3.1750000000000003
2.676
3.335
0.996
2.607
1.362
1.122
1.239
6.37
1.784
1.033
0.902
1.478
3.581
1.2670000000000001
2.556
5.514
1.6560000000000001
1.2690000000000001
0.982
2.098
1.98
1.617
5.159
2.213
6.596
1.086
3.91
1.141
1.3980000000000001
3.149
8.777000000000001
3.575
2.4210000000000003
5.5760000000000005
3.775
1.315
4.549
1.276
2.625
1.726
1.687
1.426
5.937
0.962
6.253
1.291
2.688
1.211
2.133
1.97
0.8240000000000001
14.198
2.353
3.227
2.0140000000000002
4.926
2.0220000000000002
3.454
2.213
1.35
1.193
1.356
4.487
1.173
8.096
2.559
1.1320000000000001
3.173
0.9590000000000001
3.958
1.885
2.141
2.807
3.221
2.479
2.918
14.17
1.362
0.933
2.444
2.7840000000000003
2.572
5.227
1.082
0.749
1.558
2.564
7.096
2.551
3.548
1.407
6.649
1.74
1.935
5.7700000000000005
9.214
11.172
7.196
1.43
1.774
2.585
1.087
1.374
2.007
1.665
4.134
5.878
17.666
1.733
1.315
2.0260000000000002
2.945
0.87
1.587
5.3100000000000005
2.063
2.759
2.859
2.834
4.159
2.732
2.6310000000000002
1.2
1.091
1.804
3.035
1.681
1.116
4.135
2.435
4.001
2.641
1.369
2.607
3.959
1.825
1.226
2.754
2.156
7.34
2.394
3.6
7.684
3.18
2.157
15.627
1.536
2.133
1.227
1.583
1.139
1.93
3.15
5.809
1.837
2.1630000000000003
3.408
8.429
3.234
0.836
3.27
4.789
3.704
1.762
3.337
2.368
1.056
3.694
1.725
3.743
4.398
1.548
3.713
1.836
1.621
3.4370000000000003
4.3950000000000005
2.852
1.702
1.7730000000000001
1.649
3.044
1.6280000000000001
1.5110000000000001
2.1390000000000002
1.618
1.708
1.243
0.916
1.887
2.35
2.186
1.09
4.675
5.617
1.722
2.193
4.848
1.365
2.952
0.963
2.7760000000000002
3.476
5.708
5.3790000000000004
2.706
1.339
1.9020000000000001
12.889000000000001
4.257
0.9450000000000001
1.592
2.605
8.603
2.3810000000000002
1.262
3.068
18.795
1.676
2.443
1.45
5.729
1.803
7.468
1.493
1.5170000000000001
5.415
1.8900000000000001
1.3820000000000001
2.1750000000000003
0.991
11.064
3.527
2.024
2.676
3.46
1.385
1.963
5.361
2.515
1.154
1.49
2.511
4.1
10.194
1.414
1.34
4.793
2.391
1.32
3.424
1.417
10.983
2.344
4.657
1.3920000000000001
5.139
10.399000000000001
7.253
2.958
2.8890000000000002
2.727
4.494
4.631
5.158
3.1950000000000003
5.2410000000000005
2.38
2.633
2.249
2.616
1.571
2.568
1.526
1.365
1.093
3.604
7.267
1.75
2.559
1.921
5.39
1.467
1.3840000000000001
3.302
3.174
4.288
0.9420000000000001
2.463
1.028
8.982
2.144
1.2510000000000001
4.888
1.885
2.795
3.283
1.965
3.594
8.734
3.959
4.0600000000000005
1.487
9.67
4.026
1.078
1.623
7.291
1.03
6.194
1.635
3.2840000000000003
2.132
3.8280000000000003
1.576
2.563
2.194
1.616
5.152
4.8580000000000005
1.8900000000000001
7.348
5.7170000000000005
2.918
9.669
4.575
2.997
1.993
4.002
2.47
1.37
1.156
4.841
2.94
4.372
5.734
0.9570000000000001
0.933
1.218
1.73
3.02
0.9570000000000001
2.134
1.082
1.603
1.961
1.133
3.7920000000000003
2.455
0.748
4.864
2.069
1.885
1.62
2.136
1.18
2.903
2.446
8.567
1.33
1.614
2.725
1.02
3.902
1.855
5.602
1.281
1.666
3.676
2.248
1.243
1.583
2.055
2.524
1.174
9.537
1.623
7.964
1.357
1.812
1.895
1.836
6.299
1.249
2.755
12.97
5.703
5.769
1.792
1.137
0.995
2.237
3.954
3.452
2.188
10.19
7.899
8.626
2.474
1.3820000000000001
1.385
2.383
1.544
2.081
1.159
3.509
3.849
2.945
4.139
3.524
2.048
4.957
3.18
3.797
5.05
1.04
2.0260000000000002
1.808
2.005
2.283
3.654
4.441
1.389
1.309
3.662
1.2730000000000001
3.765
3.577
1.837
2.821
1.335
1.595
1.793
1.78
3.349
0.897
1.25
1.423
2.61
1.313
1.306
1.73
1.156
2.176
1.9120000000000001
1.583
1.6520000000000001
1.0230000000000001
1.377
8.923
1.21
1.668
1.459
2.315
1.453
1.598
1.302
4.0
1.865
2.673
7.058
2.815
1.429
2.414
3.846
5.6450000000000005
2.406
1.2730000000000001
1.939
13.405000000000001
1.983
2.943
2.8040000000000003
1.231
2.701
3.616
4.37
3.472
1.472
2.441
17.916
3.257
3.648
3.203
7.115
1.617
4.441
1.518
2.0100000000000002
3.552
5.647
1.492
1.668
1.735
7.564
1.133
1.588
2.603
4.465
9.184000000000001
1.439
1.233
3.604
12.658
2.77
7.944
4.143
27.246000000000002
3.241
3.019
1.8840000000000001
7.908
1.157
1.669
3.408
1.164
1.824
3.461
5.569
2.009
7.603
1.723
1.713
5.034
2.493
2.075
2.997
1.297
2.839
2.254
7.191
2.999
0.968
6.345
1.7850000000000001
4.203
1.321
1.729
1.056
3.196
1.443
3.063
5.295
1.252
11.705
17.602
1.029
1.93
7.341
1.207
12.558
5.307
3.8970000000000002
5.059
4.373
0.983
3.541
2.369
0.912
1.928
2.096
2.162
7.394
2.2600000000000002
1.112
6.048
2.611
1.089
2.052
7.402
4.293
12.565
1.951
1.539
1.8860000000000001
5.718
1.186
4.454
1.537
4.727
1.649
2.333
2.619
1.457
9.817
1.447
3.86
2.278
1.782
11.947000000000001
0.867
20.533
3.642
2.074
1.713
1.355
1.915
2.9410000000000003
1.224
1.002
1.693
1.995
4.251
2.085
2.468
4.216
1.27
2.638
2.259
1.73
1.16
1.736
4.246
6.462
14.306000000000001
1.803
1.3960000000000001
1.861
10.886000000000001
2.6430000000000002
3.6910000000000003
4.829
7.1080000000000005
2.469
4.678
1.851
22.998
2.347
3.223
1.1300000000000001
1.673
6.924
2.179
3.361
8.672
4.5920000000000005
2.461
4.571
3.0340000000000003
2.88
7.1530000000000005
6.096
5.53
0.996
2.621
3.374
1.79
12.061
1.456
2.177
2.057
2.512
3.589
1.31
2.416
1.088
1.62
1.683
1.447
2.43
1.643
3.648
1.949
6.075
1.738
4.159
1.584
1.097
1.629
4.782
2.058
4.456
2.584
2.972
1.428
3.857
6.729
1.343
2.616
2.105
3.503
6.0520000000000005
1.412
1.668
3.571
2.09
1.217
2.279
5.7860000000000005
1.168
3.169
1.183
2.344
1.794
4.338
5.082
2.064
1.087
6.1690000000000005
1.869
0.904
3.333
1.363
4.003
1.317
2.196
6.6690000000000005
11.328
3.75
2.346
1.8780000000000001
1.178
1.109
2.724
2.487
0.92
2.88
2.919
6.125
7.123
3.021
2.898
2.119
2.537
3.295
2.493
2.287
2.249
10.524000000000001
2.138
1.166
5.74
1.41
1.322
1.449
9.753
6.069
2.102
2.5140000000000002
1.556
7.039000000000001
1.572
8.815
1.717
0.983
1.057
1.1260000000000001
2.035
2.567
14.224
1.448
2.617
0.85
2.059
5.3870000000000005
2.633
2.11
12.463000000000001
1.7670000000000001
0.9480000000000001
1.496
3.1590000000000003
3.118
1.538
1.242
1.728
0.842
2.806
3.833
1.7
1.807
2.016
7.206
16.476
1.278
3.576
2.722
14.84
5.295
2.614
4.013
1.846
3.986
1.7750000000000001
2.625
1.3940000000000001
1.093
6.011
3.1430000000000002
6.626
1.866
4.7250000000000005
2.128
1.573
1.177
5.562
9.466000000000001
3.238
1.416
20.455000000000002
1.6260000000000001
2.473
1.854
1.201
16.580000000000002
3.69
1.302
6.555
3.778
2.531
1.9000000000000001
4.136
2.927
2.153
1.827
2.112
1.699
2.085
2.564
2.142
1.1480000000000001
1.59
3.89
13.457
1.7810000000000001
2.46
2.898
2.63
1.0030000000000001
6.737
1.338
1.075
2.505
1.047
8.777000000000001
1.61
10.450000000000001
1.42
5.5520000000000005
3.203
19.319
5.347
1.1360000000000001
2.584
1.705
2.859
7.761
2.765
3.619
2.132
2.911
0.8130000000000001
1.857
1.415
1.183
3.4330000000000003
2.061
5.718
3.496
1.062
2.539
3.648
1.794
10.896
3.266
2.194
6.613
3.332
0.879
1.157
1.334
6.049
2.738
2.57
2.906
2.837
3.18
10.629
0.908
10.589
3.132
2.684
2.489
0.935
1.465
1.597
2.548
1.591
2.833
1.1340000000000001
1.538
1.215
1.469
3.0620000000000003
3.247
2.5180000000000002
3.263
17.646
1.367
14.075000000000001
7.336
1.356
3.493
1.151
0.851
7.463
1.552
1.211
4.4
1.588
1.156
2.3040000000000003
10.804
1.391
1.852
2.857
5.9110000000000005
2.6430000000000002
1.436
1.57
1.051
1.294
2.5500000000000003
10.558
1.34
12.785
1.847
12.466000000000001
2.133
3.745
3.572
2.682
2.321
5.373
1.472
1.489
1.164
7.417
4.23
1.776
1.868
2.055
1.191
5.359
0.992
2.9330000000000003
1.109
2.099
2.855
2.979
2.21
6.469
1.306
1.901
1.016
1.707
1.168
1.052
1.688
3.148
1.975
1.723
1.6600000000000001
2.206
2.1710000000000003
3.0100000000000002
2.536
4.128
3.517
6.082
5.126
6.542
1.749
2.169
2.1670000000000003
1.693
2.396
2.432
1.7670000000000001
2.258
1.467
1.039
2.979
2.16
2.15
3.6590000000000003
1.697
2.642
3.294
7.267
0.869
9.749
1.345
1.571
2.739
2.912
1.079
2.306
1.51
5.764
1.52
6.246
1.043
4.453
1.953
4.493
1.364
20.726
2.096
1.79
1.614
1.252
2.193
1.928
10.324
3.5
2.176
3.005
2.524
4.112
2.8890000000000002
2.178
3.257
4.747
14.148
6.175
16.013
1.331
1.5250000000000001
2.5020000000000002
1.841
6.195
1.98
2.34
1.947
2.856
0.96
1.163
1.676
1.726
1.1320000000000001
2.027
1.665
1.772
1.161
1.8880000000000001
3.749
1.922
3.5820000000000003
4.5
7.067
2.263
3.8970000000000002
2.96
1.839
3.382
3.7600000000000002
2.783
4.765
0.841
2.478
1.048
1.732
1.227
2.203
6.601
1.959
4.341
1.843
2.472
2.033
1.788
2.439
3.2960000000000003
3.319
3.932
1.976
5.333
0.89
3.091
1.722
2.1470000000000002
9.344
1.891
3.603
2.516
2.579
1.453
1.637
5.921
3.517
1.82
12.485
2.387
1.9160000000000001
1.7770000000000001
2.0140000000000002
3.415
2.418
1.675
3.36
3.404
2.529
1.492
5.707
2.944
2.84
1.817
11.062
1.427
3.071
6.295
3.531
2.441
1.7650000000000001
1.443
2.598
4.064
6.824
2.7720000000000002
3.501
1.966
3.18
2.319
1.201
10.464
1.296
1.895
2.129
1.339
1.203
1.693
2.032
1.928
1.494
1.34
1.337
4.616
3.338
1.143
1.409
2.048
1.671
3.356
1.456
1.451
1.668
1.46
1.072
2.6550000000000002
8.422
3.371
0.763
1.313
5.3740000000000006
1.044
4.676
3.165
6.486
2.467
1.706
3.834
4.458
1.31
6.476
23.254
4.994
7.166
1.58
0.848
3.62
0.93
1.217
1.491
2.258
3.738
3.251
1.193
1.554
1.8900000000000001
1.522
3.656
7.784
3.259
1.7590000000000001
2.257
2.568
5.045
1.016
1.653
3.338
2.215
1.299
1.92
1.9180000000000001
0.987
1.055
4.74
1.934
3.1350000000000002
2.379
8.083
5.578
1.506
1.303
1.489
1.619
0.978
1.685
6.122
1.42
3.327
3.2
3.141
1.6460000000000001
3.5700000000000003
1.346
2.115
38.347
3.541
4.634
2.349
2.234
2.262
2.552
2.6590000000000003
2.297
2.166
9.159
1.647
5.76
5.237
2.082
1.868
8.944
2.842
2.587
1.099
1.195
2.985
4.551
1.1500000000000001
1.415
1.29
9.663
3.7800000000000002
5.939
1.794
2.601
1.703
11.972
1.745
4.8870000000000005
1.088
0.904
1.124
2.616
1.7790000000000001
2.176
5.586
3.0220000000000002
3.482
2.839
1.2790000000000001
1.288
1.346
2.93
2.001
1.309
1.541
4.716
7.421
2.488
1.772
1.3940000000000001
3.36
0.9590000000000001
1.436
1.209
4.596
6.219
1.605
5.878
1.992
7.894
1.853
1.428
5.974
1.37
1.4020000000000001
1.589
1.2610000000000001
12.089
3.021
0.9460000000000001
1.444
2.9250000000000003
16.083000000000002
1.719
3.99
3.121
3.052
3.805
8.933
2.013
1.297
1.108
4.543
1.3840000000000001
2.884
1.8960000000000001
1.272
1.7690000000000001
1.215
4.694
1.121
11.951
1.387
3.103
16.038
1.666
2.852
3.4050000000000002
2.491
7.312
1.311
2.416
1.845
0.8320000000000001
2.217
1.25
2.356
2.255
4.277
1.164
1.639
3.754
2.618
2.152
2.204
5.2410000000000005
1.593
3.342
1.833
1.484
1.363
2.1550000000000002
2.037
2.433
1.055
2.719
2.942
3.053
1.16
1.436
1.536
2.297
2.462
2.094
10.889
2.021
2.713
2.519
3.938
1.9080000000000001
3.428
4.6450000000000005
2.886
1.609
1.7830000000000001
0.892
3.5180000000000002
2.612
2.872
3.597
1.6460000000000001
3.8120000000000003
3.136
1.861
2.396
2.416
1.95
1.468
4.19
1.508
2.605
3.708
6.066
2.18
2.993
5.0760000000000005
3.6470000000000002
1.938
2.267
1.016
6.827
2.681
1.825
3.439
2.453
1.849
3.64
0.96
1.901
2.743
3.604
4.61
2.407
4.707
1.091
1.443
1.199
2.362
1.1340000000000001
1.544
1.3960000000000001
2.07
1.321
8.188
1.5090000000000001
2.04
6.8660000000000005
1.231
2.443
1.361
1.369
1.215
6.266
1.615
1.412
2.315
1.183
2.966
1.9080000000000001
17.049
7.098
2.232
3.593
2.457
1.605
1.42
2.149
5.851
3.133
1.843
5.5120000000000005
2.844
2.0
5.753
2.25
3.817
2.214
6.087
1.451
9.602
2.87
6.761
5.289
1.532
1.594
3.673
5.276
1.749
4.059
5.625
1.938
1.442
1.154
3.634
1.639
0.933
2.719
2.136
2.359
1.245
2.817
1.268
1.247
15.458
2.081
1.213
6.938
1.592
0.999
2.024
1.951
2.2920000000000003
1.309
1.589
2.548
13.138
4.952
1.988
3.24
1.6560000000000001
1.854
5.2170000000000005
2.497
1.801
1.244
0.9420000000000001
2.6790000000000003
1.99
6.445
1.956
1.225
2.682
3.186
0.736
4.203
2.524
1.547
1.92
1.7690000000000001
2.504
4.331
2.996
0.8150000000000001
8.854000000000001
3.394
4.232
1.887
2.148
2.6470000000000002
1.41
2.204
1.586
3.087
4.373
2.228
1.334
5.456
4.354
1.833
1.795
1.05
1.672
1.689
3.992
4.388
1.341
1.542
1.95
2.19
4.743
1.83
1.0
2.184
1.889
12.498000000000001
2.247
1.559
1.229
3.619
2.032
2.753
3.979
3.73
2.003
3.344
4.256
2.25
8.134
1.678
3.1550000000000002
1.417
1.401
4.267
3.529
2.361
1.188
3.241
0.892
5.986
9.478
5.47
3.958
2.094
2.759
3.212
1.682
4.752
1.583
5.465
1.53
4.525
6.188
2.469
5.692
5.103
0.973
2.531
3.023
6.05
1.802
4.428
1.684
1.9120000000000001
2.224
1.162
1.7850000000000001
5.293
1.245
1.937
2.041
1.55
2.729
2.633
3.567
5.396
2.266
1.351
2.2600000000000002
1.237
7.688
2.9170000000000003
2.057
5.319
1.371
1.173
1.37
1.489
1.206
3.557
1.798
1.543
10.372
0.854
1.61
2.754
2.228
2.335
2.3890000000000002
1.037
1.2690000000000001
13.709
5.165
4.15
1.417
4.644
1.979
2.523
0.997
8.626
1.6380000000000001
2.568
3.521
1.096
4.1290000000000004
4.074
1.616
2.761
2.88
1.969
4.448
1.285
2.532
1.949
3.806
1.213
2.36
4.957
1.788
2.253
2.547
1.337
3.931
1.811
1.121
3.257
7.957
1.379
0.961
6.582
1.299
2.922
2.223
2.111
2.14
2.378
9.188
6.471
6.727
5.58
1.542
2.213
0.8250000000000001
1.495
2.372
6.599
1.8780000000000001
4.714
3.739
12.311
3.41
3.11
1.084
0.865
9.023
5.456
1.223
1.674
0.794
1.874
3.105
1.5110000000000001
2.335
2.536
3.037
1.752
1.6560000000000001
2.224
8.085
1.145
1.23
5.918
2.6550000000000002
5.6290000000000004
1.978
1.772
2.914
4.48
1.037
4.531
1.81
4.156
9.51
3.486
1.369
2.0140000000000002
1.749
5.132
1.172
3.4530000000000003
1.008
2.005
4.376
1.221
0.911
8.209
2.049
28.255
3.979
2.227
0.931
5.359
2.001
2.468
1.249
3.966
1.297
1.177
2.379
3.384
3.289
1.5070000000000001
1.173
2.693
2.606
1.825
2.521
2.504
1.223
5.098
1.7850000000000001
1.8980000000000001
1.349
3.303
2.003
2.192
7.114
3.138
6.165
4.934
1.55
2.54
4.0200000000000005
3.766
4.9910000000000005
1.9120000000000001
6.4990000000000006
1.473
1.618
1.135
1.1380000000000001
0.993
4.998
2.5460000000000003
3.672
2.392
2.348
4.745
4.249
1.358
4.146
14.055
1.827
1.528
1.2790000000000001
3.481
1.112
0.892
1.153
7.279
3.577
2.895
2.223
1.5290000000000001
2.859
4.915
3.459
3.427
1.744
0.906
1.338
2.076
3.244
5.774
1.419
15.688
1.686
1.98
2.162
1.978
7.229
5.47
1.322
4.284
4.743
1.418
1.004
7.436
10.158
4.497
1.484
1.499
4.152
4.1770000000000005
1.051
1.844
2.537
1.485
11.387
2.071
1.784
2.578
1.817
2.017
3.015
3.068
4.423
1.226
5.681
4.106
1.026
3.946
1.423
1.702
2.477
2.058
4.48
2.198
1.597
2.49
3.815
1.839
1.349
1.741
1.164
1.939
4.412
2.441
4.502
5.0920000000000005
3.705
1.6540000000000001
1.452
3.035
3.407
1.859
1.619
0.995
1.431
2.701
3.338
1.883
1.919
1.326
0.985
4.508
4.795
19.419
1.438
1.997
12.335
1.286
0.882
4.971
1.236
1.1320000000000001
0.899
1.458
1.354
7.508
1.024
1.061
1.461
2.686
1.5170000000000001
1.444
2.114
5.51
2.477
1.1460000000000001
1.665
1.666
1.975
1.246
0.889
5.807
0.9580000000000001
3.0140000000000002
3.08
5.532
1.166
3.747
6.816
2.701
1.457
3.323
1.617
2.449
1.957
1.073
2.976
2.94
9.715
1.674
2.822
1.117
2.0340000000000003
9.26
1.459
5.227
1.932
2.224
1.631
1.704
4.446
2.931
1.066
1.029
7.144
4.099
1.106
2.07
1.066
4.232
4.752
2.424
4.345
2.411
1.7690000000000001
1.815
4.803
1.219
14.666
2.318
1.44
3.489
1.488
3.8160000000000003
7.162
15.844000000000001
0.71
0.874
1.559
24.462
1.93
3.017
1.178
1.565
4.378
1.598
2.5460000000000003
1.411
4.059
4.065
1.072
1.6460000000000001
1.943
1.291
7.038
1.2790000000000001
7.327
0.801
1.068
2.859
11.716000000000001
1.416
2.7
1.629
7.668
1.786
2.239
1.24
11.693
4.039
1.451
2.5300000000000002
1.539
3.997
2.0140000000000002
1.782
5.835
3.847
5.306
2.731
2.922
4.241
2.116
1.778
12.085
2.684
1.736
1.71
1.981
1.115
4.114
2.021
8.328
4.446
2.587
8.247
1.959
1.5070000000000001
3.345
2.865
2.1710000000000003
14.478
1.592
1.095
3.158
1.424
3.371
1.455
2.857
2.705
1.939
1.845
1.6500000000000001
0.845
6.6850000000000005
1.864
2.786
4.059
1.114
11.875
5.553
2.473
2.48
4.607
15.793000000000001
3.218
1.1
3.036
7.133
9.163
2.816
6.8950000000000005
7.673
6.033
3.335
2.583
2.1470000000000002
1.788
4.811
1.103
3.351
1.305
6.258
2.531
1.754
3.016
4.071
1.045
1.423
4.414
27.765
1.2530000000000001
3.457
2.9250000000000003
16.349
3.061
1.657
12.790000000000001
2.476
1.198
1.734
1.018
23.641000000000002
2.3890000000000002
1.713
1.381
1.34
8.712
2.942
1.557
12.744
28.421
1.488
2.628
1.336
2.684
10.608
7.787
1.325
2.214
3.107
1.131
9.879
1.569
1.58
1.48
4.248
1.883
4.159
2.184
1.7
2.414
1.806
1.358
1.558
3.22
1.921
9.018
1.452
1.909
1.254
3.74
0.975
16.079
11.967
5.893
2.1710000000000003
2.194
2.099
1.997
5.44
3.844
3.491
6.007000000000001
7.071
8.358
3.906
4.832
8.067
1.729
6.934
5.607
1.339
0.983
7.507000000000001
4.189
1.743
6.25
1.364
2.719
1.363
4.804
12.034
2.036
2.681
3.178
2.08
6.963
6.304
2.402
3.348
1.8820000000000001
1.933
1.031
4.104
1.568
3.4130000000000003
1.797
1.76
2.443
1.926
2.692
1.948
1.579
1.5050000000000001
2.297
5.5680000000000005
3.1510000000000002
2.387
1.946
2.504
3.225
5.662
15.307
15.996
2.13
4.194
2.7520000000000002
2.109
1.1280000000000001
1.452
3.4170000000000003
1.543
3.858
9.034
1.909
2.003
2.953
0.9
6.3580000000000005
1.96
4.9430000000000005
2.697
1.172
6.061
2.411
4.5680000000000005
8.861
3.06
1.104
7.339
2.234
6.213
1.3900000000000001
3.7
2.742
1.605
2.5100000000000002
2.508
4.849
2.505
3.004
3.71
3.083
1.302
2.278
1.031
1.177
3.081
0.913
4.243
1.371
8.368
3.228
3.9290000000000003
2.642
2.0180000000000002
1.619
2.955
2.608
2.508
1.615
3.122
2.037
1.068
1.347
1.341
3.599
4.0920000000000005
1.909
2.436
1.711
1.249
1.6480000000000001
1.552
1.397
2.853
1.2590000000000001
3.527
1.546
1.21
2.6
3.42
2.444
3.241
1.041
1.53
2.0
4.8100000000000005
4.679
1.228
2.695
1.46
1.045
5.623
1.944
2.161
1.622
6.317
2.9290000000000003
1.852
2.524
6.571
3.456
1.314
3.334
2.769
1.051
5.984
4.626
2.623
5.915
2.57
4.916
3.162
1.289
13.295
4.675
3.791
6.96
1.6600000000000001
1.817
1.492
2.1630000000000003
12.0
4.718
2.101
5.97
2.729
2.188
1.2510000000000001
5.2860000000000005
1.971
1.207
1.332
0.92
1.4000000000000001
17.376
2.615
2.669
1.367
1.811
1.8840000000000001
2.398
6.181
2.0020000000000002
15.616
3.615
14.439
1.673
1.877
1.341
2.638
2.691
1.3900000000000001
2.831
3.888
2.896
5.107
2.004
1.594
1.857
1.49
2.435
11.233
2.923
5.0920000000000005
2.327
4.9270000000000005
1.556
1.522
2.638
1.599
1.2710000000000001
1.422
2.05
3.13
4.968
2.612
3.5740000000000003
1.8940000000000001
2.623
4.293
2.318
1.423
3.5820000000000003
1.417
3.0620000000000003
1.17
3.955
1.201
6.412
1.101
2.39
4.098
2.218
1.6280000000000001
2.886
1.979
1.688
8.278
3.343
6.228
3.202
3.086
5.011
5.132
2.656
13.75
1.383
1.661
16.738
6.2940000000000005
1.468
2.08
2.1270000000000002
1.486
2.503
2.733
1.934
4.224
1.372
1.599
3.351
2.119
1.1320000000000001
1.568
1.818
3.955
3.507
7.325
1.434
2.5100000000000002
2.321
3.547
5.149
1.866
1.663
1.268
1.854
0.975
1.139
1.079
1.301
2.461
3.604
1.381
4.039
9.477
31.811
7.551
9.618
2.735
1.7790000000000001
4.077
3.462
1.7910000000000001
8.867
1.496
1.354
4.566
1.6380000000000001
1.6600000000000001
1.981
1.1400000000000001
3.258
1.165
2.829
1.149
3.928
1.6
1.209
2.568
1.828
0.898
3.6910000000000003
15.124
1.977
1.426
1.6440000000000001
4.099
1.467
3.206
1.9120000000000001
1.571
1.443
1.573
1.463
1.195
1.723
1.44
2.13
2.32
2.56
7.3340000000000005
1.431
2.994
0.845
2.978
1.622
1.296
2.428
4.337
1.7510000000000001
1.6360000000000001
1.059
0.885
2.319
1.689
0.896
4.4430000000000005
1.824
4.564
2.1670000000000003
0.8160000000000001
1.74
1.373
2.244
1.288
0.92
2.33
2.192
2.849
2.523
3.165
1.97
4.6450000000000005
3.294
2.72
14.338000000000001
1.488
1.3800000000000001
0.986
11.677
3.86
2.009
7.446
3.793
1.655
3.431
1.9020000000000001
1.099
1.566
2.612
6.035
2.367
2.298
2.973
1.453
10.603
12.67
1.679
1.669
2.851
1.348
1.463
2.312
1.309
2.496
16.827
2.738
1.3940000000000001
2.1350000000000002
2.547
23.545
10.994
6.873
1.577
4.936
3.404
1.701
8.997
5.54
5.438
3.938
3.005
10.727
5.734
1.981
4.3420000000000005
3.661
8.412
2.078
1.801
2.0060000000000002
3.126
1.59
3.295
1.972
1.683
5.912
3.234
9.081
2.083
2.873
9.308
2.1510000000000002
1.6300000000000001
3.5420000000000003
13.991
0.914
3.64
1.7650000000000001
4.639
5.42
1.797
1.616
4.638
2.698
3.101
2.086
2.765
11.859
1.185
1.83
1.27
1.186
0.9520000000000001
1.567
3.269
5.064
3.926
12.46
1.698
4.853
1.189
1.214
1.34
4.964
1.881
10.499
1.6400000000000001
2.1270000000000002
2.179
2.059
2.419
28.526
2.704
5.508
3.06
4.4670000000000005
5.704
2.099
3.5540000000000003
1.46
12.051
1.452
1.7770000000000001
1.532
3.952
1.749
1.186
3.321
1.256
3.118
6.017
2.086
0.9490000000000001
1.1440000000000001
4.901
7.025
2.216
4.997
1.951
2.7840000000000003
1.595
2.39
1.219
6.298
1.287
1.102
3.8890000000000002
7.603
8.643
1.851
3.749
4.144
1.861
10.515
1.627
2.27
4.697
1.711
13.912
1.463
2.613
2.0300000000000002
2.3770000000000002
1.607
2.625
2.537
1.7770000000000001
1.135
3.303
3.6270000000000002
2.661
4.679
1.537
3.262
1.967
1.135
6.075
1.333
3.557
13.837
2.297
1.9140000000000001
6.843
0.998
2.593
6.284
2.0140000000000002
1.928
4.9830000000000005
5.368
1.149
11.743
5.502
3.326
1.928
1.479
4.657
3.878
4.83
1.3780000000000001
2.335
1.414
3.067
1.998
2.3000000000000003
3.598
2.566
1.463
1.8760000000000001
2.273
9.044
3.156
3.22
7.23
1.359
6.796
2.54
3.727
1.688
2.814
1.961
2.74
1.179
1.42
2.5420000000000003
7.906000000000001
2.459
2.0140000000000002
7.398000000000001
1.618
4.939
17.68
1.313
1.512
3.884
2.694
1.548
10.152000000000001
2.209
4.261
0.853
7.716
11.358
6.035
2.866
8.338000000000001
4.094
3.172
1.054
4.4030000000000005
3.869
1.749
1.034
2.466
2.922
10.157
1.098
1.998
2.43
3.472
1.117
1.485
8.48
2.029
4.869
2.623
1.756
5.378
18.406
8.715
3.7880000000000003
2.089
2.293
5.415
2.844
7.465
1.483
4.711
3.963
1.0090000000000001
1.692
1.917
3.246
2.963
1.556
4.027
14.494
7.8500000000000005
1.6600000000000001
1.369
1.22
1.561
1.53
1.282
1.6480000000000001
2.983
1.1360000000000001
1.987
0.974
1.097
1.147
1.315
3.0
1.77
2.649
2.357
1.443
2.0140000000000002
3.138
6.556
1.383
10.786
9.94
2.5140000000000002
1.461
2.011
1.7910000000000001
3.094
1.885
3.7
7.7490000000000006
2.313
12.734
3.209
1.498
1.678
3.0660000000000003
1.302
5.187
4.2620000000000005
1.498
1.416
3.696
4.956
15.468
3.642
3.202
4.944
1.621
8.153
2.6270000000000002
9.105
1.84
4.654
1.565
1.575
1.1500000000000001
2.453
1.674
2.032
5.501
1.035
3.681
1.247
7.4350000000000005
3.321
2.832
1.573
7.299
0.9560000000000001
19.163
2.319
11.474
3.1830000000000003
3.922
1.117
2.096
4.024
1.227
1.651
3.31
3.333
4.557
2.232
3.396
3.54
1.903
11.529
2.936
1.588
1.1480000000000001
1.582
2.133
3.5180000000000002
2.1430000000000002
1.088
1.522
1.2530000000000001
4.909
1.931
1.367
1.823
2.232
1.9080000000000001
3.878
2.3970000000000002
2.427
2.33
4.26
4.361
1.99
3.536
2.932
1.5330000000000001
2.914
1.468
2.011
9.266
8.031
2.049
2.774
0.962
3.73
2.739
2.219
7.253
10.334
1.276
1.45
3.073
1.297
2.423
3.11
2.44
3.1390000000000002
2.77
5.992
1.071
4.894
3.6710000000000003
1.2750000000000001
3.134
1.6560000000000001
1.9040000000000001
2.57
3.055
20.623
0.979
4.444
3.149
1.367
2.202
1.141
2.245
2.842
2.1
2.746
6.244
1.332
2.369
1.087
3.416
2.537
1.665
3.1790000000000003
1.052
1.6300000000000001
2.057
1.59
1.3760000000000001
5.916
1.873
4.428
7.889
1.597
2.418
4.3790000000000004
2.888
1.354
1.919
7.974
5.4590000000000005
1.088
9.551
9.56
3.366
5.266
2.795
2.319
1.984
2.084
1.508
2.531
1.484
3.9490000000000003
1.891
15.997
7.38
2.253
3.0580000000000003
1.3920000000000001
0.92
4.392
4.727
3.395
5.144
1.262
2.648
2.588
2.274
1.1320000000000001
1.899
4.3260000000000005
1.476
1.508
3.004
3.024
3.781
5.378
3.773
5.157
4.603
2.823
1.3980000000000001
1.027
11.345
1.458
4.28
8.421
3.182
2.052
2.174
2.588
1.52
1.3840000000000001
3.818
6.3420000000000005
3.625
8.248
5.53
1.943
1.04
1.738
2.495
4.215
1.395
3.478
2.562
2.49
4.8500000000000005
1.81
2.168
1.365
3.262
3.717
1.708
1.23
2.172
1.111
2.025
1.8900000000000001
4.034
1.094
6.298
2.642
1.978
3.423
1.286
1.151
4.497
5.355
1.504
3.746
2.039
18.559
1.661
2.928
1.193
2.749
1.601
1.042
1.457
1.542
1.025
2.184
3.274
3.519
6.285
3.528
1.426
1.106
2.9
5.062
1.59
1.256
2.234
2.482
3.89
4.34
4.005
5.5600000000000005
1.1400000000000001
3.8160000000000003
5.094
1.203
1.468
2.593
2.249
2.239
6.675
1.276
1.174
2.339
1.119
6.857
1.202
1.85
1.6460000000000001
1.968
5.332
3.678
1.235
4.361
3.1470000000000002
1.53
8.635
1.96
1.362
1.554
1.209
3.849
1.939
1.968
5.083
1.734
1.498
1.207
3.674
1.249
2.568
3.02
1.024
4.0520000000000005
1.746
1.866
3.7760000000000002
1.595
3.555
1.703
1.357
4.103
4.832
11.053
0.8130000000000001
2.209
2.255
4.119
2.66
5.405
2.233
1.073
3.153
4.99
1.9180000000000001
1.545
4.0280000000000005
1.827
3.063
0.878
2.571
3.482
1.7690000000000001
3.015
4.894
2.134
6.63
1.955
4.614
1.092
1.028
4.4670000000000005
3.844
10.074
2.364
3.218
2.0020000000000002
4.9190000000000005
5.3420000000000005
4.835
0.962
7.533
3.104
2.964
3.09
4.837
2.332
1.426
1.475
2.0260000000000002
1.85
6.594
1.436
2.085
2.317
2.99
3.9010000000000002
2.852
1.026
6.583
2.991
2.204
3.77
1.1520000000000001
2.174
1.859
5.383
1.701
2.404
1.718
1.666
2.592
2.27
2.277
1.079
1.153
1.5330000000000001
1.75
1.554
1.7870000000000001
4.463
1.729
6.767
4.494
3.059
2.7640000000000002
1.467
2.591
3.702
4.147
2.9130000000000003
1.143
1.292
1.466
12.444
32.845
4.4430000000000005
10.059000000000001
3.746
2.073
1.298
1.417
4.9590000000000005
1.955
2.632
2.25
2.444
4.375
1.028
3.9410000000000003
1.029
1.077
1.367
4.609
1.365
8.787
1.3
5.759
1.216
0.763
1.847
5.478
1.874
0.978
2.916
1.83
5.6240000000000006
2.07
3.593
2.985
2.427
2.5460000000000003
1.722
2.5300000000000002
1.722
2.704
2.325
3.108
1.8980000000000001
1.379
3.807
5.617
1.19
1.6620000000000001
2.181
2.237
11.064
2.67
1.3780000000000001
2.2640000000000002
2.193
1.338
4.139
2.705
2.531
1.03
1.309
1.973
1.477
1.9160000000000001
8.509
2.197
2.543
1.734
2.104
1.3860000000000001
1.055
8.275
5.359
3.628
7.46
3.513
3.185
3.536
1.204
7.1770000000000005
11.038
2.238
1.82
6.968
5.087
3.169
2.481
2.394
3.587
1.83
1.554
3.4410000000000003
1.496
1.164
2.709
4.066
4.591
0.967
7.589
15.481
1.045
3.6510000000000002
2.1510000000000002
6.952
9.228
2.541
4.924
1.434
0.839
1.442
3.313
2.084
2.567
4.727
2.487
1.446
1.625
2.021
1.75
2.8970000000000002
1.541
1.483
1.205
10.765
1.786
1.459
6.593
4.772
1.713
1.599
1.937
1.526
3.774
3.1630000000000003
2.1590000000000003
3.257
2.358
1.301
3.17
3.138
1.103
1.342
0.932
1.661
18.211000000000002
1.873
8.341
12.786
9.518
1.935
2.101
2.2600000000000002
1.953
1.154
3.479
2.358
1.342
1.01
1.464
1.083
4.328
1.006
1.008
1.572
1.843
1.455
1.022
2.2
2.966
3.056
4.921
8.797
6.652
1.289
2.512
2.831
3.544
5.449
11.239
2.59
2.084
2.436
1.405
3.605
6.61
1.561
4.47
2.684
3.0620000000000003
2.948
2.532
1.555
1.7790000000000001
12.192
2.456
1.9080000000000001
5.559
2.178
2.575
2.063
5.291
2.2520000000000002
3.3970000000000002
1.7630000000000001
1.924
4.289
2.6670000000000003
2.74
1.952
1.451
3.5060000000000002
2.1710000000000003
1.94
1.5350000000000001
3.469
4.777
2.739
1.114
22.709
3.93
1.336
7.69
2.697
1.9120000000000001
2.173
3.337
4.3100000000000005
2.997
5.095
2.174
1.6640000000000001
2.215
1.054
1.9180000000000001
1.443
1.745
1.5050000000000001
1.464
5.841
3.0460000000000003
2.045
1.711
4.017
7.132000000000001
1.311
2.674
1.538
1.24
2.445
1.963
1.336
2.13
3.0500000000000003
3.086
1.659
4.82
7.796
1.4060000000000001
1.486
6.722
1.292
5.372
8.544
1.824
2.17
3.391
2.12
1.637
4.625
2.251
2.224
1.7570000000000001
6.6690000000000005
1.655
1.504
1.624
4.7250000000000005
1.932
5.136
7.0520000000000005
1.052
2.823
2.714
0.81
1.538
6.014
1.7650000000000001
3.021
3.9170000000000003
3.3200000000000003
2.644
7.456
4.69
1.103
1.795
1.372
1.8820000000000001
1.37
4.369
4.998
1.3940000000000001
6.622
2.302
2.229
2.004
2.491
5.257
3.866
1.611
1.711
0.975
1.633
2.73
3.465
17.937
1.327
0.989
7.008
1.342
2.789
6.067
3.33
1.123
1.814
7.9510000000000005
3.447
9.15
1.451
2.622
5.479
3.567
1.875
2.344
7.518
1.091
5.631
3.6270000000000002
3.5780000000000003
4.211
2.83
6.032
4.077
1.25
2.068
1.683
5.968
11.404
1.704
1.553
2.891
1.979
1.108
10.684000000000001
1.439
2.1310000000000002
0.911
2.9010000000000002
4.39
1.536
5.771
1.681
1.318
1.155
4.691
2.324
0.797
10.652000000000001
2.1590000000000003
2.305
1.424
2.5300000000000002
2.141
6.611
1.819
1.87
2.654
3.686
3.12
0.973
1.316
2.386
1.512
1.58
0.989
1.455
1.948
3.157
1.7910000000000001
3.182
2.486
1.668
1.788
11.677
1.041
1.871
1.467
1.27
2.258
5.056
6.995
6.172
2.966
5.212
1.741
2.406
1.1340000000000001
3.67
2.706
2.367
1.239
1.764
1.02
2.823
1.5210000000000001
7.049
4.705
4.763
2.202
1.451
5.109
14.427
3.158
1.82
1.952
4.602
1.3780000000000001
1.539
2.424
2.6270000000000002
0.97
5.119
2.101
2.058
1.0190000000000001
1.824
1.536
2.271
3.044
1.162
8.441
2.961
2.858
3.944
4.827
1.536
5.462
1.7
2.087
3.4050000000000002
3.454
1.2550000000000001
3.21
1.969
1.284
2.9410000000000003
1.327
7.485
2.618
1.341
3.186
12.42
9.272
2.3000000000000003
2.1750000000000003
0.9500000000000001
1.224
1.227
1.451
3.576
1.071
4.853
1.346
1.237
2.352
13.343
7.99
3.0180000000000002
3.5820000000000003
16.171
3.67
1.348
1.588
4.43
1.8900000000000001
0.887
1.44
1.681
2.489
1.4040000000000001
1.205
6.945
2.301
3.223
1.456
2.449
0.902
1.333
2.217
1.183
1.3800000000000001
2.226
2.125
2.557
1.7
2.735
2.153
1.952
3.43
4.5
1.5310000000000001
1.343
1.528
1.2610000000000001
2.7800000000000002
2.062
5.283
5.115
10.359
1.167
14.279
1.1420000000000001
3.7880000000000003
2.206
1.865
6.133
7.739
3.67
1.6420000000000001
4.336
5.32
2.086
3.245
2.028
5.48
1.168
3.043
2.839
3.185
1.862
2.069
2.746
0.9400000000000001
2.0380000000000003
4.559
1.673
0.855
1.443
2.172
1.982
1.3820000000000001
1.117
3.77
3.1390000000000002
1.581
0.963
0.77
7.534
3.1950000000000003
10.466000000000001
1.379
2.262
2.005
1.445
8.178
3.746
2.119
2.481
5.713
5.898
1.929
1.541
8.759
2.241
5.045
2.0420000000000003
1.67
1.57
3.1470000000000002
4.455
1.988
3.258
1.223
1.795
3.161
1.694
3.7640000000000002
1.327
4.264
3.361
2.512
2.753
8.616
8.183
2.34
3.696
1.283
3.997
3.17
1.9180000000000001
1.122
2.148
3.193
8.996
1.589
3.254
2.202
2.459
3.7070000000000003
2.485
6.612
5.139
5.409
6.231
3.494
1.754
4.218
1.191
4.045
14.115
2.706
3.532
3.6350000000000002
5.252
1.237
1.33
3.604
1.5150000000000001
4.994
0.999
3.023
0.977
3.076
7.375
0.901
3.579
7.706
1.865
6.784
1.21
1.964
1.5350000000000001
4.746
1.635
16.332
2.095
2.644
1.3920000000000001
2.545
9.622
6.198
6.5
0.986
1.74
3.164
8.804
1.106
1.391
2.375
3.012
2.99
1.541
3.071
21.437
2.4170000000000003
1.192
1.7570000000000001
5.652
3.174
0.908
1.5110000000000001
11.164
4.421
12.748000000000001
4.595
1.206
1.249
6.921
2.773
1.1520000000000001
0.987
1.431
1.435
3.302
6.308
1.417
11.74
2.332
19.836000000000002
2.181
3.181
2.314
1.631
1.02
1.438
1.872
1.461
3.374
8.245000000000001
12.995000000000001
2.482
1.702
1.901
5.851
2.433
1.283
25.173000000000002
4.623
0.758
2.648
2.0420000000000003
3.293
2.078
1.651
1.306
2.5580000000000003
1.2610000000000001
3.715
1.6620000000000001
1.433
2.327
2.672
4.941
3.053
1.281
4.438
1.607
3.375
2.515
3.5300000000000002
1.7550000000000001
12.225
0.986
2.576
5.189
2.206
3.922
5.8420000000000005
13.823
5.784
11.9
4.301
2.5580000000000003
4.2860000000000005
0.884
2.109
2.269
2.036
1.607
1.99
21.783
1.107
0.9590000000000001
2.386
9.997
3.262
12.88
2.3000000000000003
9.958
1.307
2.085
2.005
2.811
2.149
1.696
2.258
2.22
4.205
3.454
2.577
3.049
8.338000000000001
2.373
4.186
2.277
4.07
3.822
1.176
1.7590000000000001
1.2710000000000001
1.35
6.869
2.479
2.2560000000000002
1.205
5.065
3.73
9.296
5.664
1.661
1.6460000000000001
2.344
1.542
6.271
2.083
2.778
1.703
1.268
1.749
3.203
2.4090000000000003
6.628
3.063
6.827
2.239
12.664
1.465
1.466
6.471
2.859
1.528
2.144
2.023
2.447
3.513
2.282
2.729
3.087
1.266
4.8
2.082
1.749
3.394
1.165
5.3740000000000006
2.052
1.375
2.028
3.137
4.642
3.305
2.482
5.072
6.441
1.745
2.852
1.164
2.074
19.002
2.757
1.493
1.749
7.863
9.024000000000001
1.565
1.891
5.8180000000000005
5.7620000000000005
5.526
4.428
2.87
8.81
1.1500000000000001
1.096
2.1550000000000002
2.863
3.053
1.442
2.561
8.885
8.68
1.5
1.2630000000000001
1.107
1.744
1.868
0.991
2.6750000000000003
4.224
2.02
2.719
8.242
1.124
1.455
2.6390000000000002
3.077
1.3800000000000001
1.332
2.986
2.5220000000000002
2.279
5.299
1.44
2.372
1.6540000000000001
2.79
1.811
2.035
1.6580000000000001
2.505
6.071
2.5380000000000003
2.057
1.742
7.7940000000000005
1.975
2.984
2.878
2.579
1.547
5.248
5.825
2.324
3.266
4.702
5.823
2.088
3.5060000000000002
2.074
2.8890000000000002
1.53
1.825
2.0220000000000002
1.1360000000000001
1.726
5.001
1.234
1.953
2.051
6.7410000000000005
2.251
2.572
2.207
1.464
0.9410000000000001
1.103
1.867
1.629
1.516
3.527
2.586
13.24
6.873
2.757
2.7760000000000002
1.359
2.142
1.073
1.198
5.055
3.0500000000000003
6.825
1.135
1.709
5.621
2.536
1.6340000000000001
2.85
2.6470000000000002
2.233
2.887
11.163
2.157
0.8300000000000001
6.059
1.213
1.959
9.507
1.706
0.874
2.11
3.059
1.2530000000000001
4.961
0.9420000000000001
1.371
2.285
1.291
15.153
12.453
1.693
1.83
1.165
1.774
2.047
2.0420000000000003
13.571
1.692
2.067
5.9510000000000005
2.499
2.856
2.6510000000000002
2.165
2.2520000000000002
4.164
2.468
6.106
1.613
3.92
4.766
3.208
3.341
5.6850000000000005
4.999
3.842
2.904
1.586
1.756
1.0
2.314
2.657
2.4130000000000003
3.469
1.733
1.264
0.884
1.792
3.06
2.297
1.9060000000000001
5.533
7.3420000000000005
2.115
1.105
5.338
0.796
2.071
1.5330000000000001
2.623
1.344
0.984
1.4020000000000001
1.443
1.502
4.038
1.577
3.744
1.802
0.903
1.988
1.9020000000000001
1.547
1.407
1.445
1.442
1.943
1.2790000000000001
11.43
1.809
0.995
1.676
2.245
2.16
1.336
3.596
2.497
9.272
4.081
2.604
2.603
3.882
1.221
1.552
2.774
6.039
1.0230000000000001
2.591
2.1310000000000002
9.845
3.716
2.725
8.131
12.01
2.119
1.264
4.481
7.712
1.393
12.594
1.737
1.044
2.966
6.907
1.75
1.0090000000000001
4.996
1.568
3.128
2.166
5.53
3.963
2.394
2.036
1.08
1.786
2.124
2.374
3.158
0.811
1.58
6.822
1.231
1.5150000000000001
1.967
1.143
1.637
10.832
1.397
1.841
1.838
1.064
1.339
1.7
2.732
1.935
1.139
6.307
1.637
3.721
3.99
1.202
2.249
5.993
2.153
1.927
2.734
1.602
1.752
1.194
2.794
2.539
1.807
1.083
3.0
5.972
4.458
3.049
5.654
4.7330000000000005
1.778
1.316
2.543
2.271
2.569
3.924
1.298
1.445
12.099
5.156
1.786
2.033
2.033
2.471
3.294
1.598
2.6630000000000003
1.143
21.201
2.0260000000000002
5.712
4.499
2.2640000000000002
1.56
1.1420000000000001
1.5150000000000001
1.302
1.467
3.193
3.177
1.686
3.579
1.397
1.241
3.624
7.015000000000001
4.55
3.86
3.758
1.7650000000000001
4.605
2.232
1.314
2.392
1.5290000000000001
2.005
1.29
4.876
2.964
7.306
1.302
1.204
7.025
1.6440000000000001
8.358
1.301
3.42
3.04
4.385
1.1280000000000001
2.986
4.149
1.448
1.536
5.772
2.104
1.428
3.096
6.869
3.7520000000000002
5.3950000000000005
1.5350000000000001
7.924
1.224
1.11
1.333
1.747
3.154
1.449
1.831
2.142
3.051
2.441
3.103
1.322
1.706
2.548
3.116
2.181
3.8000000000000003
3.094
2.215
3.636
1.135
4.567
15.095
4.082
3.318
6.346
4.559
2.093
3.0500000000000003
7.654
1.458
3.306
2.616
1.482
7.47
1.955
1.465
2.371
1.565
1.329
10.555
3.515
4.081
2.2
12.993
2.709
1.295
3.161
2.797
0.968
1.437
3.465
6.5200000000000005
0.974
3.201
3.236
1.923
1.586
1.2770000000000001
3.895
2.012
4.017
3.3040000000000003
1.768
0.781
1.619
2.64
2.456
4.377
3.504
12.648
2.259
1.176
1.927
12.735
1.72
2.21
11.591000000000001
5.285
1.004
1.381
2.432
1.192
3.072
6.531
1.3820000000000001
1.2710000000000001
2.118
2.774
2.097
4.691
1.336
3.8120000000000003
0.879
4.099
4.222
2.251
6.5920000000000005
1.151
2.532
2.402
1.447
1.795
3.442
5.453
1.131
8.053
2.1590000000000003
7.452
4.716
1.1
4.071
14.719000000000001
3.916
2.4
3.926
2.589
8.518
9.313
2.593
2.83
3.906
7.0520000000000005
1.417
1.879
1.347
3.321
1.32
2.485
4.226
2.052
1.422
2.6510000000000002
1.292
2.1
5.51
1.516
3.5180000000000002
1.184
2.553
1.871
2.122
2.0380000000000003
4.055
2.992
1.802
1.864
2.234
1.417
18.301000000000002
2.11
3.008
1.294
2.1270000000000002
2.746
6.998
1.008
3.451
16.573
2.819
1.27
1.839
13.269
0.935
4.014
2.461
1.625
1.466
2.67
1.727
4.4590000000000005
1.932
2.083
1.6260000000000001
1.669
1.483
1.117
3.6990000000000003
1.108
2.257
1.2790000000000001
2.986
2.8930000000000002
3.318
1.986
4.43
2.626
1.732
4.408
1.122
1.5250000000000001
2.523
1.506
1.6420000000000001
1.08
1.336
1.344
0.981
4.4
4.7
1.875
7.515000000000001
1.213
1.936
3.607
1.813
4.9110000000000005
3.563
3.196
1.2650000000000001
1.77
2.3770000000000002
1.504
3.358
1.186
1.627
1.6400000000000001
15.011000000000001
2.338
2.233
2.29
1.6
1.141
1.16
1.726
6.385
3.463
2.815
3.709
1.364
1.173
1.231
3.036
1.841
1.307
1.212
6.239
3.38
1.161
3.23
1.625
15.432
1.869
1.758
7.005
1.2550000000000001
2.059
2.378
3.609
2.008
5.914
7.099
4.224
5.649
1.452
4.468
2.511
1.111
1.45
2.814
1.477
1.479
2.3970000000000002
1.712
2.464
3.527
3.7920000000000003
1.01
1.349
1.0150000000000001
4.149
6.719
1.6340000000000001
13.336
3.474
4.317
2.263
6.245
1.409
1.532
3.434
1.288
2.028
0.904
1.929
5.5200000000000005
3.731
1.827
1.6540000000000001
9.568
1.9100000000000001
5.886
1.18
2.1270000000000002
3.02
2.509
4.301
1.133
16.348
2.883
1.51
4.1450000000000005
5.955
2.19
2.724
8.282
2.955
1.74
1.446
2.306
7.9910000000000005
2.029
2.471
1.449
3.245
2.055
1.857
2.105
1.616
2.269
2.586
2.318
17.482
5.884
1.425
4.91
1.745
2.9370000000000003
3.9490000000000003
1.037
1.379
4.8500000000000005
4.188
1.2770000000000001
1.8800000000000001
7.51
3.338
2.008
2.803
1.669
2.79
1.817
7.817
1.53
2.283
2.024
7.106
1.536
1.749
4.507
1.627
3.963
6.447
4.759
1.186
4.9510000000000005
2.094
5.393
2.852
1.994
3.686
13.195
3.9290000000000003
1.308
3.898
4.636
1.068
1.3960000000000001
2.214
4.984
5.531
11.157
2.8970000000000002
2.879
1.358
6.678
4.619
1.2590000000000001
3.985
1.234
1.168
5.32
2.72
1.816
1.937
3.864
1.477
1.156
1.653
6.853
8.039
3.611
1.581
5.019
0.907
1.7810000000000001
4.404
2.717
2.7760000000000002
3.644
1.41
5.984
2.761
5.311
1.104
1.61
8.111
1.674
1.719
1.127
1.9020000000000001
5.167
2.463
1.824
0.791
1.185
6.948
8.631
1.233
1.262
1.474
7.375
1.109
2.551
1.937
2.834
1.623
5.122
2.373
8.223
1.17
7.644
5.526
2.583
3.773
5.863
2.823
5.674
2.446
3.398
5.027
5.194
4.385
1.2
3.301
0.76
1.862
12.169
2.676
1.0
1.014
6.819
1.456
2.867
2.173
1.6560000000000001
1.602
4.668
1.2690000000000001
6.774
1.07
1.221
1.047
2.043
2.465
1.5050000000000001
1.137
9.068
2.055
4.746
2.178
2.763
4.207
1.336
1.926
12.257
2.641
4.615
1.172
1.966
2.591
1.029
2.386
2.857
4.729
4.706
3.184
1.997
1.347
1.203
1.9040000000000001
7.63
1.028
10.789
9.25
1.483
3.597
2.557
2.206
1.976
1.381
2.486
2.865
9.995000000000001
1.538
9.61
1.208
12.596
1.173
3.4530000000000003
4.88
1.453
2.81
2.566
1.071
4.718
3.972
22.088
2.614
6.187
3.471
2.613
4.5440000000000005
4.556
5.521
1.5110000000000001
1.807
2.162
1.7790000000000001
1.223
1.252
2.623
1.268
4.066
1.349
8.377
2.5180000000000002
3.303
6.6610000000000005
0.899
3.6790000000000003
1.94
1.578
6.0200000000000005
3.9410000000000003
1.3760000000000001
2.319
2.472
14.331
4.719
5.8180000000000005
2.376
2.211
2.707
2.88
4.578
1.47
1.512
2.689
1.633
1.903
1.651
3.666
3.817
7.4270000000000005
2.81
1.264
1.949
2.317
3.423
9.221
2.278
2.1510000000000002
1.178
2.07
5.279
1.6560000000000001
1.45
4.043
1.744
5.206
2.382
2.0340000000000003
2.2520000000000002
3.307
4.553
2.618
4.62
3.013
0.925
1.71
2.09
4.307
1.997
4.051
0.917
2.466
1.065
1.29
1.215
2.704
5.98
4.257
1.849
1.641
0.866
1.309
1.951
2.44
0.891
2.069
3.6270000000000002
0.936
1.988
1.314
13.824
8.987
4.925
2.178
1.37
1.199
1.204
4.317
1.488
2.811
2.078
1.479
1.122
7.588
2.1
3.451
1.512
1.538
3.903
7.448
1.889
2.745
4.797
6.011
2.103
2.066
1.122
1.399
6.388
1.224
9.376
1.024
3.597
1.5010000000000001
1.856
2.562
2.048
3.6750000000000003
2.686
2.41
5.183
1.524
1.206
2.082
1.98
4.672
1.976
5.73
2.8770000000000002
4.243
5.147
7.518
2.0380000000000003
5.144
2.255
3.943
2.1590000000000003
2.161
2.085
1.825
2.6470000000000002
8.996
1.848
4.9350000000000005
0.736
1.999
1.532
2.116
6.890000000000001
8.182
2.0
3.0300000000000002
2.991
1.937
1.9080000000000001
1.032
8.681000000000001
2.414
1.973
2.499
1.971
3.122
1.951
1.432
3.141
2.773
11.421
2.055
2.191
3.71
2.3770000000000002
1.038
4.024
2.05
2.408
12.156
1.742
1.461
1.256
2.6790000000000003
11.622
0.871
2.321
1.818
4.014
2.567
1.3760000000000001
2.737
3.65
1.389
9.526
1.129
2.705
1.319
4.19
1.08
6.937
4.293
6.6930000000000005
3.5820000000000003
2.226
8.701
5.567
2.77
3.741
21.239
3.833
3.048
1.478
3.919
2.968
4.901
2.902
1.025
1.941
3.795
7.144
1.984
3.2640000000000002
1.708
1.321
3.7070000000000003
1.348
0.964
1.844
1.3860000000000001
2.787
2.77
1.192
2.228
2.0140000000000002
4.048
1.306
1.994
2.305
7.05
1.8880000000000001
1.887
2.811
8.776
3.231
3.382
2.462
3.698
1.504
1.478
1.536
1.123
2.368
1.594
1.617
6.173
1.52
1.808
1.458
2.787
1.006
1.815
2.074
13.612
1.948
6.527
1.048
2.068
1.475
3.491
7.607
2.277
1.216
2.466
3.868
1.403
5.214
3.007
2.336
1.085
1.879
1.215
9.38
5.751
1.942
7.86
1.333
1.901
1.168
1.282
1.584
1.596
1.0130000000000001
4.316
4.253
1.875
1.3940000000000001
1.42
17.218
1.603
3.604
2.963
3.632
6.398000000000001
3.528
6.184
5.465
1.987
15.361
10.744
5.9590000000000005
5.311
3.315
2.964
3.419
1.332
1.581
2.485
1.431
1.445
2.118
2.307
1.178
1.42
2.441
3.09
2.134
3.223
1.0130000000000001
1.425
2.814
1.37
3.515
1.903
1.582
3.06
5.59
3.128
2.374
2.623
3.011
2.179
4.23
3.332
5.908
1.532
2.153
3.674
5.978
15.84
1.179
1.859
2.665
1.189
4.453
1.442
1.322
4.966
3.0500000000000003
4.113
2.12
2.8000000000000003
0.973
2.086
3.94
4.449
1.349
2.746
1.703
1.74
1.722
1.834
1.806
3.715
3.0020000000000002
2.785
6.026
1.724
4.639
1.143
3.525
1.127
2.144
5.764
13.036
3.593
8.089
1.091
11.915000000000001
1.169
2.935
1.969
3.164
5.1690000000000005
1.778
1.589
3.02
2.693
1.463
4.57
1.403
2.744
3.797
2.563
3.157
3.314
1.987
4.715
1.3800000000000001
3.5180000000000002
1.997
7.578
1.965
1.346
1.602
7.49
1.0
2.732
1.7590000000000001
4.095
4.595
1.186
1.586
1.039
2.493
7.28
1.606
0.779
5.4830000000000005
1.966
6.527
0.8220000000000001
17.658
1.311
2.43
2.45
6.462
8.598
4.869
2.13
2.218
2.274
3.888
12.790000000000001
2.678
5.621
2.668
8.074
1.453
3.223
1.7850000000000001
1.418
3.136
1.6620000000000001
5.8180000000000005
12.967
1.106
2.024
2.96
1.743
10.688
4.565
1.2550000000000001
7.2
4.104
1.446
8.804
4.18
6.095
1.3880000000000001
1.311
3.9570000000000003
4.587
1.2630000000000001
7.801
4.309
0.8170000000000001
1.313
1.291
1.5290000000000001
1.192
2.152
7.545
3.543
6.519
1.992
13.595
8.402000000000001
2.392
2.428
2.352
1.689
1.6640000000000001
2.699
1.04
2.069
1.441
2.388
2.884
1.58
1.198
5.2090000000000005
10.414
1.451
2.617
2.736
7.04
2.977
2.5580000000000003
2.619
3.089
2.145
2.32
2.742
2.521
1.026
1.815
1.179
1.445
1.297
1.946
1.097
1.802
2.568
4.3180000000000005
4.4430000000000005
2.242
2.4170000000000003
1.993
3.955
3.446
1.719
1.56
3.113
4.86
2.032
1.23
1.45
2.369
1.805
4.7700000000000005
1.952
1.941
3.858
2.592
4.121
6.508
4.463
2.201
3.5180000000000002
0.964
1.1300000000000001
2.241
0.905
1.735
2.6790000000000003
1.102
1.96
9.407
2.58
1.222
9.097
2.485
2.238
2.024
2.178
0.6940000000000001
8.191
1.006
4.86
4.479
1.7830000000000001
5.535
1.7510000000000001
4.154
5.266
1.272
1.486
3.1630000000000003
1.976
1.708
2.5420000000000003
3.352
1.633
2.242
5.0040000000000004
11.982000000000001
0.808
4.604
4.078
1.245
1.031
9.742
1.54
1.024
4.905
4.077
4.374
4.861
2.238
10.13
2.449
2.0420000000000003
3.314
5.979
1.508
1.493
4.055
3.809
5.691
0.871
5.996
2.217
3.0620000000000003
1.375
2.372
2.486
1.739
2.728
1.73
1.057
4.402
1.092
2.864
13.984
3.0580000000000003
2.063
1.887
2.532
1.925
2.1670000000000003
4.619
4.922
1.964
2.467
2.44
0.926
1.489
1.485
4.163
1.2690000000000001
4.297
1.793
3.411
1.731
1.9160000000000001
7.304
2.274
7.501
2.064
3.428
1.82
4.2700000000000005
3.508
1.2650000000000001
3.9130000000000003
1.7910000000000001
1.292
5.573
1.137
2.16
1.843
2.302
2.99
1.493
1.868
5.103
1.508
4.586
0.902
1.333
0.9530000000000001
1.21
1.61
1.6440000000000001
2.314
1.222
1.071
5.255
1.033
3.412
8.171
4.124
1.286
1.141
1.219
6.867
1.939
2.004
3.1310000000000002
1.848
10.263
3.053
2.4250000000000003
1.219
2.307
10.424
0.9420000000000001
2.039
1.288
1.737
1.778
1.697
2.819
1.538
7.711
1.79
2.703
1.528
1.732
2.136
5.494
2.693
1.81
2.4210000000000003
1.095
1.721
2.581
1.905
1.506
3.012
1.685
2.107
1.403
3.1990000000000003
1.9060000000000001
1.341
2.314
2.782
1.331
1.3860000000000001
2.786
3.579
1.427
3.5580000000000003
1.308
1.766
1.999
3.852
15.27
3.3120000000000003
4.928
1.582
1.6420000000000001
4.751
1.691
1.44
6.069
3.8240000000000003
6.255
2.839
3.593
2.067
0.972
1.703
1.53
1.328
1.037
1.784
1.61
3.033
2.426
16.575
3.866
4.596
1.344
1.213
12.036
1.016
2.476
2.649
8.091
2.876
2.238
4.1610000000000005
1.49
2.481
1.907
1.288
1.2590000000000001
1.574
1.809
1.164
2.658
1.514
1.975
0.964
1.014
1.3800000000000001
2.06
15.143
2.373
1.454
2.437
3.297
2.19
1.692
3.371
2.745
3.874
2.424
3.983
1.3920000000000001
1.415
1.618
3.261
4.0440000000000005
2.13
8.633000000000001
1.051
3.228
5.046
1.086
1.153
2.714
1.693
4.706
1.971
1.924
2.055
2.203
2.968
6.449
3.164
1.691
2.711
12.551
1.883
2.652
4.722
1.7870000000000001
2.366
0.9460000000000001
2.003
1.325
2.076
5.493
1.361
1.899
1.296
1.157
2.652
3.895
2.327
1.608
6.819
6.692
6.666
6.154
2.104
1.841
4.219
2.705
1.369
1.039
1.034
1.6540000000000001
4.131
1.48
1.431
2.334
2.111
2.128
1.686
3.112
3.194
3.003
5.2780000000000005
3.259
2.809
1.348
1.693
2.964
5.6000000000000005
1.971
1.839
1.643
5.534
2.369
2.457
2.864
0.8240000000000001
1.488
1.722
1.2690000000000001
2.648
1.1480000000000001
6.595
3.35
3.922
1.7650000000000001
2.0180000000000002
2.075
2.5540000000000003
1.5010000000000001
6.035
5.122
4.281
1.924
3.634
7.078
3.668
2.345
1.593
1.95
3.617
3.3160000000000003
3.211
1.486
1.044
2.021
2.0100000000000002
2.5100000000000002
1.3780000000000001
2.827
4.11
3.871
3.1590000000000003
1.228
1.712
15.777000000000001
1.819
2.058
3.013
2.183
1.83
10.379
1.784
3.865
11.475
2.152
0.805
6.583
1.7890000000000001
1.204
0.737
4.537
1.796
3.23
0.906
1.7690000000000001
3.108
2.132
1.231
2.044
1.329
1.3880000000000001
2.529
2.376
2.982
2.468
1.1
3.121
1.672
2.882
5.425
4.88
1.06
5.533
3.623
4.197
2.084
9.745000000000001
3.884
2.883
1.21
4.246
3.759
1.4060000000000001
1.082
3.217
1.496
2.096
4.8020000000000005
1.088
2.442
0.978
0.991
7.107
1.116
2.314
7.351
2.5020000000000002
11.66
0.834
2.439
2.217
4.105
0.883
1.762
5.3660000000000005
3.726
1.895
4.037
1.184
1.923
2.976
2.078
2.359
3.798
1.308
1.667
17.937
4.542
1.6380000000000001
1.3920000000000001
5.751
0.845
1.5350000000000001
3.025
2.878
2.227
3.335
1.976
1.586
1.494
5.433
1.485
2.027
1.25
3.474
2.452
2.7800000000000002
7.149
3.073
1.222
1.905
1.236
1.73
1.374
3.8970000000000002
2.1550000000000002
17.778
1.3800000000000001
4.32
6.807
1.865
1.129
3.488
1.676
2.251
1.305
1.075
1.74
4.093
1.804
5.519
2.424
2.523
2.6710000000000003
8.994
3.6
1.7810000000000001
12.705
3.0340000000000003
1.366
1.328
4.038
1.28
3.294
1.9040000000000001
6.8870000000000005
4.134
12.514000000000001
5.634
2.277
1.808
3.733
2.738
1.716
3.088
1.17
1.722
1.8960000000000001
2.439
1.774
1.603
1.691
5.471
1.6460000000000001
1.829
2.399
9.565
2.1390000000000002
4.204
1.2730000000000001
1.365
1.754
1.133
4.3340000000000005
3.125
1.383
1.557
3.583
3.5380000000000003
5.562
3.196
1.227
4.489
2.969
2.308
2.4250000000000003
2.861
10.924
1.434
3.077
4.162
3.7070000000000003
1.095
2.85
2.299
1.3880000000000001
1.563
2.36
1.2650000000000001
3.6390000000000002
4.4510000000000005
0.912
14.151
6.341
2.806
1.182
3.822
1.155
1.333
1.462
1.411
1.218
5.76
1.084
3.65
2.85
4.68
1.0
1.737
1.106
1.678
2.199
2.543
1.597
1.408
1.737
4.315
3.0660000000000003
1.183
1.213
1.315
1.685
0.899
4.526
1.728
4.316
4.134
3.17
0.99
1.6300000000000001
3.725
1.322
1.823
3.604
9.368
3.858
1.162
4.859
1.889
2.181
2.087
1.732
1.416
1.167
2.257
1.483
3.984
1.935
3.137
3.075
1.939
2.859
1.869
2.4210000000000003
5.026
12.623000000000001
3.547
1.9120000000000001
1.961
1.149
1.303
1.323
7.4110000000000005
1.3980000000000001
3.1550000000000002
4.978
1.52
0.929
3.041
2.307
7.119
1.653
1.425
1.348
2.662
1.74
2.095
1.831
1.5270000000000001
2.7920000000000003
1.7650000000000001
3.19
2.649
2.254
1.242
1.726
2.368
2.294
1.681
1.911
1.903
1.984
1.7730000000000001
1.462
1.805
2.97
2.365
10.137
14.497
1.22
2.269
2.997
1.347
2.293
4.648
6.8580000000000005
1.813
4.689
2.211
1.764
1.59
4.949
1.563
1.735
9.734
5.283
2.2560000000000002
1.405
3.936
1.227
1.936
2.581
7.415
1.6600000000000001
2.997
1.5150000000000001
1.967
1.477
1.363
3.212
0.965
1.713
9.485
1.0130000000000001
2.419
1.185
2.805
4.922
5.628
2.795
2.411
3.532
1.922
1.556
2.136
28.386
1.723
1.442
1.978
1.935
1.47
5.4190000000000005
1.981
4.284
1.669
1.208
1.938
1.178
1.659
3.2960000000000003
3.0020000000000002
8.106
2.887
2.4
0.777
6.643
3.552
2.265
1.182
1.822
2.983
1.2630000000000001
2.023
2.7800000000000002
1.663
3.827
1.454
2.437
8.054
3.492
1.5250000000000001
2.39
1.934
4.94
3.267
1.821
1.601
1.8880000000000001
19.276
5.386
2.567
7.956
2.013
1.48
3.7110000000000003
2.215
2.805
1.544
1.546
0.967
9.092
5.969
1.6620000000000001
4.252
2.177
1.193
1.722
2.882
6.938
5.8870000000000005
0.924
1.187
1.44
1.706
3.533
3.54
5.223
3.482
2.015
12.266
1.7750000000000001
5.054
2.446
1.441
4.001
3.423
1.776
1.833
2.5020000000000002
6.5280000000000005
1.865
10.307
1.438
2.193
2.92
2.7760000000000002
2.115
2.371
3.075
1.266
26.71
2.559
4.697
3.626
1.692
13.649000000000001
2.613
4.2090000000000005
6.289
15.211
1.464
1.688
6.08
2.1470000000000002
5.147
2.364
5.183
3.969
2.338
5.0040000000000004
0.992
3.4210000000000003
1.811
1.573
1.344
1.434
11.287
1.395
1.1520000000000001
2.213
1.074
1.749
2.6830000000000003
1.56
1.8900000000000001
1.344
1.6560000000000001
1.353
2.605
3.6630000000000003
5.085
33.745
1.51
3.856
3.015
2.997
3.906
2.353
1.455
1.661
2.9330000000000003
1.824
6.572
0.899
2.036
2.058
1.696
1.167
3.289
6.566
1.5190000000000001
3.641
1.24
1.5
2.476
4.25
4.279
2.73
2.628
7.8420000000000005
2.06
2.6510000000000002
1.691
1.241
2.763
1.538
1.804
7.28
3.9490000000000003
1.827
1.814
2.194
1.168
9.485
8.372
4.081
1.526
1.161
0.992
1.176
2.59
4.5280000000000005
1.701
1.443
5.1450000000000005
8.73
4.105
3.516
2.123
10.538
2.072
5.401
1.153
4.448
4.663
4.141
7.9590000000000005
4.787
10.802
1.589
1.725
1.159
2.782
3.419
4.874
3.505
1.819
2.012
1.729
1.28
1.601
7.349
1.7850000000000001
2.1710000000000003
4.22
1.049
3.553
1.155
1.02
1.326
1.239
1.87
3.861
11.235
1.933
2.081
1.474
1.6340000000000001
2.914
1.774
8.177
5.138
1.709
1.476
4.141
1.3980000000000001
3.497
1.207
1.201
4.219
1.119
8.741
1.061
1.21
1.301
1.528
1.5030000000000001
9.13
5.299
7.966
1.678
3.688
5.332
1.84
5.566
5.63
4.357
1.494
2.189
3.255
2.024
2.34
3.751
1.282
2.317
3.4010000000000002
5.073
8.037
2.1550000000000002
2.648
4.654
2.463
2.047
1.268
4.089
1.737
2.344
10.999
6.356
2.0060000000000002
6.857
1.478
1.85
3.946
1.7830000000000001
3.9250000000000003
1.99
5.987
1.812
7.267
5.401
2.266
1.69
0.999
5.922
1.143
1.006
2.724
1.6440000000000001
3.472
3.206
7.716
2.738
2.343
2.062
1.506
2.71
8.407
1.819
1.615
1.395
1.147
8.963000000000001
2.968
3.124
14.789
3.617
2.536
3.813
1.929
2.624
1.203
6.3580000000000005
11.27
1.854
2.411
2.39
3.44
1.611
12.764000000000001
0.761
2.623
8.976
12.095
7.072
1.2730000000000001
7.835
1.1280000000000001
4.259
2.275
0.966
7.327
2.873
1.0
0.9390000000000001
4.782
6.1160000000000005
1.739
2.208
3.422
0.9560000000000001
1.352
1.42
1.385
3.754
1.429
2.456
1.066
1.158
2.062
1.7750000000000001
1.075
1.5270000000000001
1.917
1.2670000000000001
2.5340000000000003
2.38
5.695
6.8660000000000005
2.096
2.342
10.527000000000001
1.641
1.471
1.951
2.2680000000000002
5.21
1.736
1.32
4.319
1.976
1.734
1.0090000000000001
6.508
1.04
3.1390000000000002
1.922
1.68
3.227
1.45
2.887
31.328
1.399
1.371
1.301
0.928
1.213
4.072
2.566
3.564
4.359
1.124
3.045
5.599
4.055
5.2250000000000005
6.11
1.681
2.0380000000000003
2.759
3.581
16.078
5.282
2.027
0.924
7.659
9.487
2.09
6.439
23.809
6.377
5.024
4.563
4.023
2.594
3.924
5.194
2.469
3.0660000000000003
4.015
2.7760000000000002
2.728
5.6290000000000004
1.232
3.004
3.041
1.492
1.077
6.936
2.4010000000000002
2.004
1.53
1.538
2.713
6.495
4.625
4.219
1.353
3.766
17.885
1.602
1.53
2.438
1.51
1.172
9.473
6.063
6.187
21.827
1.131
1.954
3.117
1.194
1.309
1.784
1.197
1.47
3.232
1.7610000000000001
2.509
4.131
1.731
2.205
3.34
2.57
2.829
2.234
1.7
3.005
2.342
2.835
1.722
10.39
3.1470000000000002
1.045
1.856
1.091
6.634
2.347
0.836
1.915
1.851
4.242
5.876
0.935
1.456
2.311
4.509
22.581
5.914
1.524
9.46
1.284
6.275
4.114
1.929
1.358
2.584
1.6400000000000001
3.599
4.096
1.18
3.369
1.285
1.249
3.674
1.5210000000000001
8.88
3.608
15.883000000000001
2.89
2.0460000000000003
1.276
2.6510000000000002
5.275
3.007
1.129
1.589
1.4040000000000001
1.074
1.099
3.297
1.647
2.662
7.1000000000000005
2.221
4.0840000000000005
3.349
1.0170000000000001
5.227
13.893
13.563
1.322
6.231
3.496
6.877
1.445
2.711
2.361
2.04
3.524
0.9420000000000001
3.077
1.417
1.7810000000000001
9.01
3.203
1.2510000000000001
2.097
5.055
1.722
1.416
2.465
1.076
2.747
5.771
3.332
5.791
2.387
5.804
1.498
1.002
2.323
2.442
2.996
6.408
3.1
3.746
1.674
4.7330000000000005
1.8840000000000001
1.701
1.69
1.532
12.523
8.973
1.337
8.723
2.825
4.772
3.821
4.636
1.58
2.031
16.888
1.522
1.224
1.425
2.005
1.153
1.286
2.254
1.464
6.748
4.235
1.352
1.233
1.315
5.5
2.4130000000000003
3.5420000000000003
3.479
1.868
1.518
3.123
2.437
7.885
8.853
3.548
2.823
3.722
2.543
1.445
1.087
2.5260000000000002
3.7960000000000003
1.944
0.933
5.235
3.1830000000000003
5.202
2.313
1.1440000000000001
2.874
1.905
1.219
2.011
1.338
5.394
1.0010000000000001
4.207
1.5310000000000001
4.2
1.7550000000000001
1.19
5.208
1.871
2.591
2.293
1.291
0.9570000000000001
2.587
2.686
1.95
18.635
2.273
2.5140000000000002
1.193
4.738
2.297
2.0340000000000003
2.677
3.529
1.674
2.681
4.328
4.838
1.295
3.513
1.03
1.637
1.496
3.664
1.246
1.697
7.594
1.327
1.421
1.103
1.9180000000000001
2.411
1.679
1.5070000000000001
2.815
12.775
2.249
1.668
1.965
6.2330000000000005
4.833
2.763
1.102
3.016
3.075
2.5260000000000002
2.701
3.529
3.42
3.93
2.094
4.269
1.445
1.798
3.527
1.543
1.229
1.1360000000000001
2.498
1.464
3.688
3.807
2.66
1.4020000000000001
15.389000000000001
4.7780000000000005
1.758
4.617
3.4290000000000003
3.88
3.994
1.262
1.1340000000000001
3.719
2.4210000000000003
0.835
0.848
1.286
7.0120000000000005
3.071
9.068
2.803
6.402
7.058
7.058
3.747
1.182
2.261
0.933
2.49
2.6270000000000002
1.1360000000000001
1.029
3.097
2.153
1.401
2.719
3.698
5.384
1.337
1.831
9.015
0.993
6.722
1.155
1.407
4.138
1.622
1.554
1.808
5.742
4.347
3.473
2.102
4.63
6.385
0.9400000000000001
1.606
2.2640000000000002
2.914
4.135
1.36
3.12
0.909
1.078
1.02
2.7960000000000003
2.638
6.069
2.045
1.344
2.978
1.12
1.2530000000000001
2.629
13.24
1.117
2.9290000000000003
5.249
3.336
6.799
1.2590000000000001
3.844
1.304
3.564
2.057
3.105
1.976
3.2560000000000002
1.369
1.28
7.397
1.631
2.735
1.6360000000000001
4.971
6.418
1.868
1.798
5.73
6.282
2.14
4.839
7.7620000000000005
1.352
1.677
1.434
2.048
1.36
1.869
9.891
6.184
2.441
1.137
3.336
3.067
2.6870000000000003
3.353
2.733
2.414
4.863
3.645
1.951
3.504
3.0500000000000003
2.148
5.018
2.121
2.424
1.029
2.186
3.519
1.921
4.508
4.7860000000000005
2.202
2.184
4.813
2.082
8.266
2.945
8.303
1.85
5.144
6.542
1.296
1.063
0.975
2.191
2.045
3.484
2.6510000000000002
2.988
1.478
1.848
1.497
14.4
1.061
1.578
2.338
1.815
0.8260000000000001
13.819
2.0220000000000002
2.103
8.636000000000001
3.959
6.493
2.355
2.419
1.445
1.689
4.51
11.216000000000001
6.436
3.121
1.566
1.586
3.999
1.889
2.281
1.282
8.867
2.806
4.329
2.182
3.202
1.952
0.9520000000000001
3.15
4.119
1.673
2.706
1.4020000000000001
1.702
1.544
4.356
3.245
2.918
1.809
3.728
3.166
5.444
6.5520000000000005
1.856
4.197
2.181
2.436
2.359
1.56
1.2
1.976
5.5520000000000005
1.349
1.582
1.731
2.242
0.9490000000000001
6.399
6.091
2.769
20.432000000000002
3.474
1.9160000000000001
1.174
1.29
1.2670000000000001
0.9540000000000001
1.551
1.367
0.993
1.324
6.695
0.9540000000000001
3.4450000000000003
1.377
6.466
1.19
3.873
4.116
3.303
1.6320000000000001
2.1510000000000002
1.586
1.346
2.42
1.416
3.537
1.454
1.012
1.6640000000000001
4.623
3.248
1.935
1.042
11.135
1.442
1.212
1.227
5.336
1.481
1.854
5.69
1.705
2.883
1.032
0.867
3.619
5.982
3.424
2.552
2.016
2.797
1.225
2.969
9.255
1.762
5.256
5.566
11.292
2.826
3.539
1.708
5.9350000000000005
2.7800000000000002
6.03
2.5020000000000002
2.86
3.513
3.079
23.008
1.502
4.48
1.365
1.154
2.492
3.182
4.745
3.434
6.329
0.905
2.531
13.841000000000001
1.494
1.597
6.444
4.019
1.795
10.992
2.437
2.952
6.7860000000000005
3.129
1.339
1.927
10.449
2.968
1.651
1.256
3.7800000000000002
5.956
2.337
11.312
9.941
3.306
1.342
1.879
1.659
2.698
1.23
1.6520000000000001
1.224
13.408
4.874
2.637
2.402
2.928
4.972
1.674
1.852
1.366
1.4020000000000001
1.899
7.23
2.621
1.968
1.121
2.872
3.3890000000000002
1.366
2.096
2.367
3.021
1.3980000000000001
1.245
2.481
1.1400000000000001
3.015
2.64
1.465
1.162
2.589
1.194
1.933
27.082
7.301
3.665
10.852
1.431
0.995
1.549
2.172
3.416
2.3850000000000002
3.267
5.889
1.1380000000000001
1.114
2.699
1.234
1.549
0.839
1.863
9.049
4.541
1.8
10.805
4.482
1.7710000000000001
1.961
5.194
1.986
3.165
1.2730000000000001
2.553
2.479
1.966
1.487
2.05
2.22
2.691
2.263
1.6300000000000001
2.86
1.182
1.784
1.61
3.769
1.639
7.807
3.241
5.551
2.137
7.445
3.722
2.0
2.332
2.644
1.049
2.358
1.6640000000000001
2.2880000000000003
1.3820000000000001
1.233
2.6710000000000003
1.865
2.9130000000000003
1.2610000000000001
2.261
2.596
8.892
4.394
6.807
20.405
1.081
2.315
2.63
1.214
1.601
1.6520000000000001
2.277
0.966
4.222
1.338
1.605
1.42
2.095
0.84
9.127
3.505
3.358
1.289
0.8280000000000001
2.567
4.067
1.552
2.316
24.007
9.01
1.731
9.332
3.067
3.004
1.801
3.224
1.508
2.71
1.8
0.985
5.134
3.654
1.43
1.4000000000000001
1.3820000000000001
1.672
1.207
1.694
3.821
1.414
1.02
2.435
4.686
6.176
7.018
1.719
1.705
7.554
11.571
1.532
2.017
8.566
3.103
6.614
16.240000000000002
3.297
1.346
4.68
1.256
2.686
3.201
1.201
2.075
4.945
2.33
3.0
1.737
1.489
1.637
8.68
2.817
3.485
1.601
1.548
6.4750000000000005
1.344
2.352
1.8800000000000001
7.752
3.161
2.3040000000000003
2.495
1.238
1.774
1.361
2.6470000000000002
2.484
2.9410000000000003
2.508
4.651
1.3960000000000001
1.249
2.564
1.579
3.633
2.3040000000000003
1.414
3.468
2.025
1.478
4.171
2.84
2.988
0.889
1.147
2.712
2.68
1.835
3.759
2.138
1.84
3.206
1.599
2.344
2.41
1.059
3.505
1.9080000000000001
2.512
2.951
2.045
2.404
0.999
4.871
1.088
1.201
1.451
3.289
1.96
1.7710000000000001
5.179
2.108
6.8
11.563
2.2960000000000003
1.493
0.737
5.345
3.654
2.228
1.401
2.781
1.198
2.993
3.211
1.302
2.84
8.032
1.671
2.759
2.123
2.326
1.831
2.258
1.5070000000000001
3.291
3.282
1.377
2.233
38.798
1.488
1.811
3.315
1.1260000000000001
6.769
1.845
1.43
7.839
5.8950000000000005
2.931
2.62
1.117
2.184
1.338
3.371
7.497
7.589
1.68
1.445
2.053
1.9080000000000001
9.471
2.118
2.025
2.874
4.433
3.5580000000000003
6.256
1.281
1.618
3.29
1.352
3.834
5.4990000000000006
6.456
2.592
1.353
1.194
2.545
6.356
1.0190000000000001
9.434000000000001
1.556
2.979
4.901
2.857
2.06
9.123
2.016
2.455
1.389
1.653
3.769
1.573
1.06
1.762
3.3850000000000002
1.542
5.081
5.065
2.059
4.07
2.94
5.642
3.329
1.474
1.19
3.468
1.293
2.228
1.943
3.232
1.552
7.961
2.162
12.895
1.795
2.345
1.441
3.66
6.912
1.199
1.055
4.642
2.315
10.529
3.012
1.014
1.793
4.327
2.357
2.693
2.144
3.395
1.539
10.641
8.478
9.232
3.755
0.9540000000000001
0.79
3.931
10.217
2.354
1.23
5.184
1.212
1.604
3.364
3.722
4.734
1.43
3.74
1.921
2.6430000000000002
1.053
2.055
2.307
2.718
1.57
2.448
5.648
2.1710000000000003
1.571
1.486
1.456
3.15
3.568
2.997
2.49
2.0180000000000002
0.924
3.6
3.49
1.727
3.238
5.301
1.618
1.441
1.782
6.344
3.032
1.034
1.232
1.025
2.318
3.109
8.965
4.8
4.612
1.885
1.493
2.2840000000000003
4.51
1.574
1.845
1.0130000000000001
1.8980000000000001
1.285
1.3840000000000001
2.203
1.52
2.1510000000000002
6.901
1.314
1.154
5.695
4.947
7.498
1.566
0.927
1.861
4.067
2.279
6.041
3.113
2.25
3.184
1.596
3.5180000000000002
1.962
2.847
1.2770000000000001
1.081
4.066
10.975
4.123
4.524
2.197
3.749
3.343
1.283
2.682
1.1300000000000001
2.281
1.826
2.31
3.918
1.818
1.3940000000000001
1.453
1.552
1.375
1.693
3.5
3.14
6.675
3.2
1.76
1.2690000000000001
4.054
5.978
1.7530000000000001
2.1270000000000002
2.613
2.364
2.161
1.58
3.33
3.2520000000000002
1.246
5.425
2.8040000000000003
4.579
1.5050000000000001
2.297
2.266
1.983
2.691
1.328
1.342
1.025
2.201
1.596
2.446
0.984
5.284
1.602
1.387
1.716
2.965
3.672
1.324
1.499
1.837
2.411
2.199
3.457
2.263
7.237
2.859
2.169
0.9560000000000001
1.483
1.812
9.773
5.038
1.973
2.245
4.968
2.0100000000000002
3.4490000000000003
7.042
2.324
3.0220000000000002
1.829
1.86
2.3890000000000002
1.76
1.104
1.926
1.6320000000000001
1.459
1.196
1.006
5.564
9.219
1.368
1.592
4.47
2.206
2.462
1.695
8.299
7.182
6.103
3.615
7.6770000000000005
1.917
2.973
4.347
1.583
2.587
2.813
1.174
1.391
2.087
3.102
1.5250000000000001
2.319
1.415
1.383
1.141
8.318
1.685
1.35
4.445
2.993
1.576
13.935
0.9560000000000001
1.228
3.968
12.757
1.331
2.482
1.575
8.523
2.386
2.331
1.502
4.715
2.87
2.77
4.095
2.055
1.387
4.718
3.04
2.827
9.934000000000001
3.4530000000000003
4.827
7.9
1.931
1.155
3.839
1.8860000000000001
1.915
2.378
1.07
2.571
8.815
1.993
1.855
1.719
1.57
1.464
8.547
1.335
1.481
1.901
14.57
1.6380000000000001
0.994
2.665
1.822
4.508
2.888
2.013
1.497
7.014
3.688
4.557
1.214
9.163
1.143
20.682000000000002
1.194
1.463
0.987
2.104
1.462
1.6480000000000001
0.9590000000000001
2.977
1.22
3.269
4.932
1.238
3.103
3.678
1.793
3.879
2.336
1.11
1.094
1.374
2.23
1.637
7.0840000000000005
5.809
1.147
3.226
1.534
1.743
8.206
1.328
0.975
3.172
3.857
1.717
1.178
1.795
5.051
4.483
3.742
3.459
8.63
2.566
4.795
7.8020000000000005
1.7770000000000001
6.194
1.5270000000000001
3.233
1.588
1.857
6.487
2.722
6.102
4.496
3.572
1.313
2.984
1.147
4.8100000000000005
1.295
1.744
5.227
2.793
2.562
1.274
3.1350000000000002
2.641
1.907
4.921
5.921
3.8240000000000003
2.6710000000000003
3.975
1.788
1.4000000000000001
1.606
5.916
4.67
1.154
4.366
2.35
3.081
2.078
0.753
0.872
5.5
4.804
2.568
3.309
2.5020000000000002
3.906
1.692
1.331
0.913
1.282
7.868
3.646
2.723
2.708
3.56
1.679
4.812
3.499
2.435
0.907
4.029
2.02
1.548
0.834
4.312
4.2090000000000005
1.577
1.673
1.828
1.048
1.113
1.8
1.73
1.174
9.398
2.597
1.395
1.92
1.399
1.504
3.694
2.2800000000000002
2.623
3.012
2.005
1.335
2.411
1.874
1.409
3.2840000000000003
1.985
4.839
1.931
1.123
21.367
2.082
4.472
4.42
2.552
9.825000000000001
1.28
3.1590000000000003
0.86
2.572
3.318
1.196
1.324
4.0840000000000005
24.738
10.796
1.837
2.125
10.009
1.112
4.999
7.8340000000000005
1.469
1.314
10.363
2.169
5.962
2.154
2.611
7.444
1.922
5.192
3.085
1.7830000000000001
3.785
3.404
2.088
3.348
1.389
2.437
1.075
14.549
1.612
4.09
2.867
2.606
1.191
1.03
3.612
1.419
1.859
2.637
1.873
1.617
3.0420000000000003
1.423
2.5220000000000002
6.182
1.0150000000000001
1.3980000000000001
2.065
2.101
2.11
3.0540000000000003
1.311
10.757
1.675
5.567
4.535
7.071
3.31
2.0
10.86
2.5060000000000002
2.503
3.491
2.605
1.034
3.521
7.777
1.1500000000000001
1.1520000000000001
2.563
3.801
1.649
7.748
1.554
1.18
2.511
2.737
1.206
2.273
2.9330000000000003
1.17
2.257
3.521
5.7780000000000005
2.954
1.847
2.6750000000000003
1.054
2.602
2.414
2.366
6.7410000000000005
2.299
0.9560000000000001
10.397
3.1310000000000002
6.142
0.898
7.907
1.7830000000000001
1.74
2.14
2.1270000000000002
6.043
1.722
1.821
2.032
1.458
2.818
1.086
1.67
1.048
1.742
2.6270000000000002
3.975
2.066
1.428
1.47
2.834
6.057
3.318
1.853
1.562
3.443
4.312
1.483
2.223
1.198
1.8920000000000001
4.465
1.563
14.798
1.3940000000000001
1.201
2.033
1.548
6.266
1.458
1.21
1.988
5.205
2.874
1.239
8.91
1.182
3.628
3.96
3.492
2.119
1.708
5.097
3.479
7.219
2.853
1.924
3.744
1.81
4.8420000000000005
2.016
3.157
2.255
2.064
3.657
2.072
2.086
1.457
1.657
2.356
2.823
1.621
1.083
4.392
15.217
1.702
1.444
8.716
7.046
0.995
2.606
1.619
6.505
1.385
2.217
1.963
14.517
2.732
1.9160000000000001
3.997
5.01
0.928
1.518
11.72
2.185
1.641
3.4290000000000003
0.758
10.07
4.534
10.467
4.019
1.977
5.739
1.863
1.468
1.591
3.137
1.571
2.833
2.973
2.943
6.8950000000000005
1.979
1.704
7.154
1.283
1.226
4.738
1.805
16.916
0.811
8.322000000000001
1.718
7.692
1.963
1.625
3.226
1.935
2.0
1.35
1.0190000000000001
2.016
16.885
3.0100000000000002
3.371
7.0360000000000005
4.226
5.815
1.79
0.994
1.2790000000000001
8.631
5.98
7.949
1.497
2.17
1.284
1.459
0.9560000000000001
6.09
1.177
5.5360000000000005
2.319
2.374
0.903
1.3780000000000001
8.223
3.456
1.6380000000000001
4.3950000000000005
1.6360000000000001
2.244
1.02
1.41
2.1550000000000002
14.594
1.469
1.6360000000000001
1.095
5.333
2.508
3.334
1.7
3.0620000000000003
2.552
4.711
2.068
1.7630000000000001
2.218
1.558
1.459
1.345
1.62
3.075
4.864
1.843
3.898
1.52
5.543
2.261
2.539
1.6380000000000001
1.247
6.793
1.069
3.224
7.716
1.549
5.274
1.042
4.799
3.233
1.732
1.2750000000000001
1.241
6.113
1.22
12.657
4.798
3.924
1.608
1.6560000000000001
1.181
2.0420000000000003
1.9080000000000001
9.046
3.27
1.864
1.805
2.066
1.1
1.5
2.817
12.174
3.379
2.875
2.8040000000000003
1.689
1.459
2.746
1.057
1.163
2.245
7.26
4.057
5.264
1.47
2.354
6.438
2.241
1.727
4.013
21.578
2.109
4.006
2.763
3.351
1.187
1.3900000000000001
1.426
1.359
1.962
6.412
2.46
12.383000000000001
1.8860000000000001
1.416
2.861
1.562
2.181
1.293
5.456
4.152
1.315
4.197
1.75
1.562
6.243
2.082
9.408
0.9440000000000001
9.608
1.834
1.8900000000000001
1.565
6.632000000000001
4.864
7.751
3.465
1.532
1.467
3.315
1.793
2.093
1.105
2.16
6.425
1.687
2.093
4.299
2.096
0.871
1.3880000000000001
0.987
13.989
3.786
3.516
2.424
1.502
6.293
6.163
3.467
1.2630000000000001
2.353
2.666
1.329
1.959
1.823
1.578
2.556
5.646
2.9370000000000003
3.9290000000000003
1.44
1.807
1.879
1.214
1.6600000000000001
5.423
1.212
4.062
3.713
1.717
2.847
4.575
1.778
1.645
1.281
1.3800000000000001
9.064
2.92
5.439
3.085
4.247
3.24
7.105
2.512
2.13
4.0040000000000004
2.509
1.6560000000000001
2.021
11.991
3.783
2.484
3.798
3.118
2.963
4.456
4.222
1.183
1.716
1.483
1.364
1.717
2.6510000000000002
3.35
3.158
2.285
2.129
1.7890000000000001
1.029
1.555
2.1430000000000002
2.692
2.02
2.64
9.201
1.75
1.802
1.577
2.336
1.358
3.228
7.494
4.7170000000000005
1.838
2.814
1.17
1.043
1.187
3.544
2.291
4.2090000000000005
2.308
1.596
2.001
4.096
1.946
2.2600000000000002
1.53
2.426
7.815
0.861
3.133
2.437
5.053
1.796
1.294
1.713
4.703
1.987
2.973
6.251
1.53
2.455
5.272
3.093
1.006
1.025
1.933
1.514
6.856
3.404
6.291
2.2760000000000002
1.83
3.061
1.6480000000000001
1.2510000000000001
9.119
1.449
1.339
3.735
1.639
1.574
1.474
1.718
1.037
4.498
6.166
2.424
1.633
1.741
1.191
4.676
1.035
1.639
2.628
3.092
2.102
6.173
5.437
1.611
2.64
2.887
2.0180000000000002
12.964
1.224
7.523000000000001
4.2940000000000005
3.765
1.116
7.432
1.326
0.8270000000000001
3.478
9.71
1.457
1.278
1.593
1.245
1.7730000000000001
1.207
3.2680000000000002
1.567
4.652
6.347
4.708
2.142
2.083
1.5070000000000001
1.69
1.701
1.799
1.4020000000000001
1.175
1.617
4.311
1.6360000000000001
3.363
1.207
1.72
5.456
4.394
0.869
4.34
3.295
2.35
2.244
2.086
2.652
2.932
2.39
3.15
2.311
4.46
4.591
1.107
1.415
5.073
4.688
1.909
3.0180000000000002
1.111
1.536
7.436
2.486
4.127
1.248
11.539
1.5190000000000001
2.123
1.1300000000000001
1.105
4.045
3.616
3.616
7.933
1.961
1.124
3.736
4.212
9.378
3.02
2.367
3.6350000000000002
1.7790000000000001
1.803
2.146
2.819
1.704
2.1710000000000003
17.407
3.004
2.555
5.266
7.327
10.083
4.6370000000000005
1.387
1.122
1.692
1.464
9.959
3.111
4.316
7.6160000000000005
6.67
1.083
5.905
3.72
1.2510000000000001
1.181
6.602
4.883
5.785
9.643
6.275
2.52
9.0
13.5
3.564
1.051
1.6380000000000001
5.987
2.805
1.41
9.811
4.429
1.068
2.138
15.087
1.108
1.323
1.28
2.035
4.591
3.622
1.409
2.474
7.7490000000000006
7.268
2.221
5.324
1.799
3.125
5.976
1.474
2.14
2.133
6.016
1.33
1.159
2.576
2.455
1.498
2.243
2.791
1.808
1.707
1.9160000000000001
1.963
2.154
1.575
5.993
5.231
2.0460000000000003
1.598
1.9180000000000001
1.2770000000000001
2.837
1.7870000000000001
2.358
5.868
1.504
13.565
4.206
2.7800000000000002
11.742
1.438
2.928
1.414
1.826
1.83
1.8
2.608
1.119
2.215
4.634
6.437
1.456
4.731
1.887
4.796
8.207
2.403
1.9000000000000001
1.576
1.105
0.9560000000000001
4.066
4.655
1.793
2.512
1.692
1.893
1.748
3.007
4.937
4.5280000000000005
7.916
3.346
2.185
4.741
2.695
10.784
2.172
3.611
2.407
2.89
3.915
1.847
3.424
6.851
1.24
2.181
2.314
1.426
2.186
3.9330000000000003
4.258
3.1470000000000002
1.336
2.1350000000000002
3.684
2.055
1.746
1.242
7.689
4.303
5.974
4.453
2.1710000000000003
4.0440000000000005
6.167
2.164
1.935
8.728
1.653
1.554
2.431
1.871
1.836
1.071
1.742
2.68
3.585
1.926
13.675
1.965
3.335
1.354
1.583
2.06
8.739
2.828
1.727
5.987
4.0680000000000005
1.486
3.0300000000000002
2.653
3.88
1.3960000000000001
10.357000000000001
1.3900000000000001
2.219
3.146
2.309
2.968
1.608
1.233
0.9580000000000001
2.469
10.209
1.947
4.297
1.32
7.178
3.737
3.107
0.807
5.238
5.88
1.623
1.923
4.062
5.297
2.023
3.158
1.2550000000000001
0.905
5.92
1.68
2.936
2.16
1.355
1.0010000000000001
13.88
2.734
4.0840000000000005
1.826
1.057
1.7670000000000001
2.287
5.545
1.952
1.339
2.7760000000000002
2.789
3.5620000000000003
7.429
6.135
0.912
1.538
2.618
1.848
2.161
1.36
2.9
1.484
7.906000000000001
3.052
7.969
6.55
3.3970000000000002
3.6470000000000002
3.446
3.986
2.876
1.078
2.0380000000000003
0.966
1.717
3.826
1.025
4.07
1.692
1.141
4.188
1.726
1.8840000000000001
1.5270000000000001
1.346
1.2750000000000001
3.432
1.0190000000000001
1.814
2.566
2.6430000000000002
3.0500000000000003
2.497
1.292
3.7110000000000003
7.727
4.404
1.182
1.397
2.504
1.59
1.807
5.6930000000000005
1.123
4.856
3.017
2.073
0.874
1.846
2.513
5.101
6.049
1.151
7.327
3.382
2.6350000000000002
1.961
8.495000000000001
2.225
1.369
1.8820000000000001
4.261
2.603
1.247
1.203
1.8940000000000001
2.734
2.2560000000000002
1.692
1.7690000000000001
8.594
3.928
8.756
2.9
3.16
4.898
9.198
3.807
1.031
1.3780000000000001
1.631
3.68
0.9570000000000001
2.511
7.19
1.564
6.72
3.576
7.4590000000000005
2.939
2.154
2.825
2.406
1.103
7.799
1.317
2.696
14.964
1.373
2.688
3.38
1.675
4.5040000000000004
1.973
2.726
5.768
13.878
1.553
5.457
2.114
1.81
1.67
2.4250000000000003
1.587
2.492
1.301
6.846
5.299
5.92
1.207
2.436
1.7610000000000001
6.182
1.829
1.427
1.843
2.286
4.174
1.052
1.326
8.057
2.1630000000000003
2.158
2.384
1.6460000000000001
1.347
2.231
2.844
1.56
1.5090000000000001
3.842
1.745
6.113
2.388
1.7710000000000001
1.85
2.071
4.151
1.228
5.8660000000000005
18.208000000000002
10.401
5.66
1.036
1.821
2.378
2.024
7.141
1.67
3.923
1.973
1.37
1.627
1.395
3.802
1.377
1.5210000000000001
3.88
2.5540000000000003
2.983
2.834
1.336
1.947
1.697
1.104
2.588
1.6360000000000001
1.522
1.474
3.693
2.027
3.262
2.101
3.039
3.1
18.878
4.417
9.089
1.822
13.038
1.8940000000000001
3.6550000000000002
1.872
1.741
5.093
3.21
5.12
1.332
3.111
2.289
4.323
2.251
5.5280000000000005
20.644000000000002
1.155
9.507
2.839
1.943
1.489
2.065
2.162
3.0300000000000002
1.314
1.852
2.638
4.0920000000000005
10.428
5.287
4.894
3.438
1.372
1.6300000000000001
1.077
2.15
10.89
1.8940000000000001
1.171
3.1390000000000002
9.055
6.654
2.2680000000000002
1.473
2.6270000000000002
0.979
6.697
10.301
2.317
2.192
10.021
1.616
2.869
4.273
3.371
9.231
1.439
2.085
1.0130000000000001
11.005
1.221
2.509
3.082
1.8980000000000001
1.474
3.615
1.766
1.085
11.613
5.15
4.99
2.123
1.247
3.111
3.254
7.698
2.0220000000000002
1.35
1.793
2.366
1.427
2.072
1.168
3.083
6.005
1.31
1.881
1.946
2.396
3.435
1.463
0.901
1.837
2.072
1.483
2.228
1.32
4.922
2.358
14.790000000000001
0.917
2.027
3.818
2.374
2.448
2.649
8.557
1.183
1.816
2.335
3.576
1.8
0.9450000000000001
4.822
2.797
1.377
10.092
1.292
1.607
2.1350000000000002
2.7680000000000002
6.71
8.325
1.995
1.9100000000000001
3.637
1.6280000000000001
1.981
3.536
5.378
2.649
7.938
3.286
1.86
1.367
1.371
1.469
3.861
16.555
1.802
1.825
1.853
1.3760000000000001
4.581
1.334
3.233
5.312
1.341
1.0170000000000001
1.893
1.9040000000000001
1.42
4.601
1.155
3.091
2.032
4.144
5.097
9.934000000000001
2.1670000000000003
2.117
1.195
6.699
7.445
4.8870000000000005
5.329
1.367
2.166
1.8840000000000001
1.095
6.390000000000001
2.017
6.972
4.75
1.1
5.002
13.434000000000001
5.788
1.592
0.988
2.271
8.8
2.378
1.543
3.092
2.661
1.37
3.685
1.456
4.863
2.487
15.805
3.869
1.928
3.085
1.262
1.61
2.5220000000000002
1.579
1.444
1.185
4.923
1.208
2.19
2.97
11.607000000000001
2.372
2.392
8.235
1.3960000000000001
2.081
0.8290000000000001
1.063
1.799
12.243
1.165
0.978
2.308
3.407
2.653
1.385
1.776
2.497
0.927
0.854
1.713
2.936
0.8320000000000001
1.957
5.4990000000000006
4.479
1.118
10.875
1.2630000000000001
2.453
1.159
6.2940000000000005
3.009
2.464
2.312
2.318
6.155
13.41
10.876
2.114
1.295
1.602
1.9160000000000001
1.97
8.733
3.6310000000000002
2.5260000000000002
2.072
2.082
1.383
9.516
2.43
1.098
1.372
9.512
3.726
1.544
2.319
14.513
2.069
2.614
6.755
33.451
1.605
2.349
2.598
4.171
3.8930000000000002
5.815
1.524
3.16
13.348
2.4090000000000003
1.043
4.41
8.253
2.636
2.775
5.187
3.713
2.972
1.72
4.91
2.351
1.776
6.203
8.932
5.051
3.512
1.667
1.972
3.35
1.5030000000000001
2.821
2.374
1.526
1.728
2.293
1.105
1.716
1.633
1.462
2.373
2.138
1.3900000000000001
4.189
6.604
1.302
2.168
1.284
16.518
1.183
3.1710000000000003
2.008
3.201
1.264
2.098
1.668
1.293
18.472
2.454
2.872
3.524
3.17
1.106
1.045
2.4
2.033
0.968
12.366
1.726
2.492
3.099
2.45
1.709
2.201
2.119
1.264
1.452
1.389
1.685
4.085
2.968
3.188
6.947
4.7
7.602
2.73
17.098
4.205
2.225
2.426
2.569
2.951
3.019
1.325
1.584
3.7920000000000003
3.2640000000000002
5.245
2.9370000000000003
1.82
0.9500000000000001
4.523
1.289
2.822
1.123
3.165
3.896
2.367
8.281
5.477
1.705
4.331
1.264
1.438
2.412
3.229
2.461
6.567
1.283
2.403
0.721
1.276
1.819
1.964
4.489
1.076
1.169
1.489
1.225
3.211
2.079
6.782
4.992
5.275
1.7910000000000001
10.181000000000001
8.408
13.468
4.328
2.013
2.1710000000000003
3.1990000000000003
3.674
15.104000000000001
1.262
2.247
4.011
2.172
16.914
1.226
1.115
6.099
1.393
1.1500000000000001
1.68
1.467
8.409
2.463
1.547
6.093
5.487
13.913
2.114
1.691
1.693
5.745
13.051
1.625
2.196
4.76
1.559
4.707
0.99
2.581
3.253
1.99
5.596
0.91
1.162
1.033
3.12
2.134
2.865
7.194
5.723
1.7670000000000001
1.562
1.6580000000000001
5.048
1.03
1.276
3.052
1.774
1.722
1.5310000000000001
3.735
1.661
7.47
1.3880000000000001
6.057
1.579
1.7670000000000001
3.461
1.204
1.359
9.103
1.649
2.294
2.339
3.025
1.715
3.016
3.0620000000000003
0.998
1.083
1.12
10.184000000000001
2.051
1.707
1.4000000000000001
2.813
1.334
2.884
1.317
1.409
3.7920000000000003
2.083
2.125
4.04
1.674
1.762
1.8980000000000001
11.19
5.643
2.047
1.516
1.514
1.546
2.106
4.098
1.693
2.656
5.102
1.537
2.824
1.702
6.696
5.202
5.08
3.0500000000000003
1.796
3.189
3.979
1.02
1.182
0.979
3.604
1.451
1.51
1.4000000000000001
2.4090000000000003
4.53
1.633
1.206
1.9020000000000001
1.308
4.666
1.1420000000000001
1.345
1.379
0.985
5.716
4.208
7.8500000000000005
1.443
2.001
2.029
2.753
4.682
1.21
2.25
4.5120000000000005
1.421
14.464
1.1500000000000001
3.048
1.897
2.178
1.735
2.012
3.126
1.324
3.783
1.868
1.5350000000000001
1.883
23.737000000000002
3.263
3.165
3.3000000000000003
1.708
3.358
3.704
6.323
9.534
1.7510000000000001
8.639
13.445
1.858
1.846
7.76
1.816
1.359
1.522
1.601
3.874
2.479
6.465
1.936
7.256
1.833
2.1390000000000002
2.307
5.957
2.532
3.573
5.921
1.295
1.612
1.7830000000000001
1.5090000000000001
3.064
1.764
2.444
4.447
2.896
1.057
4.814
12.567
2.0380000000000003
1.1320000000000001
6.194
1.6640000000000001
1.982
2.233
4.189
6.45
1.2750000000000001
1.879
1.059
2.235
4.072
1.185
0.919
1.11
1.291
1.2650000000000001
2.924
6.835
1.568
1.2610000000000001
1.851
1.995
1.26
1.289
7.698
2.9
1.405
1.967
1.893
3.438
2.07
1.306
2.988
0.909
1.869
2.078
3.2520000000000002
0.863
1.34
1.528
5.25
4.979
8.975
2.999
2.72
1.374
1.576
2.061
6.806
1.149
13.384
2.904
7.447
1.421
1.852
2.7760000000000002
1.7790000000000001
1.163
5.505
1.473
1.7530000000000001
3.399
1.808
1.651
3.095
5.57
1.615
5.306
2.193
1.534
1.318
0.792
9.724
2.261
2.759
2.071
2.4130000000000003
4.351
2.637
1.583
11.875
2.565
5.53
2.499
7.091
8.647
4.714
1.676
1.163
2.826
7.3950000000000005
1.278
1.475
2.895
1.097
5.562
5.212
15.455
2.157
1.561
2.815
3.404
1.062
2.597
3.475
1.5070000000000001
2.411
4.971
7.68
1.36
2.312
7.404
2.274
2.188
1.885
6.0520000000000005
3.4130000000000003
1.7730000000000001
2.2760000000000002
1.327
3.935
2.15
1.608
3.275
2.116
1.8920000000000001
5.142
8.801
3.458
6.888
2.1710000000000003
1.0110000000000001
2.612
2.902
0.89
2.567
1.545
2.08
2.454
2.819
2.2600000000000002
1.598
4.7170000000000005
1.7710000000000001
4.864
1.608
2.161
2.695
1.092
1.708
2.453
2.235
2.509
1.434
1.534
2.795
4.888
3.342
10.759
13.389000000000001
5.309
1.4000000000000001
9.072000000000001
2.392
2.908
3.0
1.742
2.322
1.165
1.881
1.393
1.608
1.473
1.4000000000000001
1.171
2.324
5.968
27.906
2.7720000000000002
1.659
1.2630000000000001
3.1870000000000003
1.344
14.196
1.539
0.965
1.318
3.105
1.9100000000000001
1.804
1.162
2.718
2.582
1.236
1.649
1.411
3.1310000000000002
1.287
4.389
4.914
1.177
2.456
2.438
1.738
4.301
3.085
2.6590000000000003
9.24
3.944
1.563
3.024
3.5380000000000003
2.982
2.957
1.239
4.19
2.149
1.804
1.728
7.341
3.4090000000000003
1.435
2.327
8.389
2.198
3.317
0.994
2.066
5.633
1.193
2.347
1.242
1.489
2.2920000000000003
5.345
2.715
2.145
4.953
0.98
1.72
1.5
1.3860000000000001
2.474
1.569
1.195
2.5100000000000002
1.5150000000000001
2.855
3.9170000000000003
2.286
2.745
2.368
7.4110000000000005
4.92
0.98
1.729
3.269
3.0500000000000003
1.371
1.1300000000000001
3.1390000000000002
5.4750000000000005
1.066
1.701
1.369
1.984
1.733
17.375
3.624
1.278
4.541
2.209
1.8860000000000001
1.812
1.481
10.641
3.089
5.058
3.511
2.052
2.111
5.32
4.08
0.857
6.995
2.988
3.591
2.114
7.6610000000000005
1.6400000000000001
1.34
4.573
2.0300000000000002
2.3810000000000002
1.3920000000000001
3.219
13.224
3.258
1.928
2.7760000000000002
1.589
1.867
1.6260000000000001
2.096
3.123
4.5920000000000005
3.21
2.11
2.036
1.668
2.323
1.683
2.516
7.3660000000000005
2.145
1.596
1.158
1.143
2.574
1.03
1.065
5.62
2.1
2.573
2.987
7.867
2.2840000000000003
1.846
1.874
0.973
2.258
2.472
8.766
4.619
4.53
2.976
3.613
8.986
4.3340000000000005
1.439
9.852
3.886
3.809
8.223
28.978
1.9180000000000001
3.967
3.2760000000000002
3.118
2.354
2.154
1.216
1.335
2.559
2.219
19.944
3.082
2.079
4.8020000000000005
2.194
2.0
6.006
1.6460000000000001
4.702
3.031
2.923
4.155
5.805
1.008
3.214
1.049
3.731
20.334
6.734
1.45
1.0190000000000001
1.168
1.975
5.097
1.532
1.2570000000000001
3.239
3.456
8.839
6.431
2.215
1.308
2.181
1.317
1.798
2.1550000000000002
2.164
3.966
8.974
2.294
1.641
1.405
4.158
0.999
1.338
3.418
2.231
2.354
2.949
1.554
4.2940000000000005
7.6930000000000005
2.14
1.3820000000000001
2.7640000000000002
2.032
2.177
1.6300000000000001
4.279
2.156
3.138
2.868
1.851
1.07
1.407
2.137
4.838
3.604
0.897
1.851
5.583
8.045
3.305
1.315
5.806
1.678
1.131
11.498000000000001
1.325
0.87
1.293
2.211
3.3850000000000002
3.567
4.029
1.104
1.435
1.098
1.797
1.669
1.12
5.511
6.273
4.705
2.567
4.577
32.073
2.533
1.593
1.307
1.643
1.301
5.518
2.6550000000000002
3.71
1.514
1.18
3.188
1.715
1.744
1.841
11.227
2.6550000000000002
5.1000000000000005
1.41
2.43
1.413
2.206
2.0340000000000003
7.416
3.1590000000000003
1.7610000000000001
1.874
4.593
1.153
2.618
3.281
2.1470000000000002
1.553
8.548
1.246
1.725
1.97
1.7750000000000001
1.5090000000000001
5.83
2.179
1.206
1.171
3.52
1.12
2.206
2.567
1.219
1.462
8.042
1.155
1.557
4.064
2.939
1.379
1.807
1.655
3.051
3.848
1.1280000000000001
1.53
28.808
1.926
9.934000000000001
2.6870000000000003
6.056
2.5260000000000002
1.829
2.119
2.044
1.193
4.384
3.221
2.011
9.734
1.57
10.357000000000001
3.197
3.947
2.172
4.043
1.749
1.921
0.998
1.774
1.11
2.189
4.292
2.087
7.0
2.254
3.1830000000000003
1.843
1.812
1.549
3.878
2.616
1.925
4.496
6.188
2.12
8.24
6.0280000000000005
2.294
1.895
1.198
3.3890000000000002
6.149
2.0060000000000002
4.19
6.243
1.847
2.182
1.338
2.061
2.855
1.314
6.386
1.801
3.626
2.353
0.9560000000000001
2.247
4.907
2.007
9.744
2.842
1.518
3.868
9.149000000000001
3.45
2.091
1.694
1.788
1.318
6.106
10.369
1.7510000000000001
3.376
1.545
4.473
0.8290000000000001
1.321
2.505
21.666
5.055
6.68
6.495
2.7920000000000003
7.0760000000000005
5.9510000000000005
4.49
3.508
3.572
6.98
3.457
2.924
1.934
5.787
2.815
2.7760000000000002
1.236
1.448
1.577
4.9
1.575
2.195
1.45
1.564
8.678
2.312
1.166
1.29
2.35
2.578
4.586
1.395
2.614
2.569
1.815
1.832
1.566
1.74
9.589
2.5140000000000002
2.364
2.461
3.904
1.598
1.045
1.037
1.349
1.502
3.095
5.649
7.985
1.55
3.468
2.645
2.785
1.325
4.063
4.0120000000000005
4.142
3.8930000000000002
2.12
1.2510000000000001
2.747
1.6360000000000001
2.2800000000000002
1.452
3.673
1.381
3.198
1.149
3.611
3.625
2.771
9.746
3.248
2.392
1.226
2.729
4.941
2.202
8.473
1.363
2.658
2.587
2.428
0.9490000000000001
1.52
0.929
1.471
1.651
1.608
12.279
2.028
1.635
1.46
1.739
1.676
3.537
2.652
1.713
2.411
4.987
2.054
1.223
1.025
1.942
3.649
1.014
9.133000000000001
2.395
2.7640000000000002
2.318
4.447
1.35
1.0110000000000001
2.515
5.6770000000000005
2.111
3.232
9.309000000000001
1.19
1.922
1.086
10.171
2.826
1.447
1.3880000000000001
2.985
1.7910000000000001
1.051
8.379
2.146
2.187
3.111
3.317
2.335
1.874
3.676
4.652
0.769
4.244
1.345
1.6460000000000001
1.612
3.153
2.218
1.823
29.119
1.417
2.355
1.31
6.424
2.648
1.418
1.025
2.757
3.1590000000000003
0.9420000000000001
2.6390000000000002
2.11
2.748
4.043
6.45
6.014
1.7710000000000001
2.822
7.4830000000000005
10.041
1.6420000000000001
2.2880000000000003
1.188
1.0210000000000001
0.9590000000000001
1.223
1.214
1.408
1.619
1.433
6.461
1.619
1.974
2.456
2.47
4.888
2.265
1.045
3.623
1.127
4.232
2.688
2.907
1.944
1.062
1.614
2.221
0.879
1.716
5.752
4.117
2.061
2.576
2.395
2.734
14.574
6.939
1.954
1.709
4.194
1.6260000000000001
3.053
2.486
1.573
5.737
2.947
2.419
3.203
1.179
6.854
1.424
1.727
3.415
1.866
16.482
2.375
2.9090000000000003
1.198
2.936
2.517
3.09
2.124
2.196
12.778
4.922
3.2760000000000002
2.298
6.7540000000000004
1.925
1.971
1.308
4.5200000000000005
2.944
1.314
2.194
2.24
2.093
1.5330000000000001
1.278
3.091
3.33
7.079
1.861
1.416
1.639
1.428
1.3840000000000001
1.698
1.237
4.0200000000000005
1.594
1.983
11.366
2.027
1.61
2.5260000000000002
1.706
5.808
1.266
1.54
1.133
8.479000000000001
1.285
2.236
5.418
3.349
0.892
1.848
1.874
1.612
13.957
3.31
3.924
3.142
1.303
2.337
1.389
1.201
1.73
4.423
1.449
1.111
2.179
12.379
1.12
10.726
1.728
0.883
3.942
1.3920000000000001
1.181
3.7720000000000002
4.121
1.3920000000000001
5.952
7.202
2.265
10.344
2.365
1.2570000000000001
5.679
6.897
11.324
2.437
1.55
2.13
10.734
1.641
2.032
1.723
2.071
1.506
1.069
1.1260000000000001
1.522
3.213
5.5280000000000005
2.493
2.801
2.713
2.567
5.731
1.612
2.573
1.975
2.955
3.581
8.107
2.535
1.62
1.6500000000000001
3.594
1.37
1.9060000000000001
4.9510000000000005
8.102
1.538
5.767
2.451
1.7790000000000001
1.371
2.1550000000000002
12.564
2.987
8.123
1.379
2.35
1.441
3.852
1.297
1.53
8.063
30.496000000000002
2.599
2.497
8.139
2.607
2.309
1.568
1.238
2.321
1.678
1.305
2.095
1.561
9.51
1.8860000000000001
6.944
2.072
2.33
2.186
1.8800000000000001
3.145
1.0170000000000001
0.724
4.551
1.112
2.999
3.489
2.21
5.361
1.407
2.825
1.728
2.315
8.307
1.214
2.974
1.415
4.659
3.391
3.18
1.836
1.215
1.438
1.758
10.965
4.139
1.306
2.626
3.487
7.236
1.469
1.999
0.918
1.982
9.228
2.0180000000000002
7.18
1.536
7.147
11.423
3.336
10.814
2.588
1.953
7.819
14.928
5.305
1.725
1.291
3.6390000000000002
2.703
2.387
22.889
3.475
1.424
1.315
0.982
0.987
5.964
1.222
3.511
1.216
8.291
5.981
2.861
1.611
1.425
2.119
0.979
2.621
0.993
1.749
1.925
2.373
4.484
2.07
1.106
1.92
2.783
3.96
2.1630000000000003
5.357
4.905
2.204
1.17
1.917
2.907
4.042
3.218
3.282
9.64
1.431
1.735
1.236
2.93
3.6670000000000003
4.902
3.912
1.5270000000000001
2.36
0.875
1.5090000000000001
1.703
0.932
1.708
2.36
1.87
1.949
1.044
1.754
6.2
1.165
13.649000000000001
1.203
3.483
1.852
3.085
9.012
2.219
1.701
2.73
3.837
7.4
1.737
2.884
1.963
2.811
2.769
1.233
1.694
2.475
1.262
1.885
3.095
7.394
11.064
3.492
1.871
4.632
2.744
19.12
4.4350000000000005
0.974
2.962
5.245
6.123
5.756
1.97
12.984
1.216
1.643
2.985
1.7910000000000001
2.418
3.306
2.0100000000000002
1.161
1.814
1.733
4.904
0.993
2.564
6.6160000000000005
5.8260000000000005
4.986
5.414
1.895
3.684
3.065
1.727
3.338
3.656
3.208
1.45
3.544
3.844
0.856
8.339
5.833
1.214
1.371
6.795
9.106
1.107
2.68
6.918
7.364
1.393
1.2770000000000001
9.962
10.568
3.156
3.207
2.402
1.69
3.082
5.402
1.412
4.125
2.0460000000000003
1.895
3.996
3.107
16.466
1.314
7.428
1.195
0.9390000000000001
1.412
2.563
1.299
2.559
0.906
4.796
6.128
5.918
2.217
2.402
0.9460000000000001
3.281
3.423
6.968
2.065
1.616
5.2250000000000005
1.805
2.755
5.625
1.589
4.657
3.552
2.46
8.794
1.49
1.164
1.601
1.514
2.604
2.153
0.879
3.1
3.879
6.489
3.078
1.699
3.0420000000000003
1.244
1.588
3.688
1.302
2.261
1.043
2.297
4.234
1.045
2.713
1.3940000000000001
5.141
8.214
2.662
8.13
1.184
1.945
3.601
3.157
5.619
2.845
18.086000000000002
1.133
1.264
2.437
1.77
1.625
0.788
2.115
1.723
1.0150000000000001
1.721
5.477
1.202
1.035
7.061
1.514
0.994
3.112
1.557
3.442
11.621
13.279
4.03
1.6260000000000001
11.661
2.11
2.138
2.109
1.239
1.0230000000000001
1.082
2.184
0.935
1.786
5.666
7.2010000000000005
2.543
9.661
1.964
6.7250000000000005
2.602
2.86
1.861
3.4090000000000003
1.035
5.5
2.548
6.381
6.759
1.0090000000000001
2.591
1.867
3.339
1.114
2.23
1.174
6.574
1.577
2.317
5.481
3.37
1.1280000000000001
5.641
1.578
1.635
1.412
7.972
1.141
6.517
1.064
3.42
2.424
1.3880000000000001
2.829
2.4170000000000003
4.89
11.697000000000001
2.649
3.009
1.504
5.687
2.228
2.681
4.025
9.107
2.113
4.782
1.975
1.215
1.543
1.074
1.833
2.104
2.754
2.044
3.48
3.895
3.795
1.097
2.373
1.2530000000000001
1.7730000000000001
4.2010000000000005
1.556
1.946
2.709
5.276
3.396
2.231
4.015
4.1610000000000005
4.214
1.828
2.717
2.003
2.2720000000000002
1.514
5.93
1.149
4.821
2.81
3.491
2.467
4.135
8.709
4.386
1.976
2.39
2.204
2.316
2.5300000000000002
1.022
1.3940000000000001
1.99
15.025
4.477
1.375
3.52
2.065
1.04
6.5840000000000005
1.359
2.225
2.214
1.485
1.708
2.745
6.382000000000001
1.37
1.5050000000000001
5.518
6.971
10.033
0.997
4.525
6.118
2.22
2.836
1.357
1.984
3.323
3.855
3.234
1.299
1.371
3.358
1.369
3.283
4.442
1.589
2.673
4.477
1.822
1.845
12.55
8.544
1.464
7.514
8.36
3.186
1.31
1.422
3.77
0.897
10.672
1.913
1.1280000000000001
12.749
5.027
1.547
1.701
2.793
2.297
2.187
5.775
1.307
7.719
8.863
1.752
5.99
4.315
0.86
3.372
3.569
1.599
1.143
2.347
1.433
1.368
1.6
1.752
8.582
3.116
2.703
2.361
1.699
2.314
4.8
1.635
4.406
7.753
2.215
12.98
4.211
0.9420000000000001
2.696
1.7910000000000001
2.0140000000000002
11.33
4.491
6.473
2.144
1.5150000000000001
10.741
1.141
1.423
2.101
4.729
2.099
2.078
1.8820000000000001
2.697
1.619
3.694
3.531
1.381
1.62
3.994
2.709
1.1500000000000001
1.461
0.98
0.9390000000000001
0.904
1.465
1.434
1.8
1.266
3.946
0.976
1.25
1.215
1.022
1.303
2.141
7.609
1.226
1.362
2.06
4.807
13.475
2.57
2.464
1.186
1.812
6.093
2.398
6.944
1.248
1.219
1.3980000000000001
1.666
2.0340000000000003
1.929
2.938
2.658
8.895
9.066
3.762
2.641
2.902
3.606
1.866
1.7670000000000001
8.018
2.587
1.375
5.934
4.71
1.484
6.926
2.572
6.7010000000000005
8.615
7.8660000000000005
1.576
2.968
2.3810000000000002
1.468
2.431
3.024
1.53
2.0220000000000002
7.178
2.241
3.327
4.341
1.639
10.137
2.119
1.647
18.801000000000002
1.588
1.049
1.7830000000000001
7.3260000000000005
3.801
11.734
3.5060000000000002
2.335
2.342
0.8310000000000001
3.285
1.025
1.103
1.823
1.814
9.961
2.588
1.414
1.051
2.705
1.674
1.563
3.7070000000000003
6.9350000000000005
7.328
1.249
6.606
4.473
7.618
9.584
2.5260000000000002
12.442
2.994
2.17
1.187
2.4010000000000002
1.774
2.396
2.958
5.014
0.984
1.434
1.45
0.8300000000000001
1.9120000000000001
1.7910000000000001
1.448
3.19
2.229
0.9530000000000001
6.338
2.238
2.703
1.08
3.363
5.008
5.2540000000000004
1.586
2.174
12.018
2.128
1.979
3.583
4.327
1.321
2.487
8.14
20.165
4.723
1.87
1.286
5.838
1.854
3.619
4.034
1.154
14.045
3.666
3.068
1.223
1.237
5.077
2.684
1.729
2.1750000000000003
1.449
11.277000000000001
1.7690000000000001
2.658
3.834
6.534
2.567
4.327
2.3770000000000002
2.6630000000000003
2.253
1.8840000000000001
1.957
1.061
2.056
1.348
1.601
1.7790000000000001
1.319
4.546
1.246
3.121
2.048
24.955000000000002
0.985
5.227
2.483
2.82
2.694
1.688
1.573
1.356
2.539
2.277
1.288
1.024
1.216
1.695
4.126
1.579
1.5
1.333
1.676
18.729
1.6460000000000001
9.306000000000001
1.577
1.226
1.798
7.944
2.1310000000000002
1.202
1.0010000000000001
17.827
2.894
1.6540000000000001
2.184
2.509
1.945
2.084
1.372
1.155
2.4210000000000003
2.394
1.183
3.122
1.461
1.868
1.723
3.847
1.5030000000000001
1.0030000000000001
1.323
2.388
1.497
1.6640000000000001
5.746
2.716
1.243
5.601
3.8280000000000003
3.263
2.22
2.2640000000000002
2.177
1.212
0.8320000000000001
4.471
3.685
2.589
0.999
3.0660000000000003
9.518
3.622
1.609
1.117
1.58
3.1350000000000002
4.424
1.248
4.502
4.659
4.013
1.722
4.624
3.983
1.391
2.809
1.666
2.199
1.443
3.165
6.62
2.85
3.549
2.207
1.624
4.056
1.223
1.318
3.487
1.197
4.852
1.7590000000000001
23.896
1.276
0.797
4.307
5.446
1.835
2.4050000000000002
1.291
4.322
3.258
1.462
1.583
1.883
2.498
3.596
1.621
2.523
3.524
1.2510000000000001
34.386
1.329
3.094
4.706
3.33
1.445
3.364
1.671
1.37
1.201
2.748
1.2690000000000001
4.429
1.104
2.986
12.883000000000001
8.137
1.572
1.924
1.07
1.433
1.952
3.6470000000000002
1.492
21.194
1.959
2.717
1.2690000000000001
1.947
6.83
3.491
1.3980000000000001
2.853
1.464
2.484
6.202
0.984
2.4130000000000003
2.906
1.9000000000000001
1.022
4.976
3.951
2.248
1.292
4.1450000000000005
2.719
1.8900000000000001
4.624
5.806
6.571
2.46
1.342
2.172
3.509
1.999
1.048
5.09
2.632
6.293
4.932
1.164
1.379
1.036
1.397
3.076
22.719
2.568
2.475
1.223
2.681
4.811
1.348
1.951
4.97
8.036
3.089
5.1530000000000005
1.476
2.481
6.396
1.83
3.344
1.061
1.641
1.973
2.8120000000000003
1.031
1.53
1.7730000000000001
4.849
0.901
1.868
0.86
2.293
2.555
1.043
1.994
2.536
5.954
1.215
1.243
5.487
4.556
2.196
7.205
1.091
1.1320000000000001
3.6270000000000002
4.299
2.319
3.954
1.6500000000000001
4.0600000000000005
3.767
1.732
3.989
2.782
1.554
2.589
4.668
2.093
1.7850000000000001
8.228
1.619
2.464
2.107
1.036
2.742
3.275
1.969
0.899
1.341
2.4
2.501
7.009
1.633
1.845
1.551
2.406
2.485
1.924
6.158
2.259
4.601
5.648
0.896
5.635
6.674
5.401
14.25
2.31
6.571
3.378
2.314
8.404
1.5230000000000001
1.938
2.432
7.716
2.73
1.348
2.9250000000000003
1.409
1.927
2.035
2.737
2.483
1.047
4.875
2.652
3.172
1.964
2.185
2.85
2.6510000000000002
1.3
1.587
2.755
1.374
4.149
3.2
5.533
1.93
2.301
5.045
2.447
1.0130000000000001
2.177
1.546
2.899
3.9090000000000003
1.721
3.997
3.236
1.416
1.03
1.77
1.516
10.843
3.258
3.814
3.358
5.474
2.2840000000000003
3.6430000000000002
2.971
2.691
2.493
1.139
5.348
1.426
3.907
3.302
4.728
1.385
6.534
2.617
4.731
2.65
1.589
1.208
1.666
1.5190000000000001
3.779
2.99
1.427
0.675
2.605
2.961
2.4130000000000003
6.19
2.119
2.9410000000000003
1.522
2.665
8.233
1.125
2.028
3.738
3.6510000000000002
7.847
1.633
4.416
1.59
1.866
1.702
2.245
5.995
4.583
2.071
1.665
1.558
1.547
2.036
5.74
1.42
1.572
0.769
4.418
2.819
2.378
5.689
4.231
2.23
2.4290000000000003
1.047
6.327
1.3980000000000001
3.114
2.525
1.875
2.8890000000000002
1.6400000000000001
8.348
3.511
2.196
1.563
4.157
1.731
0.93
6.369
2.458
5.773
3.964
2.2880000000000003
1.206
5.7
5.369
1.542
1.974
4.66
1.989
1.6620000000000001
2.686
1.287
8.103
2.359
1.747
3.6670000000000003
1.099
1.607
1.432
2.117
1.071
2.33
2.45
1.497
1.2710000000000001
2.644
1.917
1.366
1.485
1.3960000000000001
2.755
1.49
2.691
2.138
1.343
12.345
3.7560000000000002
1.758
1.518
1.343
0.994
2.62
1.34
1.349
4.613
2.587
1.065
1.3920000000000001
1.688
8.625
2.541
21.833000000000002
1.04
1.186
3.141
2.341
2.125
2.462
3.0620000000000003
1.549
2.082
0.754
1.679
1.36
0.874
4.05
4.134
8.001
5.283
1.079
3.055
3.232
1.229
3.81
4.438
1.346
1.111
1.115
3.086
2.376
1.485
2.119
2.578
6.617
2.852
1.3
1.788
5.643
3.215
2.673
1.9040000000000001
2.4290000000000003
1.203
1.532
3.465
3.1990000000000003
5.195
12.040000000000001
7.752
6.792
1.742
3.4290000000000003
1.486
1.367
2.165
1.44
0.963
5.437
10.417
0.9560000000000001
3.314
2.0060000000000002
0.772
0.964
1.442
1.958
1.768
2.7960000000000003
1.581
1.8820000000000001
2.158
3.2840000000000003
1.6540000000000001
3.364
2.467
1.788
1.195
3.801
1.647
0.899
1.744
1.693
2.384
2.79
1.683
7.140000000000001
1.766
13.426
3.0020000000000002
1.37
4.923
2.194
2.5260000000000002
2.356
1.1360000000000001
2.172
3.091
1.357
1.581
5.335
4.147
12.05
5.851
3.032
3.027
5.339
2.7560000000000002
1.444
4.259
5.049
10.189
1.076
2.273
2.007
4.376
1.742
2.584
2.613
1.056
2.492
1.481
4.643
2.739
2.619
2.3850000000000002
3.75
4.172
1.994
8.649000000000001
1.844
1.807
4.232
1.653
2.218
2.458
11.169
1.248
1.224
6.255
2.406
3.998
3.9090000000000003
1.3980000000000001
1.236
2.419
2.96
5.198
12.938
16.317
2.658
1.7690000000000001
8.347
1.651
2.623
3.649
2.681
2.3770000000000002
1.308
1.228
1.174
5.505
1.676
1.532
1.8760000000000001
1.328
1.965
1.31
1.339
3.353
1.5090000000000001
6.4990000000000006
5.801
2.153
1.076
2.116
2.278
1.885
3.229
1.332
1.805
2.044
1.008
1.434
2.599
2.324
1.959
1.464
5.651
2.168
1.856
1.3760000000000001
2.379
1.837
1.2770000000000001
1.889
1.979
1.366
2.81
6.868
1.7710000000000001
2.37
9.185
2.079
2.07
1.466
1.496
1.345
1.5030000000000001
18.742
1.36
1.408
2.04
1.532
1.176
1.5130000000000001
1.322
2.1430000000000002
3.5820000000000003
11.495000000000001
3.119
1.696
2.366
1.639
1.368
5.82
1.877
1.723
1.77
3.087
9.953
1.7750000000000001
2.072
2.9090000000000003
3.9290000000000003
1.516
4.121
3.4450000000000003
4.446
2.521
15.18
1.591
11.200000000000001
2.082
2.189
4.972
1.36
1.067
1.18
1.693
6.045
1.416
3.581
3.406
2.1550000000000002
1.299
8.911
11.956
5.377
1.5330000000000001
1.379
3.484
2.2920000000000003
1.215
1.393
1.788
3.357
2.512
2.608
1.801
1.42
1.5110000000000001
1.113
2.704
6.3180000000000005
1.5330000000000001
1.046
1.2630000000000001
7.682
2.119
0.885
1.456
2.712
1.61
1.245
2.462
16.105
1.044
0.754
1.025
1.451
2.1390000000000002
1.7790000000000001
3.1990000000000003
1.7530000000000001
8.266
2.597
2.453
1.135
3.265
6.123
1.453
1.227
2.442
0.894
2.6790000000000003
2.532
1.7530000000000001
4.686
17.224
3.1350000000000002
1.627
1.74
14.483
7.231
1.703
2.036
2.197
1.27
12.542
2.516
1.184
2.652
1.516
1.59
2.948
8.501
3.4
1.6300000000000001
1.786
3.14
4.851
1.6260000000000001
1.514
2.307
5.214
2.072
3.462
10.551
1.8
2.879
1.772
3.419
1.551
1.3860000000000001
2.314
3.947
3.0500000000000003
1.493
0.909
6.133
1.1260000000000001
2.593
2.994
4.815
1.945
4.171
1.458
1.117
1.309
3.347
3.123
1.611
1.857
1.589
2.474
2.5180000000000002
6.539
1.317
4.449
3.789
1.405
2.081
1.377
7.799
1.804
17.198
2.843
1.22
3.013
2.593
1.985
4.353
2.495
3.019
1.873
2.832
3.556
2.146
1.539
2.008
2.192
2.884
1.512
2.333
2.39
2.606
1.8880000000000001
2.062
3.743
2.229
1.066
3.637
1.616
2.805
7.256
1.8760000000000001
8.451
19.722
0.928
6.708
1.538
1.185
2.1630000000000003
1.129
3.5820000000000003
1.474
1.566
1.734
5.757000000000001
3.865
5.418
3.075
2.894
8.493
3.79
3.015
1.905
1.633
2.79
1.986
9.575000000000001
1.123
1.221
4.665
4.0360000000000005
8.087
3.5820000000000003
2.652
1.102
6.545
15.67
1.282
1.245
1.659
2.95
1.01
1.994
2.206
5.595
1.2730000000000001
1.408
1.19
1.435
2.88
2.216
5.938
2.7560000000000002
2.113
1.959
1.304
3.3970000000000002
3.845
12.507
1.9040000000000001
4.47
1.3780000000000001
5.134
1.522
6.002
6.401
8.984
7.442
2.957
2.145
5.572
1.473
2.091
3.274
1.213
1.172
3.745
0.903
1.295
1.537
3.875
2.019
15.568
4.2620000000000005
1.285
1.962
0.843
2.103
6.675
1.498
1.129
2.541
1.268
4.148
1.381
1.809
1.059
1.534
1.633
2.089
4.398
2.145
1.561
1.1420000000000001
0.927
6.422
2.419
2.185
0.992
1.119
1.433
1.616
1.577
2.572
1.059
1.315
1.926
2.332
3.72
2.141
8.256
1.677
1.861
3.628
9.968
8.413
1.309
2.162
1.625
1.731
2.504
2.129
2.928
1.412
3.339
5.918
2.0
3.4050000000000002
16.932
1.891
3.036
2.369
1.354
3.142
9.808
4.229
0.9510000000000001
1.117
2.246
5.244
6.656000000000001
17.795
6.905
2.757
1.122
3.273
1.823
1.593
1.345
2.211
3.9170000000000003
5.261
2.23
1.196
1.3780000000000001
22.279
3.775
1.364
7.059
1.982
1.147
2.126
1.959
0.755
1.542
1.3780000000000001
2.6510000000000002
1.31
3.209
1.974
1.3800000000000001
1.317
4.815
3.438
2.156
1.213
5.719
0.984
5.284
1.8880000000000001
2.32
4.453
1.711
2.325
6.385
1.944
3.317
4.063
3.732
3.407
4.556
1.993
1.742
2.22
6.139
9.569
1.817
3.439
2.426
2.898
3.099
9.74
2.508
15.387
3.6630000000000003
4.183
1.518
20.686
1.153
3.174
1.683
2.7800000000000002
2.775
2.189
16.229
3.95
3.781
2.052
5.7860000000000005
1.422
9.104000000000001
3.632
1.978
1.818
3.644
1.687
9.98
1.566
2.258
5.945
12.598
2.441
25.03
3.637
3.657
4.567
1.973
1.102
17.192
2.906
0.925
1.418
1.155
1.599
4.49
2.176
5.01
1.51
6.0280000000000005
2.944
3.226
19.8
1.287
1.5350000000000001
5.156
1.188
1.956
4.7170000000000005
1.361
0.838
1.332
1.925
2.5060000000000002
2.431
1.044
1.9080000000000001
4.999
5.407
1.2790000000000001
4.027
1.6380000000000001
1.483
1.653
2.223
4.49
1.193
8.707
6.146
2.738
1.131
1.137
2.8040000000000003
5.853
2.435
1.272
3.5780000000000003
4.182
1.694
2.617
2.915
1.703
1.737
2.42
1.837
3.084
2.354
3.497
3.5660000000000003
1.78
0.987
4.1930000000000005
2.9330000000000003
1.188
2.426
1.466
15.122
1.194
1.49
2.169
12.632
0.876
1.801
8.502
6.025
2.283
1.232
1.121
2.562
4.67
2.642
3.063
1.701
1.022
1.924
0.915
5.14
1.691
3.807
0.925
3.18
2.065
1.29
1.733
11.122
1.455
24.954
2.206
14.972
2.116
1.268
19.251
1.885
1.425
3.6390000000000002
1.668
6.654
2.012
2.193
2.607
2.3040000000000003
1.921
13.739
2.79
1.941
14.335
1.567
2.467
1.776
1.998
1.091
3.17
9.358
3.412
2.274
1.395
3.485
2.249
2.458
1.6280000000000001
3.4090000000000003
5.805
2.286
1.1500000000000001
1.7550000000000001
1.113
1.174
1.754
1.994
0.913
1.393
2.236
3.5300000000000002
9.549
1.2570000000000001
4.415
3.321
3.778
6.589
6.2010000000000005
5.529
1.9060000000000001
1.6280000000000001
1.012
1.85
1.6600000000000001
1.558
1.734
1.365
3.843
6.985
2.496
1.594
4.032
3.9290000000000003
2.597
4.731
1.622
11.373000000000001
24.552
1.031
2.674
1.601
0.994
5.985
2.213
2.361
6.412
1.439
1.524
7.5120000000000005
2.402
1.1360000000000001
2.6710000000000003
3.581
1.3860000000000001
1.603
2.775
4.715
3.5540000000000003
1.7890000000000001
2.689
1.319
8.927
5.9750000000000005
6.63
4.603
3.609
1.442
3.233
1.67
1.667
2.487
2.371
3.728
5.485
4.244
1.6340000000000001
7.115
1.965
1.847
3.855
1.973
2.907
4.545
2.427
2.365
1.302
1.417
1.069
1.5070000000000001
2.228
8.620000000000001
4.667
3.356
2.494
7.75
11.838000000000001
8.296
5.7090000000000005
6.442
2.17
3.428
1.678
1.793
4.487
3.086
0.96
1.967
2.513
3.451
2.416
2.404
8.959
1.811
4.255
1.758
1.239
6.635
1.734
2.111
2.362
2.407
2.242
25.766000000000002
1.736
2.632
1.159
1.678
1.846
4.561
1.324
2.443
6.407
1.622
3.825
7.1240000000000006
2.057
1.9100000000000001
3.821
4.53
1.439
3.895
2.862
2.107
1.713
1.282
1.514
2.247
10.742
1.938
3.1270000000000002
4.968
2.638
3.025
5.7010000000000005
0.762
1.8860000000000001
1.889
1.5170000000000001
2.7680000000000002
1.324
2.609
1.701
2.9090000000000003
1.1380000000000001
7.298
1.468
2.081
0.989
2.1390000000000002
3.227
2.868
1.643
2.43
1.6400000000000001
4.2780000000000005
1.903
4.4590000000000005
1.364
1.722
4.732
3.2560000000000002
1.187
3.008
2.121
1.749
0.989
1.657
2.507
4.308
2.291
1.203
4.905
1.381
2.428
1.05
3.4210000000000003
1.549
4.249
2.541
3.258
1.417
5.394
1.458
1.901
2.75
1.153
1.537
1.297
10.17
1.165
9.477
1.282
3.269
4.369
5.26
6.127
2.566
1.296
1.286
1.548
1.0110000000000001
1.108
7.0200000000000005
1.141
1.853
1.218
3.622
4.383
16.005
14.679
13.135
8.93
1.212
4.409
1.55
11.616
1.326
1.133
1.217
9.138
2.384
5.937
1.332
1.973
2.122
2.02
5.1530000000000005
1.935
7.86
2.069
3.3040000000000003
1.027
1.647
5.105
1.67
1.027
1.166
2.9250000000000003
6.4990000000000006
1.498
1.974
1.456
2.121
1.717
5.3870000000000005
1.687
1.274
3.478
1.412
2.689
1.609
1.312
1.212
1.091
7.228
2.362
0.921
21.433
1.174
1.214
3.0300000000000002
2.0140000000000002
5.089
5.042
1.089
3.498
1.002
19.95
9.8
1.657
1.225
1.262
1.9040000000000001
2.732
1.577
4.393
1.676
1.37
1.567
11.904
1.135
7.323
3.7960000000000003
1.754
10.102
1.212
1.0110000000000001
1.355
2.755
3.329
1.701
1.987
1.926
1.0230000000000001
2.234
2.021
1.6400000000000001
4.758
1.822
1.8
2.025
1.678
2.785
2.053
7.949
1.3860000000000001
9.131
3.207
1.211
1.567
1.3940000000000001
3.418
3.773
1.608
1.982
1.937
2.255
3.898
4.295
1.319
3.42
1.0230000000000001
8.364
18.554000000000002
3.08
1.946
22.508
3.36
2.616
14.004
4.874
2.221
2.419
2.652
3.904
15.11
1.095
1.426
1.037
2.351
1.187
1.671
3.279
2.273
0.925
1.02
1.188
1.6580000000000001
1.532
1.3880000000000001
3.709
1.33
2.826
1.355
2.2840000000000003
4.102
2.611
1.469
14.144
1.325
1.951
3.0420000000000003
1.171
1.723
1.986
1.025
1.083
1.403
5.398
2.342
3.104
6.259
10.35
6.328
10.835
4.094
5.034
1.717
7.043
1.195
3.746
1.8780000000000001
14.486
3.609
4.517
3.031
2.9130000000000003
1.098
2.904
1.385
4.252
2.8930000000000002
2.7600000000000002
1.72
2.1
1.211
3.527
1.3860000000000001
0.925
1.994
4.063
1.747
1.7570000000000001
11.816
1.8880000000000001
6.458
7.515000000000001
1.028
2.609
1.357
3.12
1.909
1.6300000000000001
5.122
1.472
3.9450000000000003
2.354
8.208
3.346
1.232
3.0180000000000002
2.6310000000000002
2.316
1.437
1.754
1.291
2.215
1.879
2.698
3.864
0.9410000000000001
1.07
14.045
1.036
2.911
1.369
1.328
2.641
6.511
2.801
6.519
1.21
2.879
1.691
2.474
1.0050000000000001
6.806
2.604
1.811
0.863
7.142
2.041
0.875
2.18
2.614
2.848
2.321
2.605
1.56
2.179
3.4170000000000003
2.0140000000000002
3.888
2.516
11.483
1.228
5.912
2.847
1.356
1.784
1.571
4.225
2.104
1.303
1.468
1.198
1.82
2.213
2.642
1.839
3.586
1.59
4.343
2.795
1.808
4.9030000000000005
1.441
1.11
1.735
3.225
1.407
1.189
2.938
1.756
2.964
2.733
3.428
3.6430000000000002
1.591
1.383
2.398
1.3920000000000001
11.042
4.564
2.258
4.3180000000000005
6.7090000000000005
3.485
13.881
3.206
5.407
0.9590000000000001
1.2530000000000001
1.7610000000000001
2.638
7.641
1.941
1.414
1.932
4.806
1.653
1.204
5.606
1.726
3.65
2.032
3.773
0.971
2.069
1.12
1.129
13.182
3.827
7.933
5.383
0.971
4.632
1.205
5.601
2.406
1.617
5.22
2.098
3.4010000000000002
2.751
2.067
3.613
3.044
1.3980000000000001
3.119
1.201
1.747
7.3790000000000004
1.6520000000000001
1.431
2.378
2.05
10.289
2.851
2.137
1.5210000000000001
1.465
6.183
3.275
1.141
2.015
3.289
2.61
1.969
4.888
2.545
3.5180000000000002
3.109
0.867
3.142
1.506
2.324
2.263
6.287
24.947
1.151
1.596
1.72
1.486
4.849
3.698
2.286
6.5760000000000005
2.406
1.975
1.445
2.699
1.49
2.168
1.997
2.992
5.557
1.318
1.2790000000000001
3.4210000000000003
1.4040000000000001
1.653
3.4370000000000003
2.008
3.5780000000000003
8.175
1.2630000000000001
1.169
1.2730000000000001
1.342
5.44
6.206
2.0020000000000002
6.742
6.721
2.205
3.68
2.775
1.407
0.962
2.078
1.9000000000000001
5.0440000000000005
1.242
1.176
1.09
1.164
2.21
3.3810000000000002
8.646
2.279
7.215
2.121
2.8120000000000003
2.253
2.212
1.475
1.397
2.513
1.196
3.0500000000000003
2.894
4.91
1.397
2.179
0.966
11.471
2.24
2.263
14.988
1.637
1.931
1.847
3.02
1.645
1.186
1.609
1.5090000000000001
1.022
0.867
1.495
3.158
1.375
1.0070000000000001
2.128
2.499
3.38
1.622
2.557
1.229
2.798
4.925
3.927
2.314
1.855
2.174
8.98
2.341
3.071
2.431
1.699
2.451
1.97
2.619
1.31
1.025
1.707
4.212
6.547
1.393
3.634
1.78
1.928
3.1
6.15
3.548
2.24
1.555
1.491
4.3340000000000005
1.377
3.585
1.155
3.814
4.063
7.671
2.287
3.467
2.372
2.149
2.575
15.239
1.564
3.524
2.314
2.111
1.405
1.342
18.264
3.448
2.988
1.858
2.2840000000000003
1.709
1.188
3.404
1.302
1.981
1.858
1.848
3.334
6.737
3.336
0.742
2.327
6.321
3.6750000000000003
1.349
1.541
2.148
2.088
0.923
4.76
2.837
1.5
3.644
7.964
0.807
3.154
5.819
5.572
8.759
4.417
3.212
2.789
0.852
3.47
1.2570000000000001
3.871
1.855
2.823
1.0190000000000001
1.096
6.569
2.115
11.88
3.754
1.075
2.0420000000000003
1.16
1.926
2.259
1.437
6.7860000000000005
2.762
2.108
20.387
1.7850000000000001
1.361
2.1550000000000002
3.872
1.718
24.255
3.6270000000000002
3.44
2.0180000000000002
1.97
1.282
3.9370000000000003
5.146
3.378
1.3780000000000001
1.938
5.815
1.7
7.029
15.602
2.528
2.943
1.122
1.749
1.393
9.047
8.463000000000001
7.8260000000000005
1.828
2.22
1.154
1.428
9.357
6.464
1.175
11.245000000000001
1.481
4.223
17.014
1.556
3.41
1.413
2.965
6.593
1.306
5.7700000000000005
1.439
5.143
4.666
1.421
2.356
2.1390000000000002
1.2650000000000001
4.115
1.433
1.448
1.861
2.961
1.586
2.149
2.249
4.58
2.5340000000000003
0.985
1.191
3.241
1.897
1.483
3.602
2.241
4.58
1.9080000000000001
1.365
4.311
3.04
4.346
1.497
1.587
6.902
3.0140000000000002
1.272
2.7840000000000003
1.495
1.877
1.594
1.084
6.311
5.13
2.427
6.724
24.14
1.139
3.032
1.86
6.23
1.701
0.972
2.658
2.996
1.93
1.739
4.147
12.964
17.36
5.517
1.18
2.876
1.794
4.812
4.896
2.699
2.326
1.418
1.595
2.595
4.516
1.033
2.1670000000000003
2.547
2.208
5.083
1.236
4.045
2.879
2.372
2.0
1.399
3.5
4.944
7.7330000000000005
2.83
1.6440000000000001
2.051
0.9520000000000001
1.371
2.701
1.266
2.344
3.348
4.295
8.467
2.323
1.062
2.289
13.862
2.684
1.208
0.976
2.57
5.303
1.982
1.955
2.781
10.804
2.5540000000000003
6.9750000000000005
5.47
1.875
2.297
5.096
2.191
1.95
4.553
2.693
31.237000000000002
3.62
11.341000000000001
3.353
4.555
1.395
0.923
1.94
0.985
1.5130000000000001
1.329
2.89
4.915
5.317
1.369
5.019
2.324
8.466
1.029
1.049
6.821
11.174
1.239
2.789
1.312
3.111
1.167
2.934
1.9160000000000001
5.694
2.351
1.476
4.28
1.056
2.431
10.25
2.3850000000000002
4.876
2.467
7.875
8.164
1.16
1.618
2.1310000000000002
2.214
1.3960000000000001
2.955
1.342
14.825000000000001
1.159
1.298
5.8740000000000006
2.851
1.6300000000000001
18.075
1.619
3.303
5.626
1.381
3.849
1.348
7.632000000000001
3.407
2.975
2.866
3.085
1.33
1.03
2.136
1.803
2.515
1.3760000000000001
1.2570000000000001
2.986
2.279
1.602
12.875
12.312
2.238
2.07
1.928
3.662
2.39
8.363
2.508
1.2570000000000001
2.678
7.788
2.205
2.835
1.5230000000000001
3.289
5.148
7.019
1.488
2.531
2.205
0.998
4.331
1.617
4.947
1.724
1.332
2.439
4.456
1.188
11.464
5.941
2.6830000000000003
2.703
4.787
1.423
0.775
1.309
3.04
1.982
3.658
3.156
2.19
1.797
2.512
2.297
3.807
2.243
2.3040000000000003
3.446
7.397
1.104
0.918
2.73
1.18
1.7590000000000001
2.098
3.644
12.24
2.172
2.587
4.963
2.6270000000000002
4.908
2.107
3.0340000000000003
2.872
1.059
3.494
1.685
2.653
1.734
8.794
2.045
1.325
2.197
3.105
1.164
1.084
1.8880000000000001
4.554
3.045
2.676
1.306
2.122
3.748
0.85
1.051
1.2650000000000001
9.965
2.607
0.977
1.32
1.057
1.969
3.428
1.545
5.29
1.919
3.852
1.064
7.521
12.147
2.071
3.539
10.141
1.959
1.975
1.207
1.828
2.678
3.476
1.504
42.331
4.533
1.084
2.494
1.305
5.554
2.735
3.782
5.535
2.451
1.141
3.367
3.769
1.872
2.203
6.392
2.92
0.772
1.195
2.6470000000000002
9.043000000000001
14.695
5.147
1.72
2.172
5.246
1.863
1.23
1.22
2.649
1.465
0.8240000000000001
1.772
3.954
0.992
2.611
1.21
1.238
2.368
5.972
2.806
1.5030000000000001
2.743
1.625
1.093
1.608
0.903
2.677
2.369
1.5250000000000001
1.6420000000000001
2.0260000000000002
3.786
2.273
1.3880000000000001
8.126
2.676
1.242
2.07
3.5100000000000002
1.837
1.842
3.9170000000000003
2.289
3.42
2.2680000000000002
1.601
1.986
5.906
1.836
1.802
1.536
6.23
4.872
4.968
4.71
1.177
7.338
2.334
2.732
13.161
3.778
2.214
1.56
1.06
1.8940000000000001
7.823
5.583
2.0340000000000003
11.931000000000001
2.953
2.051
1.122
1.319
17.979
1.111
9.711
3.168
2.859
1.405
13.863
2.619
2.873
1.4000000000000001
4.721
1.696
1.565
1.096
2.361
1.0070000000000001
2.665
6.09
2.81
3.451
0.9460000000000001
4.86
1.6480000000000001
7.764
4.3020000000000005
1.032
1.699
0.851
1.831
1.258
24.755
2.25
1.864
1.823
2.445
2.24
1.684
4.1
6.157
2.79
1.84
2.5260000000000002
0.936
6.314
1.161
1.033
3.0580000000000003
2.704
2.623
2.384
5.397
7.872
3.71
15.452
1.55
1.616
3.524
1.305
1.333
1.408
14.159
4.706
4.38
1.187
2.3850000000000002
2.201
5.105
4.848
2.685
2.005
1.798
6.815
3.243
2.298
1.607
2.5500000000000003
1.24
1.173
1.185
0.931
1.198
5.25
2.062
1.022
1.465
2.2960000000000003
3.918
1.247
6.327
1.4020000000000001
1.796
4.271
5.871
1.991
10.405
2.079
1.7910000000000001
3.7840000000000003
1.044
3.807
3.741
3.9
2.658
1.718
2.469
1.258
10.314
1.414
2.6390000000000002
1.334
1.727
1.784
2.782
2.314
3.142
2.9410000000000003
5.3340000000000005
4.007
1.399
1.4040000000000001
1.5070000000000001
13.202
4.602
1.588
1.49
1.973
0.909
4.353
3.7800000000000002
3.96
1.155
1.433
1.752
1.2530000000000001
1.497
2.62
1.957
4.3020000000000005
1.422
8.251
14.804
2.778
6.106
1.212
3.257
6.6290000000000004
0.915
2.231
6.338
9.17
2.743
3.215
4.2010000000000005
3.62
2.142
5.066
1.473
1.442
1.326
4.231
2.93
2.2760000000000002
1.608
2.931
7.566
2.322
4.723
6.131
4.022
0.836
1.872
1.335
5.436
5.219
1.746
2.634
1.25
1.4040000000000001
2.555
5.0280000000000005
3.718
1.689
0.839
0.874
1.491
2.207
3.455
4.2090000000000005
1.744
7.466
1.082
1.141
9.36
1.246
3.656
1.118
4.124
1.718
2.489
2.536
1.799
1.129
5.15
1.804
1.786
1.0150000000000001
0.9570000000000001
15.387
1.874
2.004
1.02
1.477
1.411
2.2840000000000003
11.643
3.637
1.54
1.0230000000000001
1.75
1.805
4.823
5.368
1.7710000000000001
1.941
1.988
1.479
1.328
2.7920000000000003
1.497
2.829
3.948
2.4170000000000003
2.9290000000000003
2.431
1.6420000000000001
1.5330000000000001
1.811
1.495
5.024
1.408
1.593
5.535
5.32
5.279
2.205
2.571
8.582
1.274
3.106
4.621
8.458
8.577
4.186
1.871
11.599
2.311
1.077
3.899
6.9590000000000005
3.771
1.695
6.417
4.985
1.381
1.3860000000000001
8.057
2.708
5.957
5.082
6.3100000000000005
1.593
4.691
2.732
1.559
3.653
4.5200000000000005
11.321
2.02
4.208
2.711
1.991
1.836
1.091
4.05
1.73
2.466
1.342
2.9250000000000003
1.1420000000000001
5.615
1.314
2.035
2.206
1.2570000000000001
4.833
4.506
4.107
1.397
5.6610000000000005
1.635
1.6380000000000001
2.337
10.149000000000001
1.143
2.069
0.899
1.716
1.22
2.915
1.411
1.104
2.144
2.015
5.692
1.692
3.858
8.348
3.39
8.378
4.817
3.3040000000000003
1.537
4.1
4.742
3.689
12.161
3.242
1.327
2.967
0.914
4.869
3.806
4.159
4.397
3.0220000000000002
4.7540000000000004
7.692
4.522
1.129
2.339
2.061
3.978
1.573
1.459
3.7640000000000002
5.687
1.7750000000000001
4.134
0.797
1.415
3.125
1.669
2.327
4.921
1.0170000000000001
1.089
9.189
1.482
9.189
2.113
1.243
2.207
1.973
1.125
1.158
1.7630000000000001
3.15
0.772
1.484
2.178
4.375
6.9270000000000005
1.614
4.626
2.414
2.584
4.031
3.2920000000000003
2.343
3.993
1.796
2.096
22.342
6.832
0.996
1.205
2.962
2.617
5.148
1.2750000000000001
3.609
1.243
3.004
1.681
1.641
28.22
6.688
3.803
1.601
8.667
3.176
1.573
15.091000000000001
1.217
1.403
3.682
10.712
1.34
1.018
0.995
3.872
11.285
1.111
1.961
1.714
4.971
1.36
3.3040000000000003
1.903
3.306
7.29
2.8810000000000002
1.737
5.359
1.726
2.305
1.903
1.712
2.457
1.062
4.0760000000000005
3.42
1.621
3.028
7.8020000000000005
3.43
2.154
1.948
1.414
1.397
5.575
2.004
1.155
10.02
5.597
1.235
1.49
3.511
15.089
1.248
3.89
1.4000000000000001
2.717
2.339
2.316
1.574
1.776
1.489
6.691
5.414
9.011000000000001
2.992
1.274
5.144
1.8860000000000001
2.63
9.012
3.465
1.639
3.1590000000000003
9.284
5.681
2.234
3.991
0.887
1.7850000000000001
3.096
9.346
2.439
2.314
1.686
3.5420000000000003
2.7520000000000002
3.995
2.779
1.156
4.069
1.194
1.603
1.683
1.234
3.184
5.471
3.391
11.358
1.5190000000000001
1.5030000000000001
1.374
1.37
6.493
4.002
1.5010000000000001
5.464
1.808
2.322
1.446
3.464
1.671
1.229
1.61
2.0140000000000002
1.336
2.496
4.72
5.743
1.1360000000000001
1.665
2.677
1.247
3.118
2.45
7.29
1.276
3.9
8.478
2.6310000000000002
4.899
6.082
0.919
13.606
6.513
2.368
5.468
1.208
3.216
8.101
2.121
1.862
3.277
1.272
3.821
1.362
2.482
1.189
2.342
5.022
1.16
0.9480000000000001
1.941
5.632
0.848
2.864
2.093
2.529
1.264
4.732
2.681
2.861
0.8200000000000001
2.536
1.185
1.115
1.294
1.564
1.037
1.092
3.19
1.122
9.832
3.599
16.139
1.308
2.6710000000000003
2.96
1.439
1.452
1.2790000000000001
3.1910000000000003
3.585
1.7870000000000001
3.478
1.324
1.6460000000000001
2.988
2.4010000000000002
3.318
2.0260000000000002
2.7680000000000002
1.987
0.797
3.168
1.56
2.1390000000000002
1.432
2.154
1.311
1.419
1.512
0.9510000000000001
1.372
2.684
4.279
1.809
2.903
1.298
3.672
1.078
1.948
1.098
0.7020000000000001
7.339
8.668000000000001
1.37
2.845
3.573
1.9060000000000001
1.061
5.192
2.555
9.368
2.12
2.725
5.001
6.123
1.96
5.892
1.071
1.795
2.15
3.998
5.466
4.12
10.05
1.091
63.509
3.415
1.9040000000000001
3.461
8.151
1.178
3.869
1.473
3.214
8.896
1.655
5.914
8.499
2.866
1.741
1.372
1.82
6.457
1.81
17.437
2.244
1.9140000000000001
0.925
2.188
1.072
13.151
1.105
5.083
1.2770000000000001
2.766
1.176
1.4020000000000001
5.242
4.109
1.437
6.01
4.7
1.352
1.98
1.7650000000000001
3.654
10.896
4.445
9.033
1.5010000000000001
5.272
2.535
1.181
3.623
1.164
1.682
1.689
2.02
2.529
1.337
1.589
2.641
2.228
3.348
18.036
3.235
1.296
1.809
4.864
2.043
2.2
1.095
1.812
3.169
5.284
2.283
2.253
8.935
16.379
8.61
1.1480000000000001
5.239
5.133
3.75
1.933
13.027000000000001
1.518
2.229
1.484
4.875
5.711
2.273
1.056
1.283
3.69
8.392
1.391
6.38
2.5100000000000002
3.068
1.475
1.806
8.228
2.919
2.69
2.7640000000000002
1.83
6.8580000000000005
3.236
1.6320000000000001
1.433
2.435
1.039
1.595
1.585
2.336
3.524
2.016
5.58
1.557
0.761
1.381
3.245
1.956
1.0110000000000001
2.234
1.305
4.316
1.408
2.475
0.918
2.673
1.31
0.923
6.388
1.052
1.479
1.633
1.922
2.129
1.129
1.481
7.9350000000000005
1.866
2.019
2.0300000000000002
3.543
6.067
4.861
1.361
1.193
9.861
19.18
1.612
3.589
1.736
0.9410000000000001
3.194
3.704
1.82
2.505
3.6310000000000002
1.971
1.219
1.786
11.262
1.821
1.184
2.427
2.714
1.213
4.921
4.441
11.807
2.5140000000000002
2.096
5.267
1.3880000000000001
1.609
4.971
3.781
1.749
0.8260000000000001
9.034
0.961
5.183
1.996
2.586
4.742
1.606
5.23
5.585
1.2590000000000001
1.204
2.975
2.488
1.103
4.309
2.978
6.543
7.303
1.25
3.4010000000000002
2.845
0.8150000000000001
5.657
2.592
4.908
2.712
7.098
2.2880000000000003
1.7670000000000001
1.677
1.107
1.8920000000000001
2.69
1.014
1.306
3.8080000000000003
1.577
4.647
1.417
2.959
1.71
1.7830000000000001
1.326
3.982
0.936
8.03
1.7630000000000001
4.244
1.292
12.866
3.4050000000000002
1.469
5.697
2.318
1.374
6.1770000000000005
1.613
2.044
1.2530000000000001
2.65
4.968
2.805
3.46
11.494
2.827
1.6460000000000001
3.932
8.128
8.52
2.045
4.118
2.707
9.711
4.814
2.2800000000000002
2.316
1.504
3.057
1.262
2.153
0.979
1.559
1.554
4.244
4.0520000000000005
2.359
1.06
3.447
0.99
1.669
2.172
1.05
1.719
1.133
1.5210000000000001
3.3120000000000003
2.854
0.918
1.7710000000000001
1.186
10.082
8.519
1.688
1.7650000000000001
1.213
3.21
4.912
3.0060000000000002
1.976
2.132
5.223
10.958
1.5170000000000001
1.375
2.8930000000000002
0.98
10.441
4.585
1.539
2.025
3.112
3.978
7.8260000000000005
3.414
2.954
2.563
2.067
2.073
3.567
1.818
2.064
2.555
3.74
14.755
2.458
3.072
2.1
1.4040000000000001
5.378
1.226
4.291
2.438
2.29
2.912
1.5170000000000001
2.244
4.289
4.016
5.9030000000000005
2.365
4.18
3.583
5.1370000000000005
1.84
12.422
3.287
6.83
7.890000000000001
1.139
8.591
3.915
3.61
1.139
2.9050000000000002
1.669
2.129
1.816
2.644
1.305
3.624
4.753
5.896
3.1470000000000002
2.33
5.7090000000000005
3.075
3.454
1.1440000000000001
1.947
1.06
1.286
1.522
1.066
2.474
1.358
3.336
1.3880000000000001
1.328
2.339
1.714
1.552
2.1430000000000002
1.587
1.179
6.248
6.112
1.264
3.112
1.7830000000000001
2.56
2.758
1.061
1.941
1.694
1.8940000000000001
4.0680000000000005
1.725
3.361
1.943
9.256
4.101
1.795
7.352
4.017
3.13
6.314
2.721
1.668
1.444
7.184
1.2750000000000001
5.82
2.187
4.127
1.4060000000000001
1.2570000000000001
7.312
10.565
1.538
3.418
2.7880000000000003
3.6630000000000003
1.1440000000000001
1.724
3.706
2.331
4.149
1.206
6.99
2.346
2.751
1.225
4.918
9.118
2.59
1.374
2.18
2.371
1.086
5.097
1.772
4.573
2.032
2.158
1.6460000000000001
2.1590000000000003
2.388
2.5340000000000003
1.2630000000000001
4.329
2.999
1.436
2.531
1.561
1.361
2.746
2.245
1.668
1.6520000000000001
1.287
1.991
12.174
1.672
1.955
2.415
4.6450000000000005
7.397
1.926
2.059
1.335
1.23
3.563
9.452
4.906
3.9610000000000003
2.303
5.655
0.914
1.97
4.973
1.552
1.461
3.2880000000000003
3.232
16.572
1.295
7.748
2.015
1.695
4.952
3.847
5.603
0.983
1.3800000000000001
2.418
2.184
1.43
2.25
1.3960000000000001
1.24
1.1
1.703
2.0300000000000002
1.635
3.242
3.254
1.609
3.278
1.865
1.931
1.403
10.298
2.467
2.508
4.319
1.123
3.846
2.591
4.202
2.055
1.805
1.495
2.986
5.198
2.32
1.576
2.22
3.24
3.839
5.258
5.571
8.099
0.9580000000000001
1.457
3.5340000000000003
4.182
2.224
1.81
0.995
1.026
4.2170000000000005
1.843
1.071
5.625
1.47
4.245
3.089
1.362
2.583
1.605
1.8840000000000001
1.994
7.827
1.86
3.843
7.517
5.422
1.653
2.934
1.982
9.416
13.534
0.9420000000000001
2.699
2.375
1.446
2.488
4.529
2.232
2.0260000000000002
3.505
1.813
1.752
1.459
0.994
1.1380000000000001
4.684
3.051
2.319
2.07
1.3940000000000001
3.46
5.051
4.43
5.6240000000000006
1.4040000000000001
1.624
3.528
1.522
3.112
10.428
2.07
1.92
1.92
1.054
3.126
1.324
4.844
1.338
2.914
11.368
1.504
13.704
6.007000000000001
1.854
4.227
3.725
3.1510000000000002
2.012
5.715
7.7540000000000004
7.808
7.391
8.881
1.86
23.671
0.883
2.1270000000000002
1.18
2.141
7.317
2.69
1.623
1.467
1.31
1.966
1.718
2.863
0.9520000000000001
3.956
1.298
1.4020000000000001
1.28
0.883
2.209
9.905
3.221
1.838
1.848
1.058
2.585
4.625
14.719000000000001
6.729
0.838
2.963
2.869
11.691
5.407
3.638
2.8850000000000002
1.676
1.48
2.251
3.979
3.16
1.485
1.463
2.334
1.546
1.5170000000000001
11.526
2.274
1.801
0.996
1.809
1.9060000000000001
12.524000000000001
4.957
1.553
1.208
2.742
1.0130000000000001
6.339
5.599
3.305
7.196
1.7750000000000001
3.065
1.901
4.306
4.9830000000000005
1.281
1.408
9.657
8.292
1.1280000000000001
4.772
1.614
2.561
6.402
3.072
1.692
7.53
1.5190000000000001
1.1360000000000001
1.1420000000000001
5.347
4.295
3.79
1.19
1.6400000000000001
1.016
1.55
1.926
2.1670000000000003
3.343
6.97
1.213
1.165
8.28
1.676
1.131
4.291
1.81
1.701
2.5260000000000002
1.212
1.352
2.011
1.213
3.92
1.248
2.375
3.823
1.7770000000000001
2.629
3.1670000000000003
16.026
3.482
1.299
6.6450000000000005
2.007
25.903000000000002
2.31
1.381
1.7
5.351
1.871
1.3780000000000001
14.428
1.49
1.6420000000000001
1.608
1.7870000000000001
0.992
2.129
3.736
13.006
2.497
1.052
2.238
2.2600000000000002
3.208
1.887
1.62
4.937
2.008
1.514
3.217
1.109
2.194
2.323
3.5
6.905
7.484
1.693
4.711
2.301
2.967
1.1360000000000001
1.129
2.125
2.0140000000000002
3.114
5.87
1.563
1.69
9.235
1.237
1.944
7.849
2.09
1.493
1.585
1.846
1.8800000000000001
5.061
4.024
5.235
1.949
2.458
3.706
3.594
1.254
1.666
1.37
2.005
2.315
4.519
3.468
2.043
2.785
2.153
1.042
2.1
2.433
1.348
3.213
8.9
2.0140000000000002
7.944
1.723
1.711
17.081
0.961
3.424
1.962
1.245
5.037
1.748
1.637
1.17
1.821
2.799
4.492
3.864
0.965
2.9330000000000003
12.972
4.4590000000000005
2.789
4.341
1.467
1.325
1.162
0.859
1.182
1.229
2.121
1.238
1.966
1.325
9.364
2.887
4.541
2.888
2.335
1.444
12.367
3.337
1.728
3.839
1.643
0.971
20.345
1.685
7.721
1.913
1.088
5.455
1.73
1.795
1.764
1.692
3.067
1.7650000000000001
2.044
1.82
2.303
1.422
1.926
2.161
0.976
1.272
1.1380000000000001
4.099
1.945
1.081
2.123
1.336
1.861
1.311
3.548
3.236
1.2570000000000001
6.837
4.716
3.58
1.545
4.798
3.886
2.92
1.227
2.552
2.834
1.1
1.06
1.496
1.464
0.973
1.8780000000000001
3.06
1.12
1.563
2.21
4.572
4.963
1.5210000000000001
1.06
0.9560000000000001
1.354
3.591
2.495
1.037
1.748
3.967
1.247
2.515
2.054
4.484
2.337
2.595
2.577
3.654
4.009
0.9440000000000001
2.319
5.477
0.835
9.789
0.975
2.7
2.402
1.614
2.253
2.116
1.18
1.364
1.071
1.433
5.0120000000000005
2.049
3.032
3.126
2.5300000000000002
1.712
1.207
1.171
1.085
3.452
0.93
11.627
1.8880000000000001
1.6520000000000001
1.266
1.7890000000000001
2.249
1.197
6.495
4.408
6.65
2.186
2.499
10.964
1.657
1.739
1.816
4.056
3.242
3.011
3.069
1.289
2.071
2.318
1.564
5.014
2.42
0.995
2.858
1.872
10.098
1.1500000000000001
1.6380000000000001
2.599
1.37
5.36
1.726
1.077
11.896
12.064
1.416
2.741
1.268
1.5350000000000001
1.979
5.577
2.335
4.466
1.721
0.967
1.036
1.072
2.695
3.41
8.961
1.928
1.395
1.653
1.2730000000000001
1.12
1.865
3.481
2.008
2.013
0.759
2.044
1.155
1.3
2.072
0.894
2.645
3.503
2.859
2.1390000000000002
6.103
3.045
2.149
2.221
5.198
1.467
1.463
4.729
1.718
4.893
2.05
5.555
5.908
1.816
1.387
0.778
3.474
1.811
1.832
1.094
4.219
2.689
6.989
1.162
5.7090000000000005
1.302
3.798
1.606
1.492
2.187
1.853
6.417
5.42
3.378
8.201
2.746
1.345
1.788
0.984
1.412
2.368
0.9590000000000001
7.663
2.248
3.936
1.563
11.848
0.977
1.4000000000000001
1.504
1.494
2.865
6.1610000000000005
3.602
6.125
2.054
1.502
1.278
4.796
2.056
1.456
1.571
4.081
4.9350000000000005
3.223
1.467
1.736
1.833
1.183
3.8890000000000002
1.923
3.353
3.201
2.199
1.618
2.726
1.9000000000000001
1.0150000000000001
3.005
2.067
1.114
3.394
2.616
2.587
1.208
1.853
2.839
20.625
1.393
2.858
1.425
2.335
2.2920000000000003
2.9410000000000003
2.119
1.5190000000000001
1.947
1.328
3.8930000000000002
1.01
2.745
2.217
2.1710000000000003
2.689
2.879
2.797
1.957
1.557
9.065
1.224
14.173
1.653
2.053
1.462
4.389
8.696
3.642
3.27
1.935
3.211
1.352
1.668
1.942
2.482
2.016
2.369
1.038
1.635
0.989
1.3980000000000001
1.797
2.1550000000000002
5.836
0.976
2.719
2.294
1.799
8.262
3.203
1.619
2.994
1.6560000000000001
2.009
2.6710000000000003
23.417
1.5110000000000001
4.47
1.322
2.048
2.0460000000000003
1.476
2.124
2.302
2.125
12.497
20.319
3.257
1.3880000000000001
4.955
2.3890000000000002
1.967
3.325
5.079
1.97
1.203
1.869
1.651
1.434
1.5310000000000001
2.807
1.443
2.125
4.423
1.2630000000000001
5.023
3.129
1.345
1.124
10.652000000000001
2.645
3.596
1.974
3.594
1.322
2.767
6.219
3.9330000000000003
1.385
5.51
0.812
1.065
2.892
1.614
3.724
1.7830000000000001
1.492
1.837
2.145
2.725
5.25
4.399
5.304
3.946
3.178
2.969
1.834
3.1350000000000002
1.468
2.278
1.309
6.523000000000001
1.151
1.73
3.99
2.114
2.938
3.185
3.5060000000000002
2.142
2.382
3.371
0.843
1.1440000000000001
1.794
2.835
4.388
2.138
1.199
2.309
1.1280000000000001
2.219
3.092
1.528
2.964
6.5
1.709
1.713
2.94
1.147
1.278
2.013
5.954
5.657
3.369
2.624
2.509
1.235
3.619
1.5130000000000001
1.428
1.313
3.852
2.791
2.494
2.892
14.392
3.341
1.516
2.321
1.823
1.559
3.481
6.479
3.275
2.115
2.6470000000000002
12.012
1.788
3.891
0.786
1.212
3.652
1.863
1.468
2.242
2.123
1.216
1.428
3.4490000000000003
3.969
3.682
0.8180000000000001
9.689
2.926
4.8790000000000004
1.2610000000000001
2.138
2.23
1.226
1.608
3.721
1.555
2.1270000000000002
1.526
2.999
6.348
2.1750000000000003
2.821
5.2940000000000005
12.795
2.483
3.641
2.87
1.895
0.898
2.193
2.234
1.068
3.852
2.068
1.735
2.746
7.322
2.581
3.706
2.503
1.171
1.851
3.323
2.212
4.3790000000000004
2.339
1.578
6.141
3.883
2.088
2.5540000000000003
2.115
1.108
1.092
1.313
8.745000000000001
1.553
0.976
2.262
0.786
1.424
2.491
1.254
2.2920000000000003
4.26
1.2590000000000001
1.103
1.475
1.3840000000000001
2.045
2.6510000000000002
12.639000000000001
3.919
1.368
5.065
1.28
1.799
3.214
11.514000000000001
1.584
3.25
1.249
1.806
3.594
0.912
2.649
4.454
2.844
2.273
2.42
1.499
20.026
1.323
2.436
13.866
3.532
5.5840000000000005
1.427
3.077
1.539
28.075
8.683
5.97
3.31
4.123
2.795
1.163
1.6320000000000001
6.067
1.304
0.879
1.4000000000000001
1.566
3.189
1.155
1.412
2.357
1.87
4.554
1.084
0.975
2.642
2.801
1.731
1.041
4.053
1.554
1.457
3.012
1.159
1.289
2.697
9.745000000000001
1.328
2.615
2.447
1.163
3.043
5.242
2.249
2.414
1.278
1.956
13.149000000000001
1.2790000000000001
4.225
3.384
7.4350000000000005
3.7680000000000002
1.975
2.612
0.839
2.13
2.501
1.285
1.067
3.355
1.293
1.474
1.5170000000000001
1.047
12.635
1.115
1.427
1.245
2.636
2.577
2.173
9.101
2.811
2.695
10.32
1.35
2.0100000000000002
4.186
7.452
1.743
2.681
8.148
0.796
4.034
3.399
1.605
2.8930000000000002
3.852
1.598
1.371
3.459
2.213
1.268
7.546
2.904
1.177
1.849
1.194
5.537
1.5110000000000001
2.282
1.046
3.512
1.036
5.8740000000000006
1.863
2.049
11.349
2.215
1.893
2.066
1.1380000000000001
1.6640000000000001
4.579
2.198
2.472
7.392
2.555
1.629
2.912
3.906
2.156
1.588
12.243
1.643
1.1520000000000001
1.119
5.364
1.2590000000000001
2.626
9.671
2.398
5.896
3.515
1.155
2.297
1.6300000000000001
1.7610000000000001
4.114
1.219
5.779
4.14
7.066
3.775
1.997
3.0420000000000003
2.086
4.7010000000000005
1.145
1.827
1.71
3.9570000000000003
1.688
0.774
10.076
3.438
10.785
1.5070000000000001
2.349
5.074
2.528
7.441
8.673
2.702
2.544
0.882
2.125
1.052
1.8940000000000001
1.933
1.526
1.099
3.497
1.728
1.8960000000000001
7.3260000000000005
3.351
1.85
4.425
3.9290000000000003
0.841
1.231
3.7680000000000002
2.565
1.298
1.735
2.07
2.62
2.879
1.213
2.185
3.496
1.6280000000000001
2.326
7.538
2.24
2.051
1.245
4.141
1.451
4.414
12.102
1.064
7.889
1.993
2.088
2.4130000000000003
1.552
1.107
6.652
3.8770000000000002
1.281
0.796
1.393
2.234
6.735
3.71
2.856
1.543
14.777000000000001
0.967
10.904
2.302
1.874
1.629
2.391
1.608
2.568
8.465
3.532
2.144
2.5500000000000003
8.711
3.244
5.527
1.31
1.548
4.7940000000000005
1.345
4.72
1.478
1.465
5.479
5.988
2.887
1.7690000000000001
1.26
1.483
14.385
1.623
2.6270000000000002
1.611
2.473
2.281
0.843
4.819
3.2560000000000002
2.3850000000000002
0.925
2.262
4.868
1.808
4.916
3.456
3.077
1.975
1.422
5.034
1.741
1.305
8.754
14.916
5.183
1.562
0.9540000000000001
5.436
1.536
1.988
2.179
1.228
2.899
3.379
1.585
2.352
1.955
1.189
12.507
2.125
2.737
5.256
5.176
3.71
1.752
2.616
4.798
1.7890000000000001
6.244
1.322
1.195
1.988
2.787
1.714
2.202
4.404
4.964
2.109
4.284
1.351
1.6
2.061
3.565
1.568
11.258000000000001
4.9270000000000005
3.829
1.799
4.061
4.095
3.765
4.736
1.302
1.095
2.762
1.08
1.0110000000000001
5.863
3.7800000000000002
2.736
1.819
2.068
1.074
2.5300000000000002
3.133
2.7840000000000003
1.8840000000000001
3.041
4.581
1.391
1.199
6.05
1.412
5.526
2.333
2.448
1.47
2.121
2.449
2.39
2.2560000000000002
4.605
9.882
1.052
1.4000000000000001
4.569
14.929
5.844
1.229
2.9370000000000003
1.612
2.1550000000000002
1.593
1.543
1.468
2.31
2.6750000000000003
4.292
1.1480000000000001
1.055
2.873
2.453
6.389
9.269
2.15
11.285
3.265
4.421
1.766
5.375
1.485
2.719
1.044
1.383
4.625
2.552
2.746
1.09
1.2650000000000001
1.5030000000000001
1.119
2.423
1.326
2.091
7.162
3.31
1.169
2.183
1.099
1.2570000000000001
3.3810000000000002
2.1350000000000002
4.795
1.312
1.05
5.782
1.552
0.97
1.964
2.333
1.305
2.791
1.831
7.4270000000000005
2.555
4.159
1.286
2.875
9.426
1.5330000000000001
1.2630000000000001
1.645
1.188
2.817
2.39
3.258
1.968
1.2710000000000001
3.271
2.783
0.918
6.306
2.068
1.516
1.205
4.0760000000000005
1.593
1.433
2.182
1.835
1.843
3.1710000000000003
1.057
3.382
5.126
2.7760000000000002
3.335
2.365
1.09
2.745
3.263
15.158
3.422
4.781
2.649
4.374
1.42
13.064
4.639
1.5130000000000001
1.2690000000000001
1.541
4.397
3.97
3.358
1.795
1.889
1.47
2.235
1.452
2.199
1.567
5.6000000000000005
7.567
1.105
2.818
1.156
3.728
1.593
8.787
3.894
2.864
1.758
8.142
1.337
1.435
1.455
2.859
1.7670000000000001
4.711
3.576
2.805
4.3340000000000005
1.6460000000000001
2.528
10.48
2.424
3.4530000000000003
0.868
6.1370000000000005
0.981
8.328
4.109
1.106
1.901
1.3960000000000001
4.355
1.622
6.748
3.266
1.091
1.597
3.987
1.226
2.939
10.523
3.5620000000000003
7.804
1.163
1.6260000000000001
2.512
1.048
1.932
2.311
4.8340000000000005
1.673
3.024
4.093
1.091
2.597
4.656
2.5180000000000002
6.785
3.9530000000000003
2.559
2.757
2.043
5.444
2.947
1.48
3.012
3.6310000000000002
1.874
2.474
3.6710000000000003
1.228
3.02
7.72
2.699
2.349
11.854000000000001
1.308
7.614
1.682
2.8810000000000002
1.9040000000000001
4.5120000000000005
1.488
15.236
5.707
2.438
4.507
1.651
2.404
1.448
2.826
2.673
1.709
1.139
1.532
1.6580000000000001
2.532
6.327
6.127
1.317
1.758
1.499
5.196
1.466
1.453
1.643
1.436
1.085
3.944
4.24
2.346
1.854
1.084
4.077
2.803
9.755
1.901
1.056
4.434
2.286
1.487
2.692
2.91
0.8300000000000001
2.794
1.07
1.498
6.3950000000000005
1.972
2.434
4.906
3.973
1.647
7.299
1.824
2.0380000000000003
17.532
1.841
4.482
2.955
6.359
10.406
3.273
2.958
1.151
2.942
1.973
1.322
4.605
2.335
2.324
1.685
1.874
1.506
1.738
2.668
1.695
7.047
2.2520000000000002
4.493
1.112
5.049
2.2600000000000002
2.871
1.329
1.6520000000000001
11.662
1.55
1.683
1.121
10.044
3.668
2.5060000000000002
4.352
6.902
3.146
5.925
4.811
4.299
2.041
2.225
0.996
1.157
3.484
3.745
2.174
4.9270000000000005
2.101
2.507
3.863
1.496
1.353
1.033
2.205
1.563
1.29
5.947
3.493
11.929
2.168
1.365
9.973
1.366
3.064
1.169
2.152
2.6550000000000002
6.4990000000000006
3.005
3.4210000000000003
1.069
1.991
2.294
12.24
4.2540000000000004
2.914
9.083
2.384
4.426
2.351
1.249
4.17
2.52
1.805
5.297
1.58
2.437
1.566
2.823
10.726
1.6500000000000001
1.3760000000000001
2.302
2.019
1.36
2.02
1.356
1.099
1.512
3.575
2.089
1.7910000000000001
5.21
0.9440000000000001
15.421000000000001
2.232
2.384
3.774
4.731
0.882
2.449
1.139
1.361
0.999
3.485
1.155
4.548
1.538
1.545
2.199
1.291
1.581
1.897
4.505
2.832
4.287
2.398
2.037
2.716
1.782
2.004
0.914
1.358
1.929
1.742
1.36
3.236
6.067
3.593
2.59
0.844
1.532
2.642
2.581
2.4090000000000003
1.784
2.561
1.982
2.05
7.062
4.969
5.049
1.033
1.154
1.221
1.193
1.749
3.5580000000000003
3.461
1.405
0.804
1.891
1.792
1.7710000000000001
1.42
2.194
2.625
1.472
2.781
1.298
1.6540000000000001
1.864
1.9180000000000001
6.721
3.102
1.52
5.495
17.547
1.1380000000000001
1.8
4.957
7.602
5.652
6.638
3.606
3.798
1.6280000000000001
4.345
2.86
1.179
1.873
1.276
1.044
1.087
1.25
2.589
1.071
17.605
1.1300000000000001
8.933
2.623
1.683
0.9570000000000001
13.18
9.551
1.193
1.168
3.245
3.5140000000000002
1.393
2.977
2.164
1.673
1.936
3.044
1.5130000000000001
6.131
0.934
12.763
1.203
3.482
3.165
2.993
6.206
2.095
1.93
2.628
3.096
1.331
2.494
2.224
16.782
2.3930000000000002
2.104
1.008
1.038
4.364
6.197
2.266
2.182
1.446
1.079
1.722
10.114
4.805
1.0090000000000001
1.77
1.516
2.017
7.059
3.472
1.0090000000000001
4.2010000000000005
1.849
3.466
1.488
1.977
1.407
3.2680000000000002
1.678
1.667
6.154
1.555
1.618
15.651
2.279
1.326
3.39
4.075
3.876
2.34
6.423
1.048
3.6430000000000002
1.9040000000000001
2.141
3.944
5.398
1.7550000000000001
1.21
6.705
2.239
1.4040000000000001
0.9400000000000001
1.2690000000000001
1.6260000000000001
9.627
4.328
2.176
2.286
3.319
9.112
2.185
2.545
2.182
7.9350000000000005
1.563
1.352
3.336
6.269
2.923
1.22
2.347
2.308
1.389
2.721
2.346
1.287
1.607
1.216
1.792
2.4250000000000003
6.346
5.227
3.332
1.106
1.221
1.448
4.04
1.827
2.835
0.906
1.254
1.41
1.713
1.969
6.675
1.1280000000000001
1.7690000000000001
7.433
3.122
1.377
1.5030000000000001
1.745
2.181
3.4530000000000003
1.563
2.69
10.399000000000001
1.764
8.185
1.324
1.865
3.098
2.1630000000000003
1.86
3.64
1.175
5.131
1.754
2.048
1.457
5.731
9.318
1.78
1.673
1.1360000000000001
4.7170000000000005
1.586
3.244
2.169
1.278
1.098
1.792
3.258
1.74
7.207
3.261
2.351
1.6420000000000001
3.972
1.189
3.705
1.28
1.3860000000000001
1.862
1.147
6.672
1.425
3.088
5.449
6.008
2.315
2.9130000000000003
1.6520000000000001
8.922
1.1400000000000001
2.282
1.145
1.797
1.391
5.164
17.918
1.3
3.7960000000000003
3.5820000000000003
1.343
1.691
1.478
1.266
7.025
4.808
1.969
4.1850000000000005
9.902000000000001
2.0100000000000002
6.855
3.084
2.322
1.706
2.963
3.974
1.3760000000000001
2.223
1.474
1.73
9.122
16.82
0.911
1.5170000000000001
12.143
0.876
1.927
6.149
1.999
1.991
6.82
1.215
5.356
2.057
1.445
3.745
1.296
2.06
1.241
4.175
1.682
1.993
2.233
1.965
3.035
3.1550000000000002
2.016
1.7590000000000001
6.985
3.071
2.816
3.208
6.6610000000000005
1.161
1.6560000000000001
1.452
1.25
3.747
2.701
3.194
3.386
3.294
2.306
1.603
3.086
0.849
1.084
6.974
7.5840000000000005
1.464
1.239
1.218
4.134
2.472
1.356
3.345
1.223
1.429
7.271
1.971
5.067
2.117
2.86
3.472
23.968
1.696
1.153
2.464
2.047
1.702
4.482
3.358
2.198
3.048
7.728
2.829
2.047
4.2
1.874
3.057
9.064
5.783
1.842
4.274
1.9180000000000001
7.182
1.086
2.398
1.291
2.95
1.883
3.798
2.599
5.097
1.709
1.219
2.005
2.082
2.083
2.837
1.281
1.956
1.323
2.9130000000000003
5.827
3.055
2.433
2.747
1.72
4.018
4.265
0.972
4.2010000000000005
5.94
1.963
1.418
4.714
11.933
1.3920000000000001
3.9250000000000003
9.216000000000001
1.343
1.165
4.775
3.533
11.285
1.796
1.1440000000000001
1.969
5.343
1.947
2.2960000000000003
1.122
1.786
3.148
1.563
1.721
1.434
3.041
1.661
0.994
1.804
4.956
3.192
3.332
1.32
2.337
4.121
2.56
4.7620000000000005
3.46
6.2
6.574
4.695
1.246
3.577
1.965
3.652
1.449
2.728
2.782
3.9
5.565
2.7720000000000002
2.822
1.438
1.498
1.104
1.308
0.917
3.15
2.028
1.422
2.356
2.34
1.284
2.074
1.412
6.532
4.605
3.315
1.185
1.571
3.37
3.226
4.6930000000000005
4.8260000000000005
1.6500000000000001
3.052
0.804
1.621
4.024
1.3820000000000001
1.064
1.43
1.848
1.121
3.5540000000000003
1.807
2.075
2.324
1.991
1.188
1.571
4.324
5.162
5.046
1.129
1.695
1.124
1.182
3.192
1.3780000000000001
1.414
4.374
1.035
1.03
5.6530000000000005
7.415
2.859
1.651
1.795
2.598
1.52
1.05
4.42
3.963
3.5740000000000003
5.026
1.5210000000000001
3.028
1.832
1.264
19.604
1.2530000000000001
1.698
1.701
1.578
1.588
1.988
1.845
0.906
0.875
3.468
1.552
1.264
1.442
4.575
2.541
3.279
9.346
1.056
1.865
1.716
2.5580000000000003
1.6580000000000001
2.724
1.794
1.25
1.528
3.261
1.861
1.353
2.27
1.5030000000000001
5.432
1.441
2.735
1.1440000000000001
3.412
3.882
2.387
2.684
11.893
1.178
5.293
1.6620000000000001
1.613
1.795
1.599
1.219
6.684
1.357
3.821
1.481
1.192
1.342
6.3100000000000005
21.464000000000002
3.372
1.964
1.998
1.943
4.279
2.887
1.554
1.735
1.309
1.287
2.976
8.337
2.238
5.406
1.024
1.956
3.153
1.625
5.655
1.917
2.68
2.136
0.89
1.565
3.3040000000000003
2.116
1.907
1.485
2.066
6.227
1.993
1.7810000000000001
2.717
2.2920000000000003
1.049
0.913
1.202
3.736
6.214
5.2090000000000005
9.884
1.155
9.66
2.122
1.6280000000000001
4.019
1.323
1.028
2.215
2.973
4.272
3.4370000000000003
1.147
2.086
4.993
1.314
1.799
4.473
3.6670000000000003
3.986
2.05
4.43
4.617
3.007
1.778
2.435
2.484
1.5350000000000001
2.363
2.023
4.4350000000000005
1.052
2.279
1.6360000000000001
1.998
4.054
7.206
1.112
1.932
1.975
6.4590000000000005
2.415
2.072
1.949
1.002
2.837
2.411
2.215
5.5440000000000005
3.031
18.05
1.2510000000000001
1.466
1.856
1.424
4.534
2.894
1.219
1.674
2.81
3.755
2.286
2.363
1.454
1.2530000000000001
1.1
5.144
4.408
0.841
1.3800000000000001
2.727
2.8080000000000003
6.214
1.59
2.9050000000000002
1.703
3.528
1.975
2.4090000000000003
4.7940000000000005
2.644
1.844
1.859
8.563
9.687
1.758
1.372
10.234
1.424
3.08
0.9580000000000001
8.844
2.97
2.9250000000000003
0.9450000000000001
1.645
6.206
1.617
1.061
1.669
4.51
2.206
1.543
1.465
1.858
1.26
11.145
2.908
3.443
2.605
2.338
4.606
1.543
8.445
1.227
1.158
25.579
1.422
3.056
13.632
2.36
2.152
1.6620000000000001
1.184
1.671
10.451
2.468
10.536
1.147
1.7570000000000001
3.833
3.89
1.8780000000000001
4.901
1.5110000000000001
1.368
1.107
1.285
5.79
1.706
0.992
4.614
5.252
5.689
4.056
1.329
2.471
0.848
1.383
8.164
3.775
11.139
4.181
1.497
2.257
2.745
3.444
6.236
3.011
1.5170000000000001
2.073
0.9
4.485
4.07
3.35
1.9140000000000001
1.296
1.743
5.761
2.858
2.298
1.586
1.312
3.709
2.493
2.3770000000000002
2.803
2.259
2.0380000000000003
5.437
4.121
1.593
1.756
5.383
2.078
1.796
3.547
2.789
11.412
1.05
14.104000000000001
1.618
2.419
1.844
4.155
1.992
1.997
5.906
4.941
1.974
2.653
1.2770000000000001
1.599
2.822
1.978
1.405
3.847
5.2010000000000005
2.181
2.515
2.269
1.75
5.852
1.61
1.428
1.409
2.336
1.659
2.43
2.817
2.301
1.508
2.509
4.493
3.713
2.503
3.237
2.201
1.866
2.198
3.8850000000000002
6.445
2.076
2.7880000000000003
3.982
2.33
0.985
9.05
3.082
3.17
18.943
2.528
1.301
0.995
1.603
0.9440000000000001
8.647
6.056
1.841
4.12
2.344
5.6000000000000005
12.137
1.8900000000000001
2.223
2.184
2.77
1.937
2.374
2.355
2.754
1.71
8.975
1.33
1.1320000000000001
2.433
0.989
4.751
0.8200000000000001
1.173
2.383
2.987
12.376
1.826
1.109
1.283
4.199
2.184
2.657
3.1830000000000003
1.039
2.338
5.399
1.794
11.096
2.029
2.725
3.388
2.092
5.439
6.7490000000000006
1.065
4.214
1.492
1.558
4.683
1.2670000000000001
2.568
3.614
1.59
2.17
17.301000000000002
6.01
3.173
2.547
11.13
4.765
2.906
2.587
1.657
1.0230000000000001
1.4060000000000001
1.4000000000000001
1.967
4.218
2.427
3.035
1.5230000000000001
8.874
2.795
3.238
3.485
4.546
1.5210000000000001
1.036
1.3980000000000001
5.673
1.46
1.932
2.237
1.425
4.9910000000000005
12.641
1.581
3.612
1.455
1.19
2.0380000000000003
4.221
3.21
1.306
1.9160000000000001
1.483
3.513
1.598
7.345
5.3
4.5680000000000005
2.315
1.714
0.9420000000000001
3.499
6.838
2.746
5.487
1.696
8.613
5.0440000000000005
10.702
2.433
2.797
1.292
1.063
3.785
2.62
4.744
0.9590000000000001
2.323
6.875
3.4530000000000003
1.545
1.465
2.755
15.48
10.327
4.815
2.7800000000000002
2.077
11.414
1.538
3.095
1.53
1.2590000000000001
2.896
5.525
3.172
7.367
1.106
2.916
1.258
2.433
2.376
1.724
2.867
2.415
1.8780000000000001
1.229
3.202
2.008
1.107
2.259
7.026
2.1670000000000003
1.98
3.278
1.947
2.1270000000000002
1.125
2.0060000000000002
8.963000000000001
3.677
1.514
2.5140000000000002
1.6480000000000001
14.548
2.13
1.842
2.477
2.625
7.349
1.855
2.466
4.6450000000000005
2.463
6.246
1.774
1.195
1.314
1.59
0.9510000000000001
1.852
8.648
2.149
1.476
3.419
1.7610000000000001
3.451
4.622
7.671
6.228
2.6630000000000003
1.225
3.2760000000000002
3.778
2.608
2.403
1.627
3.243
1.593
5.364
1.082
1.097
2.566
11.632
1.665
1.56
1.5250000000000001
1.708
2.38
1.719
1.7510000000000001
1.84
1.544
0.759
3.0220000000000002
7.745
8.402000000000001
11.35
1.2590000000000001
1.548
11.414
3.709
1.682
2.212
2.109
1.264
2.7760000000000002
4.03
3.9210000000000003
10.219
1.724
9.372
7.319
12.196
3.0500000000000003
1.174
2.197
2.188
1.815
3.083
3.484
2.368
1.474
1.563
1.816
2.016
1.52
2.436
3.0340000000000003
1.911
1.293
4.404
2.061
0.663
1.666
1.675
13.41
2.092
0.9580000000000001
8.056000000000001
1.358
2.157
1.328
1.737
3.719
1.218
5.124
1.205
2.8930000000000002
0.909
4.695
1.5130000000000001
1.375
1.301
2.531
1.805
1.045
2.585
3.3850000000000002
1.241
1.715
13.433
5.478
1.565
1.5190000000000001
2.173
1.362
1.356
16.42
1.0090000000000001
1.149
2.4210000000000003
2.561
2.638
1.399
3.207
3.162
5.1610000000000005
1.248
8.743
2.513
2.356
5.602
1.71
6.323
2.9410000000000003
1.49
1.9100000000000001
1.842
5.421
5.016
2.806
1.5050000000000001
4.471
7.635
4.486
1.832
3.394
1.245
2.463
7.086
4.757
2.503
2.66
3.866
1.778
1.284
4.1530000000000005
0.9480000000000001
1.318
7.171
6.444
4.821
3.6270000000000002
2.168
2.057
5.162
1.184
4.124
3.595
6.769
3.2680000000000002
2.331
4.564
1.823
2.371
2.317
8.474
7.65
1.205
1.23
5.211
2.062
1.202
0.927
2.05
5.799
3.672
5.855
5.855
3.844
2.702
1.6260000000000001
3.866
3.173
3.6430000000000002
0.871
1.835
1.037
3.352
4.476
1.544
4.944
2.636
1.258
1.7830000000000001
1.051
25.64
2.568
1.941
8.525
5.832
3.724
3.356
3.5180000000000002
1.035
1.177
9.759
3.866
2.459
1.401
5.667
1.993
2.5
0.965
1.123
2.2760000000000002
2.321
2.094
1.86
1.8820000000000001
3.384
1.3880000000000001
2.864
2.738
1.2630000000000001
1.159
1.099
1.617
1.244
1.578
3.61
7.897
2.781
2.5
1.856
3.04
11.912
2.904
7.082
2.145
4.61
1.653
14.814
1.166
27.608
3.613
1.348
4.01
6.307
1.3840000000000001
2.05
3.4250000000000003
2.443
1.458
9.790000000000001
1.371
6.401
4.284
1.2770000000000001
2.904
1.623
2.15
1.429
1.374
2.36
2.612
1.0230000000000001
1.429
2.265
2.297
1.36
3.173
2.119
1.016
1.544
7.215
4.9
4.825
1.9040000000000001
1.412
1.063
1.182
4.749
0.983
3.4290000000000003
4.862
1.105
2.294
2.054
1.097
2.5340000000000003
3.207
1.96
1.618
16.004
2.459
1.157
1.359
1.76
1.615
12.125
1.46
1.847
6.958
2.331
5.163
5.815
3.6510000000000002
3.033
1.737
1.641
2.024
2.492
1.735
1.942
1.7770000000000001
1.442
2.822
4.843
1.741
10.134
1.746
1.2570000000000001
1.194
6.51
2.613
2.346
2.071
3.65
0.757
5.273
3.4490000000000003
1.235
2.625
3.17
1.066
1.655
1.739
5.3
2.011
0.9440000000000001
12.446
2.047
4.666
1.41
1.3880000000000001
2.93
2.317
1.199
2.617
12.499
1.408
1.309
10.725
1.5110000000000001
4.557
1.7550000000000001
2.9010000000000002
2.814
1.2790000000000001
1.842
1.457
1.7850000000000001
1.5010000000000001
2.411
1.209
1.387
3.455
2.269
2.555
1.438
6.088
1.318
1.031
1.436
2.07
13.254
2.6350000000000002
1.778
1.451
1.231
2.604
2.9410000000000003
1.156
1.508
2.6830000000000003
0.9490000000000001
4.478
1.375
2.855
1.111
3.156
0.976
1.692
4.796
2.586
1.1500000000000001
3.036
2.0100000000000002
1.9180000000000001
1.873
2.819
2.566
0.76
4.061
1.927
4.164
1.877
4.059
5.766
1.2770000000000001
3.767
8.758000000000001
8.336
2.593
2.254
1.16
1.443
1.104
9.105
1.9160000000000001
3.08
1.994
4.365
1.631
2.682
2.822
4.122
5.768
2.458
1.551
1.05
1.6520000000000001
1.544
1.553
16.107
3.233
1.881
2.325
1.601
8.77
1.181
1.182
3.193
2.178
2.301
2.371
2.441
2.79
2.274
3.46
3.64
3.43
2.0180000000000002
1.437
4.766
1.858
1.107
1.364
1.996
1.599
0.748
1.843
1.171
4.039
8.244
1.667
3.101
2.379
1.578
1.549
2.983
3.177
1.5330000000000001
1.587
0.905
3.75
1.336
3.073
2.317
1.774
3.442
7.55
1.705
1.295
3.625
1.288
1.688
1.1420000000000001
1.064
1.469
1.354
7.569
1.913
3.092
2.758
0.923
7.768
1.2790000000000001
1.446
5.239
3.8000000000000003
1.145
3.547
10.299
6.117
2.25
2.207
3.378
3.106
1.629
2.523
5.674
2.073
1.599
2.368
1.5110000000000001
3.613
8.71
1.795
3.3890000000000002
1.252
1.6560000000000001
6.9910000000000005
1.419
2.22
2.888
1.516
1.106
3.424
1.673
3.229
4.0040000000000004
1.613
1.457
1.804
1.7570000000000001
1.445
1.555
1.782
4.424
1.499
1.544
0.864
1.835
1.688
4.753
5.095
3.541
16.112000000000002
3.085
1.016
2.293
2.584
1.171
1.215
2.076
1.8880000000000001
3.912
2.481
5.229
7.781000000000001
6.46
1.6300000000000001
9.01
2.015
3.225
1.262
2.721
2.942
2.707
2.2960000000000003
3.085
12.625
1.718
4.212
2.084
2.596
0.893
1.6460000000000001
1.205
1.885
2.141
1.2590000000000001
1.112
1.073
1.399
3.313
0.898
1.462
1.052
2.189
1.3920000000000001
1.5170000000000001
8.661
2.017
3.923
1.627
2.045
3.6630000000000003
3.257
9.200000000000001
1.199
2.615
6.234
1.367
1.477
3.871
3.188
0.775
2.142
4.273
1.569
6.2330000000000005
1.487
5.707
12.21
15.63
2.061
11.343
1.899
1.69
2.979
2.7600000000000002
3.104
0.904
1.355
2.717
2.4170000000000003
4.465
10.329
1.608
2.681
1.197
2.864
3.285
1.291
2.3970000000000002
2.223
3.129
3.738
3.025
2.575
1.246
2.497
8.391
17.54
2.599
0.905
1.211
13.125
1.929
3.975
1.868
5.301
1.3840000000000001
1.544
3.8890000000000002
1.865
1.313
1.726
9.067
2.707
0.76
1.7750000000000001
2.087
6.939
1.06
1.224
1.05
1.219
1.353
6.007000000000001
1.655
1.237
6.364
1.558
1.583
1.319
1.516
0.704
2.077
6.925
1.26
3.681
2.652
6.045
1.189
1.738
3.465
1.225
1.5330000000000001
8.628
1.922
10.244
1.308
1.622
2.614
2.834
15.803
2.319
1.9020000000000001
1.349
4.264
3.104
1.607
1.366
1.039
2.6670000000000003
4.538
4.861
2.3970000000000002
1.254
3.646
7.9
2.786
2.735
2.575
1.579
2.129
11.039
4.772
1.322
1.029
1.52
3.858
3.712
1.093
3.744
4.635
2.525
3.036
3.039
11.285
1.563
1.0170000000000001
3.59
1.5230000000000001
1.026
1.801
1.676
4.218
2.157
7.811
1.676
22.712
1.9140000000000001
3.743
2.847
3.392
1.622
9.062
4.045
2.737
4.146
1.0
1.557
4.479
2.426
1.055
8.085
2.359
3.771
3.188
2.356
3.032
3.527
2.584
7.545
4.051
1.8880000000000001
0.988
2.34
0.866
1.214
1.102
1.621
1.081
2.664
1.5310000000000001
1.051
3.596
3.107
1.745
1.331
2.1270000000000002
2.2840000000000003
13.701
1.008
5.154
1.457
4.28
1.237
3.91
3.407
1.379
1.481
2.182
4.53
2.5180000000000002
2.246
1.983
2.299
1.637
2.274
1.232
3.068
1.747
5.406
3.396
5.339
2.245
1.565
2.047
1.4040000000000001
4.6850000000000005
5.013
1.184
2.052
1.3780000000000001
1.468
7.497
1.9180000000000001
4.469
1.645
2.271
2.958
3.282
3.8000000000000003
1.536
0.912
0.842
3.059
3.122
1.256
5.71
2.7600000000000002
5.101
2.9250000000000003
1.236
1.349
3.095
0.992
2.286
1.7570000000000001
2.092
0.883
4.228
1.17
6.338
4.69
1.623
4.385
4.158
0.873
4.7780000000000005
1.059
5.414
1.615
1.108
2.338
3.1750000000000003
4.014
3.189
12.325000000000001
1.4060000000000001
1.95
1.554
1.595
2.466
5.753
2.604
3.712
1.651
1.6460000000000001
1.528
2.197
2.067
2.404
1.086
2.596
5.308
1.391
5.779
6.333
1.5350000000000001
4.305
2.956
3.819
1.438
2.56
7.672000000000001
5.565
9.173
1.969
7.666
1.314
1.446
5.662
3.275
1.957
1.184
2.029
1.788
1.05
2.4290000000000003
1.52
1.987
1.422
17.665
1.456
3.173
6.479
3.521
2.423
1.352
3.178
4.272
1.858
10.977
3.271
1.803
1.085
18.198
1.481
7.909
2.75
3.693
4.376
6.945
0.845
3.544
1.6580000000000001
6.91
2.658
1.6640000000000001
2.2560000000000002
3.814
7.287
1.088
0.911
1.575
3.851
4.918
1.288
2.701
2.618
3.589
2.544
7.527
2.6270000000000002
1.7910000000000001
5.08
3.076
1.596
1.748
3.801
17.331
4.349
1.924
2.174
1.587
4.7330000000000005
2.418
1.217
3.38
3.261
2.791
2.1310000000000002
2.273
1.3960000000000001
1.096
3.17
1.77
3.352
1.438
1.431
0.9540000000000001
1.685
2.146
2.082
2.954
1.9000000000000001
9.251
5.977
1.413
1.617
8.075
3.43
4.085
2.875
1.573
1.469
1.095
2.716
1.5110000000000001
7.952
8.215
1.428
1.2550000000000001
2.983
1.614
1.121
3.7920000000000003
3.333
6.753
5.955
4.549
2.037
1.583
2.451
6.767
1.223
2.665
3.21
3.024
2.984
1.688
0.971
1.221
3.0660000000000003
2.124
5.485
1.106
1.467
2.5460000000000003
7.667
4.202
2.819
2.483
1.238
2.316
0.81
3.521
5.604
2.863
1.77
2.882
2.746
3.61
2.414
2.212
1.637
2.299
1.429
2.0380000000000003
3.896
3.443
3.211
1.542
2.298
2.615
1.472
2.5380000000000003
2.775
7.431
1.237
5.7
0.962
10.452
9.552
1.9180000000000001
4.054
1.079
1.26
2.0180000000000002
2.616
7.061
3.343
3.067
6.856
6.281
2.711
1.868
0.9490000000000001
2.29
7.548
4.115
2.728
2.646
3.224
4.779
1.78
1.611
1.795
1.546
3.282
2.521
3.334
2.062
2.341
1.0210000000000001
1.162
3.981
3.809
3.589
1.308
8.955
3.633
1.629
1.371
3.831
5.407
2.98
8.763
5.081
3.492
5.857
0.927
1.671
1.9020000000000001
2.2560000000000002
1.2710000000000001
5.073
2.606
3.459
1.137
11.418000000000001
3.591
1.806
0.923
2.466
1.518
2.763
2.0300000000000002
2.9
1.172
1.238
1.448
1.733
1.087
1.641
2.178
1.873
1.469
5.601
2.157
1.081
2.309
5.829
4.3950000000000005
3.243
8.498
2.773
2.943
3.37
2.436
1.246
3.1590000000000003
2.053
8.344
1.325
2.419
3.852
4.745
1.67
14.682
6.364
1.978
2.331
1.1460000000000001
1.6520000000000001
3.177
1.174
2.1270000000000002
1.693
1.397
1.339
1.083
4.734
6.493
2.317
0.735
1.375
4.272
10.153
1.241
4.391
2.571
3.14
3.446
1.819
2.746
1.233
12.118
1.176
2.407
3.376
7.962
5.775
1.198
5.054
1.7
2.48
3.072
1.047
1.573
4.876
3.9170000000000003
0.985
1.157
2.327
2.806
2.552
24.785
1.611
8.413
1.3800000000000001
6.875
2.434
1.956
1.496
1.262
1.42
2.321
5.141
0.9540000000000001
4.594
2.075
1.191
4.237
1.833
5.622
2.654
1.672
1.451
2.719
0.892
2.367
1.351
1.462
1.945
1.087
1.341
5.76
1.1460000000000001
7.769
1.594
3.459
4.135
12.712
3.295
1.927
5.147
1.987
4.199
2.2920000000000003
3.134
2.352
2.496
7.908
4.031
29.224
2.693
1.038
1.581
2.048
1.195
17.075
1.46
3.508
1.425
2.365
2.847
2.302
2.507
7.258
0.9470000000000001
6.276
1.842
1.992
3.005
3.451
6.333
3.2800000000000002
1.947
2.311
4.742
1.833
2.114
1.955
1.305
3.5660000000000003
2.367
1.943
1.186
2.826
1.309
1.836
2.398
1.873
3.305
2.594
6.589
2.6430000000000002
1.772
7.745
3.523
7.8420000000000005
1.846
0.9480000000000001
1.478
1.383
2.7880000000000003
1.2690000000000001
2.181
1.37
1.923
4.039
7.199
1.95
1.432
1.8800000000000001
1.694
1.335
10.144
4.65
1.682
1.582
1.237
1.7710000000000001
2.806
2.624
1.087
2.457
3.0020000000000002
5.71
2.202
1.1360000000000001
5.846
2.785
7.461
2.0
3.0540000000000003
2.516
1.483
1.189
1.8760000000000001
3.458
8.163
11.834
2.302
2.013
1.752
2.3810000000000002
1.422
2.25
0.778
4.269
2.037
7.865
3.012
2.54
8.817
1.97
1.865
2.045
1.868
5.8740000000000006
1.572
0.9
1.101
4.519
14.774000000000001
3.434
1.4000000000000001
8.866
3.493
1.343
1.674
1.994
3.352
2.723
8.413
7.194
1.584
1.493
4.8340000000000005
1.7510000000000001
1.841
2.062
1.633
6.905
3.262
2.867
9.798
2.574
2.9090000000000003
1.934
1.6500000000000001
2.342
3.0100000000000002
3.1830000000000003
1.295
7.777
1.389
5.494
2.735
2.435
1.399
3.996
4.572
1.266
3.094
4.389
2.237
1.502
1.219
2.214
5.033
2.626
7.027
1.541
1.606
16.12
3.218
1.473
1.926
1.223
1.619
5.4
4.45
4.406
0.89
5.051
4.829
1.4000000000000001
2.549
1.465
3.31
12.883000000000001
6.699
4.797
1.8960000000000001
5.202
2.112
7.376
1.815
2.961
14.335
1.948
3.589
1.792
3.994
4.3340000000000005
1.088
8.114
3.93
1.156
6.3500000000000005
2.79
4.0920000000000005
2.582
1.346
0.8290000000000001
2.868
7.718
1.9100000000000001
2.919
2.2840000000000003
2.049
3.407
5.867
4.9590000000000005
1.433
1.311
1.466
22.319
6.349
1.7830000000000001
1.977
7.5920000000000005
3.684
8.249
0.756
0.998
1.46
4.6770000000000005
2.598
2.533
1.596
2.353
1.113
0.9530000000000001
5.524
2.7800000000000002
2.344
3.19
3.329
8.195
11.67
1.334
7.644
7.623
1.504
2.347
1.488
3.46
1.862
1.3960000000000001
4.141
3.0380000000000003
5.775
4.399
6.273
4.799
6.852
0.936
5.74
0.8170000000000001
4.014
4.673
1.09
2.725
20.047
3.439
4.144
1.283
1.3860000000000001
6.176
12.998000000000001
1.311
4.189
3.344
2.058
1.866
3.17
5.246
1.72
2.981
4.3950000000000005
1.395
2.2800000000000002
0.858
4.87
2.253
1.058
4.272
1.0170000000000001
1.944
1.722
1.239
22.637
2.339
5.422
4.304
1.3920000000000001
1.164
2.439
1.637
1.899
1.229
1.986
1.247
2.459
4.016
2.695
2.192
3.334
6.061
2.291
1.431
2.644
1.663
3.479
2.086
2.567
1.341
1.9000000000000001
1.663
2.7720000000000002
4.546
1.999
28.066
1.8760000000000001
2.968
2.7920000000000003
2.097
1.663
1.411
2.5
2.027
2.205
6.2090000000000005
1.708
3.136
1.471
1.332
0.976
4.184
1.217
1.567
2.249
6.782
0.986
20.386
2.1750000000000003
1.504
1.296
1.371
2.291
1.172
2.499
2.9010000000000002
4.89
3.339
1.4040000000000001
5.803
1.709
1.711
4.162
2.556
1.25
1.982
6.601
4.57
5.346
1.612
2.087
2.943
3.3280000000000003
3.214
1.088
1.613
2.572
1.161
1.176
1.933
1.69
1.617
2.437
2.7640000000000002
1.571
2.85
1.04
1.036
8.003
1.372
3.105
1.193
0.963
1.83
1.6440000000000001
4.543
9.637
1.201
1.688
1.557
1.557
1.8880000000000001
4.727
5.408
2.533
8.543000000000001
3.838
3.0260000000000002
1.125
1.133
1.232
3.923
1.605
6.316
3.646
1.043
2.236
6.78
1.211
4.453
1.635
8.524000000000001
2.493
11.238
1.472
3.749
2.5420000000000003
1.456
1.459
1.84
2.317
5.71
1.481
2.164
3.765
5.12
1.018
4.992
3.665
2.693
2.219
4.676
3.8930000000000002
4.371
4.071
2.454
1.448
7.527
0.971
6.007000000000001
1.7810000000000001
6.7540000000000004
1.248
2.17
1.796
4.458
5.272
1.999
4.253
1.795
2.338
1.209
1.037
3.858
1.443
2.356
10.897
1.0190000000000001
2.916
2.324
1.8900000000000001
2.674
2.674
11.875
1.795
1.861
3.051
2.003
1.002
5.5920000000000005
1.029
1.705
2.13
2.846
5.356
1.952
1.682
2.765
5.729
1.633
21.396
4.602
4.095
1.806
2.449
1.679
3.39
1.9100000000000001
6.857
2.237
4.766
2.061
1.264
2.234
1.707
1.979
3.059
3.5340000000000003
1.327
5.394
1.2510000000000001
2.07
4.058
2.031
1.651
2.193
8.661
0.757
1.567
1.459
1.427
3.954
3.5060000000000002
6.174
3.988
5.3740000000000006
8.306000000000001
5.765
6.963
1.575
6.425
1.303
2.828
2.479
1.422
7.337
2.049
1.532
1.504
2.684
1.543
2.706
1.478
10.041
1.1320000000000001
1.401
1.8820000000000001
3.309
2.537
3.894
2.057
3.7640000000000002
1.245
1.936
4.309
1.92
1.221
1.211
1.974
6.321
3.67
4.896
1.361
1.425
4.479
5.735
1.292
6.924
2.416
3.075
1.2630000000000001
1.618
1.2770000000000001
1.54
5.367
3.713
2.515
1.454
10.583
7.771
4.468
1.6420000000000001
0.969
5.331
4.305
6.553
2.39
2.829
3.963
2.395
4.167
1.752
4.144
1.236
14.944
1.364
1.467
13.238
3.795
3.3890000000000002
1.496
2.289
12.819
1.317
1.881
5.587
9.973
4.956
0.898
2.949
2.262
0.983
9.459
3.786
2.746
7.402
7.321
1.996
1.171
1.097
1.825
1.371
7.565
8.344
2.103
1.5050000000000001
1.47
2.099
2.017
1.812
1.584
5.279
2.698
1.5230000000000001
0.921
7.599
5.466
1.624
4.034
1.993
3.334
1.7830000000000001
1.79
2.215
0.833
1.437
1.668
0.986
4.884
2.015
3.967
8.45
10.929
1.945
1.875
2.801
1.684
1.696
2.539
2.623
2.984
1.53
1.092
2.559
2.479
2.209
2.593
1.651
2.928
4.1290000000000004
1.425
1.124
3.257
1.187
1.951
1.256
1.022
2.2840000000000003
1.585
2.602
1.615
1.6300000000000001
2.069
3.994
1.971
3.3160000000000003
1.422
1.364
1.915
5.588
1.031
1.831
1.606
3.222
1.472
1.481
1.5130000000000001
2.571
2.019
6.086
1.201
6.985
2.134
1.317
1.69
4.0680000000000005
18.47
7.155
1.486
3.7640000000000002
1.168
2.972
1.093
1.358
2.103
3.922
2.124
1.438
6.6610000000000005
3.0580000000000003
2.168
1.176
1.732
2.487
1.313
2.235
6.6000000000000005
1.964
16.461000000000002
2.18
2.017
0.927
2.532
2.062
2.9290000000000003
3.322
1.429
3.5620000000000003
3.231
5.298
1.355
2.161
3.077
10.153
2.388
1.686
10.754
1.843
3.222
1.53
1.236
5.3870000000000005
1.641
2.063
2.775
1.5150000000000001
1.455
2.076
8.093
2.197
1.6420000000000001
22.538
2.192
2.954
3.339
5.756
1.19
4.811
4.766
2.007
2.069
2.301
1.177
2.488
11.298
4.545
2.918
1.047
3.111
4.062
1.431
1.047
1.157
5.875
3.198
2.246
3.16
9.935
2.048
2.277
1.379
1.342
4.09
4.905
1.235
8.412
1.21
0.9540000000000001
5.179
1.69
2.278
1.933
4.276
3.5620000000000003
1.114
2.511
1.75
2.236
4.591
3.387
2.104
2.117
1.2510000000000001
1.097
1.254
6.721
1.29
1.431
3.123
2.068
1.217
1.504
2.5460000000000003
3.283
3.601
1.7810000000000001
1.992
12.623000000000001
1.432
4.053
1.949
1.94
1.821
3.237
1.491
0.8210000000000001
8.029
5.979
3.6550000000000002
2.154
3.322
4.4750000000000005
0.877
9.65
3.086
2.009
2.501
1.706
3.157
15.56
1.276
3.355
3.484
1.653
3.088
1.499
2.312
2.548
5.856
1.805
2.348
1.283
1.522
1.835
3.207
5.28
2.287
1.289
1.061
2.189
4.962
2.8000000000000003
4.755
2.037
5.353
1.492
1.312
1.544
1.349
0.869
1.434
2.528
5.712
1.162
1.961
2.707
1.358
0.889
3.985
1.05
1.334
3.8890000000000002
6.926
2.129
10.716000000000001
5.671
0.904
2.054
1.4000000000000001
1.403
1.635
1.723
1.539
1.179
8.085
1.346
4.085
1.716
1.192
9.245000000000001
3.994
20.448
8.466
1.125
2.916
3.842
1.5130000000000001
6.38
5.224
2.076
3.206
1.995
8.694
2.062
2.215
2.615
1.177
3.782
1.6
1.822
2.619
1.0190000000000001
1.733
2.194
1.478
2.738
2.352
1.284
1.981
2.634
2.727
3.838
3.9130000000000003
2.454
9.892
2.629
1.359
1.174
3.343
2.126
1.16
3.481
3.462
5.61
1.698
1.231
5.743
2.934
2.694
2.285
1.045
1.27
5.094
2.853
4.657
3.019
2.794
1.576
4.04
0.995
2.357
1.12
1.377
4.995
1.466
3.069
3.096
1.686
1.891
8.377
0.983
2.733
1.687
2.753
2.666
1.2610000000000001
3.226
3.196
1.202
5.696
1.446
1.6380000000000001
2.533
1.325
1.549
1.927
3.219
1.733
2.265
5.377
3.273
0.928
3.098
3.571
6.517
7.9830000000000005
1.393
1.53
4.164
1.1440000000000001
4.992
1.8980000000000001
2.355
2.166
1.8880000000000001
19.568
5.664
4.3020000000000005
5.497
1.7750000000000001
3.846
10.438
9.418000000000001
2.266
2.614
1.7750000000000001
1.633
1.012
3.194
2.955
1.212
5.59
27.789
1.946
6.5600000000000005
5.7330000000000005
1.584
2.448
2.728
1.8820000000000001
12.732000000000001
1.182
12.538
1.687
3.243
20.958000000000002
0.992
2.847
7.05
1.6420000000000001
3.94
7.377
1.333
1.615
2.533
2.786
4.893
3.125
2.061
1.293
5.235
1.2750000000000001
1.872
1.639
1.758
3.3930000000000002
1.584
1.319
1.453
1.627
9.881
2.119
2.895
1.675
1.936
3.419
6.948
1.1400000000000001
1.868
1.604
1.3940000000000001
2.513
1.1260000000000001
7.094
4.3790000000000004
2.27
2.033
2.774
0.936
4.0520000000000005
1.185
17.749
1.234
2.497
2.194
2.521
4.13
2.283
2.673
4.096
2.128
1.461
3.612
2.39
2.501
4.769
4.264
1.252
11.021
1.594
1.591
3.6990000000000003
1.445
2.96
1.621
1.0
2.886
2.152
1.5090000000000001
1.543
1.493
0.909
4.6530000000000005
3.1910000000000003
3.555
1.963
2.326
2.251
2.084
2.746
11.185
1.423
1.98
4.182
2.4050000000000002
4.248
1.324
2.197
3.677
2.865
1.5290000000000001
1.055
4.316
2.5540000000000003
4.352
0.985
1.351
2.945
4.367
3.464
0.9490000000000001
2.837
4.854
1.264
4.476
1.493
4.875
1.306
8.202
1.479
2.04
1.7870000000000001
1.822
2.701
1.702
2.2640000000000002
1.945
6.074
1.6360000000000001
2.7
4.961
1.102
0.906
1.649
1.411
5.731
2.539
1.206
5.748
3.9130000000000003
7.687
2.235
1.42
5.447
6.154
7.652
1.375
1.602
12.837
1.204
10.497
1.112
4.141
3.654
1.553
5.562
3.795
1.2590000000000001
0.761
1.629
2.376
1.447
10.926
1.389
8.126
1.276
2.45
1.524
2.257
1.952
1.5210000000000001
2.053
8.889
1.381
2.02
1.389
6.6000000000000005
5.087
1.0010000000000001
1.959
2.714
1.614
2.105
3.608
1.58
5.564
2.625
1.794
1.742
1.993
4.886
2.98
2.194
1.093
1.578
2.066
2.2560000000000002
2.566
2.3000000000000003
2.093
1.52
3.698
3.056
13.981
3.5500000000000003
1.67
1.929
3.3240000000000003
1.071
1.489
23.486
11.204
5.7490000000000006
4.605
1.408
1.272
3.626
1.327
1.5330000000000001
5.442
1.1380000000000001
1.574
1.27
4.817
2.692
2.598
1.469
2.793
1.122
1.299
1.615
1.24
3.81
1.618
4.815
9.189
0.879
4.003
1.359
2.862
5.335
2.3040000000000003
4.405
1.1400000000000001
2.214
2.7
3.379
4.232
6.58
4.17
2.809
1.857
1.105
1.565
1.827
15.683
7.71
1.6280000000000001
0.874
1.077
5.9910000000000005
1.842
3.72
5.768
1.327
2.9250000000000003
1.403
2.488
1.567
1.322
3.334
1.5230000000000001
2.076
1.893
1.594
11.644
1.772
5.293
3.473
3.839
1.855
3.257
0.902
1.232
2.158
4.621
4.9190000000000005
5.085
5.812
0.962
1.217
1.593
1.062
3.77
0.791
2.216
1.534
8.011000000000001
1.488
1.488
3.33
5.276
9.324
2.364
1.715
1.971
2.912
1.803
4.194
1.449
10.727
1.883
2.646
18.537
1.715
1.875
5.168
4.64
4.238
2.07
7.83
6.029
1.321
16.085
1.73
1.496
12.162
8.734
1.6260000000000001
9.726
2.904
4.124
1.285
4.389
2.353
3.263
1.947
1.917
2.387
1.496
2.907
14.135
1.6460000000000001
1.6640000000000001
5.205
1.124
2.488
2.071
6.4190000000000005
1.1360000000000001
1.678
1.696
1.3920000000000001
2.755
1.764
1.2570000000000001
4.872
3.19
0.863
1.819
1.9180000000000001
3.039
2.012
3.672
1.159
10.914
3.242
1.736
7.215
2.851
5.5280000000000005
2.616
2.484
2.189
5.837
3.5500000000000003
2.036
2.145
1.029
9.152000000000001
1.288
11.282
1.354
1.928
1.611
1.28
2.388
1.194
2.7880000000000003
5.197
2.266
2.6630000000000003
2.993
2.404
3.224
1.526
1.3940000000000001
1.976
1.002
2.883
1.551
2.589
1.825
5.646
3.359
1.086
1.743
6.162
1.0050000000000001
1.333
2.7800000000000002
1.675
2.481
2.754
1.673
1.437
1.601
1.672
1.489
6.605
3.544
2.209
1.923
5.75
1.93
2.035
1.976
1.403
2.831
2.442
1.748
2.388
1.726
2.435
7.352
3.923
2.826
3.879
1.461
4.115
5.3500000000000005
1.586
2.3000000000000003
1.682
1.965
4.516
5.36
2.109
6.684
1.437
9.812
7.569
3.123
2.884
2.44
4.389
4.696
1.621
2.85
5.655
7.138
3.11
3.207
1.625
1.387
1.158
3.109
1.332
2.23
1.2610000000000001
1.333
3.989
3.785
1.282
1.073
1.6620000000000001
1.169
2.406
4.849
1.3860000000000001
1.7550000000000001
1.995
1.37
1.685
3.701
4.109
5.047
5.654
4.938
2.8810000000000002
4.64
1.864
1.967
1.354
1.968
2.666
5.047
2.311
1.671
1.715
6.894
1.96
1.559
1.797
3.0340000000000003
3.654
0.924
1.556
6.4910000000000005
2.082
3.7110000000000003
1.23
1.087
6.462
3.9330000000000003
1.862
2.71
2.468
0.929
1.246
1.708
2.722
1.211
0.776
1.919
6.545
2.577
3.004
6.1000000000000005
6.984
3.331
3.057
4.478
3.188
1.963
15.22
1.036
1.498
1.335
3.7030000000000003
1.226
1.7530000000000001
1.21
7.045
1.728
5.057
1.744
4.444
10.971
1.473
8.06
2.6430000000000002
1.207
1.256
4.114
1.911
7.335
1.5010000000000001
1.647
1.506
1.599
1.187
7.599
1.23
1.587
1.693
1.653
1.3780000000000001
1.697
1.837
10.136000000000001
3.096
1.303
0.93
1.296
3.504
4.225
5.221
5.868
1.433
2.32
2.383
1.06
1.564
3.471
1.581
9.036
4.469
1.226
1.594
2.535
2.3040000000000003
1.835
7.046
1.793
3.938
0.789
3.0300000000000002
2.119
2.103
1.8
1.319
2.697
2.649
10.075000000000001
1.098
5.102
1.493
2.305
1.426
2.545
1.655
1.1280000000000001
2.908
1.621
2.493
7.2700000000000005
5.886
3.399
1.643
1.403
4.22
2.912
1.868
1.593
3.4530000000000003
1.922
1.025
4.296
5.655
1.86
7.994
2.988
6.352
2.443
2.5500000000000003
3.672
1.127
2.523
5.4430000000000005
1.793
2.464
1.655
2.815
8.644
3.587
3.391
2.029
1.685
2.266
5.783
1.572
1.815
1.332
2.39
1.8980000000000001
2.582
3.694
1.5330000000000001
1.206
1.0170000000000001
3.0
1.071
1.592
1.76
3.75
1.774
1.226
5.239
10.619
2.08
5.819
5.12
3.174
2.072
1.231
3.258
2.028
5.513
13.477
2.174
1.189
3.017
9.205
1.674
1.913
1.1400000000000001
1.703
1.189
1.3860000000000001
1.425
0.772
1.674
0.723
1.976
1.211
3.928
10.762
3.24
2.1270000000000002
1.621
2.355
2.15
3.814
9.671
4.142
8.102
3.106
5.55
1.922
1.249
1.198
5.321
3.817
3.217
3.543
2.761
5.632
1.447
1.36
2.027
3.154
1.554
3.5500000000000003
1.928
2.156
2.744
2.948
7.418
18.354
1.866
2.567
2.369
2.62
1.395
3.8120000000000003
8.709
8.366
2.696
3.287
1.792
1.177
2.366
1.909
2.141
2.162
3.712
1.749
2.91
4.944
5.8180000000000005
2.123
1.947
1.574
2.464
1.286
0.964
2.574
3.303
3.845
1.606
2.176
1.682
1.479
1.988
3.967
1.5270000000000001
5.456
1.697
18.488
15.198
1.289
3.948
1.6620000000000001
1.117
5.003
3.604
1.2730000000000001
2.559
3.829
9.304
3.6950000000000003
1.704
1.7
3.234
4.329
1.077
4.456
2.374
3.43
2.706
61.74
8.388
2.1510000000000002
1.052
0.9550000000000001
2.672
3.236
1.743
2.364
5.179
7.2490000000000006
2.504
7.8420000000000005
0.909
1.32
5.207
2.323
11.105
1.7870000000000001
1.8980000000000001
6.9030000000000005
8.014
1.6340000000000001
3.319
2.42
1.794
6.011
2.571
2.754
2.053
1.689
4.135
2.3040000000000003
3.469
1.321
3.3930000000000002
5.013
3.154
1.25
1.8840000000000001
3.396
1.2
1.792
1.28
2.645
1.312
1.23
4.207
1.3920000000000001
1.278
0.935
4.5120000000000005
1.393
0.99
1.1340000000000001
1.813
1.446
3.144
10.682
1.704
1.699
2.035
1.165
0.9540000000000001
3.468
1.3860000000000001
2.0420000000000003
1.399
1.784
1.058
2.056
3.418
4.354
1.752
1.867
4.1690000000000005
0.98
7.47
1.305
1.195
1.288
6.077
5.604
3.544
1.409
5.238
2.3040000000000003
1.689
6.041
5.1690000000000005
1.5010000000000001
6.748
1.381
2.05
1.7570000000000001
1.231
2.92
1.57
4.198
4.9190000000000005
1.324
1.432
2.713
0.903
5.066
1.191
3.521
3.533
6.988
1.7530000000000001
4.0440000000000005
3.8080000000000003
1.052
4.508
5.9510000000000005
0.977
3.779
3.608
2.116
2.212
2.816
0.978
2.981
3.261
2.084
1.413
2.773
1.474
4.328
4.186
0.907
10.416
3.614
1.796
1.563
1.046
2.438
1.584
4.022
12.579
1.84
1.823
1.647
1.027
4.728
3.337
1.03
4.207
1.4000000000000001
1.07
4.106
2.626
2.287
6.12
1.344
17.526
1.296
3.392
4.219
0.93
6.165
7.635
1.193
2.406
2.204
2.596
6.285
1.326
4.1770000000000005
29.102
10.009
6.222
1.58
1.499
1.9000000000000001
2.335
2.22
3.842
1.145
2.1550000000000002
2.298
3.1990000000000003
10.772
2.164
1.917
1.194
1.304
1.496
0.864
0.851
0.989
8.972
1.484
3.121
3.7880000000000003
2.281
8.281
8.55
1.802
0.778
1.573
10.753
0.876
2.6750000000000003
1.341
2.968
2.1550000000000002
3.207
2.357
1.716
7.521
6.014
13.700000000000001
3.019
8.521
1.347
1.8880000000000001
2.469
7.4750000000000005
8.261000000000001
1.818
4.8420000000000005
5.849
1.69
17.785
3.0
1.44
1.5130000000000001
4.918
1.846
1.21
0.9390000000000001
5.3580000000000005
11.89
1.036
3.587
2.912
2.437
1.361
0.907
4.98
1.083
1.569
9.825000000000001
1.836
1.703
1.242
2.329
5.167
3.476
3.029
13.243
1.154
2.582
8.02
0.906
6.36
2.092
5.474
4.902
4.526
1.842
1.2510000000000001
4.33
1.568
0.982
1.7690000000000001
4.5840000000000005
2.677
3.585
14.095
3.786
3.731
1.6620000000000001
1.9080000000000001
6.721
4.914
7.5040000000000004
1.151
4.922
3.786
1.329
2.57
2.61
1.173
1.846
1.062
1.327
3.873
2.058
5.939
2.899
4.555
3.203
2.819
2.125
1.4000000000000001
2.236
22.085
5.399
9.645
1.149
1.8860000000000001
1.973
1.8920000000000001
2.7960000000000003
2.443
3.305
1.721
17.931
3.3280000000000003
2.266
5.398
1.441
0.9420000000000001
2.992
5.154
3.852
1.865
1.5330000000000001
2.886
11.021
5.705
1.726
4.389
3.4010000000000002
1.286
0.9470000000000001
11.458
18.163
4.266
1.719
2.364
1.303
9.246
1.5050000000000001
1.432
1.168
0.87
1.3900000000000001
3.791
3.321
1.0230000000000001
1.717
4.058
3.596
1.778
3.216
2.915
3.5
3.36
1.772
2.696
1.623
1.536
1.919
8.038
2.328
1.0
9.867
2.235
2.998
1.494
1.6280000000000001
1.349
6.091
0.791
1.931
2.684
1.343
1.357
15.253
1.133
4.211
1.074
1.7890000000000001
1.9040000000000001
2.8810000000000002
2.4050000000000002
1.143
1.571
1.965
8.711
16.084
1.1480000000000001
2.313
3.234
1.606
3.821
3.226
3.676
4.0040000000000004
6.221
1.678
2.9290000000000003
1.558
4.476
1.407
0.856
1.592
4.232
2.469
3.299
2.3040000000000003
3.11
1.121
2.331
1.2
2.447
7.348
1.446
1.371
1.133
2.8000000000000003
3.527
2.75
2.091
4.961
4.909
2.138
1.9160000000000001
3.985
1.861
1.2530000000000001
4.497
3.713
8.756
4.912
3.16
3.226
2.697
1.26
3.4170000000000003
4.321
1.393
2.737
1.286
3.568
2.541
1.197
1.957
3.464
4.429
7.073
2.843
2.069
3.91
3.987
2.451
2.7840000000000003
4.884
6.716
2.551
1.105
1.53
0.875
1.817
5.848
4.598
0.896
4.954
3.857
1.089
1.32
1.831
3.466
1.798
1.828
0.994
2.742
2.101
8.852
1.245
1.306
0.9
1.999
11.939
3.0140000000000002
3.741
2.681
1.426
2.447
5.736
1.926
4.1850000000000005
7.501
1.438
7.425
4.6610000000000005
1.977
11.897
1.766
0.868
3.853
11.576
1.111
6.771
9.023
17.75
1.462
3.118
2.583
1.413
3.1270000000000002
1.2550000000000001
2.56
1.562
7.139
2.0220000000000002
4.8340000000000005
4.897
2.326
4.25
1.198
3.9450000000000003
2.656
2.191
3.321
0.901
1.825
13.441
3.076
1.9180000000000001
1.203
1.3940000000000001
3.805
6.3
2.637
8.184000000000001
1.485
5.25
1.684
3.6750000000000003
1.25
2.1510000000000002
1.873
3.834
3.078
7.223
0.9580000000000001
3.0660000000000003
2.109
2.001
1.1320000000000001
1.81
2.204
3.978
1.701
3.478
1.812
5.037
1.719
2.274
1.229
7.7410000000000005
2.5
1.489
1.2790000000000001
2.547
3.287
2.0060000000000002
1.308
1.389
1.24
2.739
1.428
1.075
9.07
3.847
1.921
5.174
6.5440000000000005
4.182
8.913
1.181
1.568
2.842
0.9480000000000001
3.3040000000000003
1.082
8.232
1.872
1.829
1.305
1.721
11.362
1.976
2.199
1.618
5.271
4.805
7.922000000000001
0.88
26.965
5.921
4.053
10.561
3.959
4.738
1.2750000000000001
0.775
1.809
5.876
0.967
12.09
2.62
3.161
1.8820000000000001
1.499
2.021
1.747
2.755
4.728
4.525
5.089
3.273
15.418000000000001
2.093
2.848
1.201
1.859
2.876
2.478
2.725
1.486
3.34
1.825
1.437
17.737000000000002
4.615
10.591000000000001
1.154
1.573
2.422
3.9050000000000002
2.318
1.866
2.493
3.14
2.0020000000000002
0.906
2.196
3.0540000000000003
1.21
2.491
2.306
4.223
2.281
4.902
2.589
2.584
1.586
1.155
2.001
1.432
1.641
1.949
1.564
1.717
2.596
0.9590000000000001
1.504
2.261
3.235
2.64
2.234
2.188
2.414
2.399
9.093
3.983
0.866
13.02
7.493
1.7590000000000001
1.619
1.0090000000000001
2.625
6.15
4.283
3.999
1.999
1.6640000000000001
7.018
1.359
2.117
3.17
1.891
5.641
2.24
1.816
2.482
0.9450000000000001
6.821
2.614
1.066
4.94
4.132
1.7630000000000001
1.56
2.468
1.266
4.606
1.159
5.3580000000000005
3.489
3.279
1.224
2.471
2.148
1.631
5.524
2.187
2.634
4.868
2.19
1.6600000000000001
2.005
1.5190000000000001
1.467
6.533
5.513
1.737
1.014
1.468
11.283
3.1310000000000002
1.588
5.359
2.411
2.953
8.902000000000001
2.2960000000000003
2.411
1.927
2.562
2.208
14.13
16.671
4.761
4.154
1.742
1.625
6.045
1.1280000000000001
1.032
2.211
5.977
2.842
3.122
1.441
3.156
1.764
1.823
1.673
4.6850000000000005
1.691
3.39
2.152
8.711
1.029
2.161
5.316
1.333
4.6370000000000005
2.2760000000000002
3.06
1.732
1.708
1.314
1.963
10.787
2.118
1.925
3.995
16.968
2.5
1.543
1.283
1.695
1.1440000000000001
3.214
1.5350000000000001
2.8970000000000002
1.464
1.222
2.938
2.903
4.562
4.837
2.601
1.407
1.226
1.254
7.164000000000001
3.484
4.525
6.537
1.2550000000000001
1.149
4.404
1.623
2.312
3.282
1.495
1.776
1.709
3.74
1.016
1.733
1.432
8.212
3.818
1.637
2.757
1.055
2.583
1.469
2.557
1.121
3.186
8.055
1.212
1.12
1.539
1.949
1.827
2.528
8.131
6.642
2.5140000000000002
1.532
2.527
18.175
2.529
1.272
1.6340000000000001
11.597
5.5360000000000005
5.26
1.873
2.328
2.8930000000000002
2.294
1.5130000000000001
1.226
3.6350000000000002
2.57
1.7910000000000001
0.9550000000000001
2.503
2.028
12.269
1.029
1.671
5.043
1.8
1.844
2.84
1.468
1.061
2.673
1.286
2.427
1.7850000000000001
1.186
1.83
1.677
5.646
1.034
2.197
1.2510000000000001
2.858
3.189
5.353
4.554
1.8780000000000001
2.076
3.1750000000000003
1.429
0.979
1.3760000000000001
1.913
1.687
1.327
3.017
1.197
1.116
1.899
5.885
2.0020000000000002
3.896
2.391
1.567
2.555
1.103
2.602
32.674
1.331
0.98
1.471
1.784
1.561
4.799
1.5270000000000001
0.892
12.648
2.057
2.664
1.819
3.5340000000000003
1.981
4.827
2.618
4.34
3.162
6.32
1.873
1.1320000000000001
1.591
2.161
1.04
7.0
1.573
3.34
5.515
2.044
8.875
1.199
2.2800000000000002
2.192
4.226
3.228
3.6270000000000002
6.78
1.836
2.836
2.359
1.699
1.024
4.744
2.9330000000000003
2.5220000000000002
1.495
1.61
1.214
3.357
4.673
1.328
1.6600000000000001
2.084
8.259
5.729
1.317
1.1420000000000001
3.214
1.123
8.218
1.2730000000000001
4.496
2.712
1.322
3.793
10.781
4.907
1.3880000000000001
3.294
2.422
1.362
0.802
1.069
1.354
2.178
2.419
2.565
1.624
1.295
1.471
8.162
1.018
1.355
2.8890000000000002
11.012
1.467
1.338
7.916
8.103
1.5050000000000001
4.514
3.3890000000000002
1.873
1.936
1.1420000000000001
2.2680000000000002
1.206
6.383
19.947
6.422
1.068
1.972
1.989
2.075
1.385
8.043000000000001
4.279
1.286
1.5090000000000001
3.564
1.625
2.861
4.546
3.774
3.447
10.427
6.8
2.862
4.94
1.307
1.567
6.722
1.471
0.796
1.881
5.791
1.121
2.628
1.445
4.0360000000000005
2.251
1.844
6.6690000000000005
1.272
7.3660000000000005
1.0050000000000001
2.0420000000000003
1.678
1.7510000000000001
1.723
1.855
5.256
19.523
4.647
2.825
2.959
1.239
3.253
4.9110000000000005
1.252
1.984
1.9000000000000001
1.564
6.401
1.345
10.127
14.954
3.7760000000000002
2.11
1.996
2.282
0.834
1.135
2.465
2.349
3.598
1.078
1.407
2.6470000000000002
3.633
1.45
2.286
1.366
2.082
1.883
2.025
4.184
7.448
5.3740000000000006
1.814
5.728
7.7330000000000005
2.842
1.032
1.329
1.463
1.199
2.033
2.1550000000000002
2.669
1.705
0.9450000000000001
1.752
2.419
2.426
8.972
1.603
1.3960000000000001
6.383
1.722
1.158
9.231
3.616
7.938
2.515
0.859
14.359
3.826
1.672
1.292
1.7550000000000001
1.597
2.352
3.829
3.162
1.7830000000000001
3.5300000000000002
1.285
5.711
0.929
1.12
1.699
4.252
2.693
1.286
1.056
1.368
1.074
3.06
1.556
1.2530000000000001
2.524
1.371
1.98
1.294
1.187
1.129
2.114
1.585
1.714
1.6260000000000001
0.9590000000000001
2.246
0.969
1.537
3.539
2.961
5.952
3.39
7.126
5.916
1.397
5.144
1.565
1.688
1.619
1.254
2.741
6.9110000000000005
2.453
8.509
0.783
2.3770000000000002
4.477
1.696
0.901
2.319
1.784
3.855
0.8170000000000001
2.096
4.218
2.148
1.5030000000000001
1.014
2.363
1.5190000000000001
2.781
9.213000000000001
1.258
7.617
1.686
6.184
1.239
3.521
1.697
2.136
2.751
1.4000000000000001
5.109
6.214
6.011
1.185
7.937
3.966
1.166
1.657
4.073
3.287
12.118
2.1630000000000003
1.303
1.687
2.615
2.263
1.857
2.426
4.115
4.938
3.096
5.878
2.019
0.993
1.719
2.157
1.362
1.197
1.151
1.0050000000000001
1.25
3.032
5.087
3.748
7.369
8.759
2.32
2.766
1.936
1.544
9.505
6.511
21.587
1.839
4.205
9.273
3.075
4.641
5.223
2.274
1.028
1.6360000000000001
1.6520000000000001
1.99
5.41
6.021
1.354
1.736
1.754
1.268
0.9520000000000001
4.675
1.264
1.1360000000000001
1.038
1.342
1.712
0.841
1.387
1.455
7.4910000000000005
2.016
2.391
2.219
1.881
4.642
1.823
3.762
1.349
4.466
1.153
4.88
2.1710000000000003
1.938
4.097
0.867
0.924
1.73
1.803
4.793
6.303
5.849
2.633
4.374
5.688
3.997
3.597
0.986
4.314
1.605
5.18
9.289
3.763
2.227
15.41
7.078
1.338
2.121
5.574
4.963
4.035
9.494
2.433
1.674
2.332
3.092
2.114
1.611
9.834
1.3960000000000001
4.689
3.246
1.424
3.017
2.373
2.19
0.809
4.2700000000000005
2.2680000000000002
1.95
2.343
1.631
1.711
2.082
1.669
1.11
1.553
6.025
1.92
7.9
1.749
2.532
8.797
2.078
1.614
8.604000000000001
1.764
2.368
3.622
1.576
1.5210000000000001
1.977
1.324
3.936
0.86
1.929
1.98
1.232
9.969
1.493
4.604
1.651
1.844
1.121
3.121
1.651
1.647
1.089
1.222
1.893
6.9270000000000005
4.716
4.882
1.643
2.197
1.792
1.932
2.197
3.015
1.173
3.969
1.716
4.6370000000000005
2.0060000000000002
6.4590000000000005
2.193
1.596
1.302
1.994
15.136000000000001
2.0100000000000002
4.523
3.74
1.139
8.31
7.6000000000000005
1.471
2.369
1.5150000000000001
0.927
1.074
1.453
11.224
1.385
2.053
4.267
1.233
1.042
3.229
1.238
3.04
2.963
1.463
6.123
5.36
6.497
3.408
6.897
6.751
1.603
5.188
1.235
4.698
2.322
2.226
1.06
1.086
2.035
4.598
1.285
4.287
1.194
3.698
1.088
14.823
1.055
0.9480000000000001
2.6830000000000003
4.371
2.825
3.1470000000000002
1.3820000000000001
4.128
1.633
1.661
1.336
7.507000000000001
2.782
3.119
1.333
1.083
3.323
1.242
6.359
1.094
5.179
2.467
2.455
4.171
1.094
1.498
1.149
1.786
1.359
1.1400000000000001
1.227
6.782
3.234
5.266
1.111
2.7760000000000002
5.894
1.018
6.265000000000001
1.975
5.615
4.67
1.485
1.137
1.725
2.327
5.809
4.264
11.877
1.109
1.809
2.8850000000000002
1.368
1.592
1.171
1.373
1.678
1.651
2.066
3.6630000000000003
1.672
4.0280000000000005
1.365
1.604
5.271
4.711
3.037
1.545
0.787
1.952
1.427
4.1850000000000005
1.195
8.13
5.763
5.354
2.15
1.9120000000000001
2.015
9.08
1.549
1.326
18.056
2.117
2.06
5.957
1.724
1.17
2.45
2.836
6.719
1.565
3.854
3.676
1.649
1.187
2.455
1.268
2.41
4.761
2.96
1.215
2.6350000000000002
9.34
1.78
11.699
6.441
1.02
6.5840000000000005
5.075
1.073
3.224
8.17
1.182
9.708
1.588
1.717
1.7790000000000001
3.438
1.541
3.358
3.134
1.242
2.2720000000000002
1.3920000000000001
2.6870000000000003
11.629
1.47
1.45
1.932
5.3870000000000005
2.868
2.9010000000000002
4.602
1.622
4.08
0.908
1.365
6.697
2.607
1.499
1.663
2.448
1.292
1.798
2.94
1.024
3.576
2.565
1.114
3.318
1.6500000000000001
2.225
5.93
1.458
2.206
5.014
2.872
1.8860000000000001
2.503
1.611
1.671
9.268
4.211
1.7
6.878
3.604
1.217
1.426
0.9420000000000001
2.566
2.156
1.288
1.647
0.921
2.961
8.169
2.269
1.103
1.333
8.036
1.141
0.9590000000000001
2.227
1.299
1.4000000000000001
0.879
1.405
3.214
3.2920000000000003
1.629
2.9210000000000003
1.171
1.641
1.214
2.695
1.586
10.097
5.263
1.171
3.427
1.915
3.697
4.276
2.697
1.82
5.9590000000000005
1.335
1.554
4.788
1.428
2.162
6.585
3.052
2.368
0.922
1.556
2.6470000000000002
9.688
5.3500000000000005
3.009
2.32
1.333
14.359
0.8270000000000001
1.7550000000000001
8.778
3.5060000000000002
0.9570000000000001
1.1280000000000001
5.646
0.796
3.4050000000000002
1.163
0.9440000000000001
4.495
2.178
1.182
3.3970000000000002
6.436
3.289
3.074
1.037
1.158
2.132
1.655
11.711
2.347
12.69
7.99
10.262
2.2760000000000002
1.393
2.574
2.1430000000000002
7.337
2.4210000000000003
2.789
4.0360000000000005
1.555
3.047
3.065
3.601
0.768
8.399000000000001
3.037
0.909
2.221
6.234
4.105
0.842
1.623
1.177
1.248
4.534
1.058
2.968
1.545
15.274000000000001
4.926
4.175
3.051
2.411
0.76
2.576
3.083
5.881
0.982
1.337
1.285
3.795
3.0620000000000003
3.662
1.532
4.059
2.213
1.327
1.629
3.9170000000000003
2.353
3.9130000000000003
1.5310000000000001
1.678
3.922
1.102
1.762
1.232
6.083
1.087
0.894
1.5290000000000001
2.382
3.845
1.46
1.449
1.12
1.607
3.871
3.279
1.639
2.0260000000000002
11.012
4.968
11.949
1.645
4.877
7.152
2.197
4.122
2.798
8.443
3.766
1.94
2.057
3.637
7.691
2.736
4.118
3.1550000000000002
4.474
11.211
1.855
1.122
10.027000000000001
1.666
2.5420000000000003
2.767
5.244
2.715
4.912
1.18
2.673
2.5220000000000002
7.640000000000001
3.602
3.567
5.799
1.191
1.766
0.96
2.203
1.108
2.527
1.3780000000000001
1.039
3.553
1.328
2.198
1.133
1.379
1.8980000000000001
2.713
2.29
4.067
0.902
2.665
1.584
3.35
3.7520000000000002
1.022
5.361
14.864
1.562
4.001
1.957
1.2610000000000001
1.993
2.721
1.678
1.7690000000000001
1.074
1.3820000000000001
4.499
4.127
3.438
2.406
2.128
1.965
1.843
1.732
1.143
2.769
3.753
3.094
1.231
7.179
2.765
8.88
5.502
3.658
9.896
13.371
12.6
3.346
1.928
2.863
1.462
1.22
2.793
1.833
4.197
1.456
11.624
1.4000000000000001
2.529
1.815
1.3960000000000001
1.169
1.57
0.977
1.355
1.71
2.426
2.9410000000000003
1.08
1.726
2.584
5.213
2.798
6.463
6.154
3.978
5.946
4.164
2.087
0.875
1.868
2.717
2.515
1.619
3.3160000000000003
2.144
2.1670000000000003
1.554
2.858
1.9020000000000001
10.883000000000001
1.231
3.618
2.77
4.49
1.869
1.363
3.12
5.5120000000000005
1.586
0.974
1.217
1.312
1.6280000000000001
1.224
7.1290000000000004
1.161
0.9510000000000001
2.431
3.424
2.946
4.618
3.0460000000000003
1.808
1.798
2.4010000000000002
2.201
2.399
2.794
3.21
1.051
0.838
1.603
1.822
1.606
4.324
1.7890000000000001
3.344
3.642
0.899
8.1
2.96
1.701
3.011
2.108
8.615
14.387
1.797
1.429
4.327
1.873
23.98
3.749
1.822
5.929
3.375
2.555
1.077
13.167
4.009
4.671
3.9290000000000003
1.839
11.0
4.859
2.186
3.104
0.8220000000000001
15.085
6.982
1.044
1.381
0.983
2.349
3.315
1.2710000000000001
4.332
3.0460000000000003
2.071
3.345
1.5250000000000001
1.696
3.105
26.028000000000002
5.3870000000000005
1.002
6.668
3.109
1.373
1.889
4.3870000000000005
1.971
8.411
5.263
3.039
2.262
2.149
3.599
14.282
1.766
2.617
6.378
1.502
1.723
1.717
2.467
1.245
2.478
2.34
3.975
14.05
2.1550000000000002
2.362
1.5150000000000001
4.2700000000000005
1.7630000000000001
3.898
1.6380000000000001
2.501
1.9000000000000001
6.789
0.712
1.6580000000000001
3.817
2.95
3.115
1.711
1.623
2.462
1.355
7.588
2.95
2.376
3.396
2.608
1.383
10.897
1.657
5.986
1.6280000000000001
2.924
1.68
3.4010000000000002
6.256
2.6670000000000003
1.715
5.532
1.858
4.033
10.06
1.476
1.738
0.976
1.8880000000000001
4.727
5.705
2.835
1.704
1.762
2.08
2.169
1.981
1.06
1.737
3.791
1.235
2.019
1.041
2.289
6.12
3.876
4.874
3.838
5.016
1.291
1.334
0.931
1.953
0.912
5.783
2.079
1.591
1.807
1.066
2.464
1.324
1.241
1.184
1.431
5.0520000000000005
3.029
4.296
9.866
1.498
1.6340000000000001
1.17
1.359
1.085
2.1710000000000003
3.343
1.7630000000000001
1.561
3.132
4.703
1.182
2.689
4.213
6.522
1.93
7.782
3.94
11.531
3.133
14.124
0.8280000000000001
1.539
2.322
6.654
3.749
4.149
1.7810000000000001
1.2770000000000001
3.528
2.632
6.553
1.9000000000000001
2.382
1.149
1.803
1.851
3.0620000000000003
6.1290000000000004
1.112
5.662
1.044
3.855
3.573
3.592
1.106
2.013
4.966
2.359
2.391
2.132
4.009
2.1
2.711
7.008
2.106
1.868
17.223
2.459
2.604
1.5150000000000001
3.501
1.62
1.832
1.043
3.606
2.691
1.794
0.893
2.455
1.356
2.461
1.064
4.598
2.262
1.565
2.423
1.5030000000000001
1.315
1.477
2.684
1.493
1.727
1.21
13.296000000000001
5.8260000000000005
4.588
1.934
2.561
1.637
3.134
1.854
2.294
3.485
6.916
5.69
1.695
7.852
1.5210000000000001
3.447
1.3880000000000001
1.147
1.022
20.482
1.851
1.052
8.097
0.865
10.796
1.599
5.69
2.056
1.312
3.362
5.319
1.361
3.23
1.2630000000000001
2.946
2.153
1.28
3.0700000000000003
3.727
4.007
5.88
2.6830000000000003
3.064
2.343
4.503
5.581
2.781
2.624
2.773
1.718
2.166
3.109
5.22
4.767
1.33
2.02
4.744
7.025
1.885
7.792
3.838
2.619
1.343
1.508
4.651
12.745000000000001
1.272
3.72
6.905
13.184000000000001
6.9910000000000005
1.223
2.073
1.239
6.265000000000001
1.413
2.338
0.745
1.363
2.0020000000000002
2.444
1.872
4.488
2.2640000000000002
3.015
3.032
2.428
1.168
4.856
1.7530000000000001
3.115
3.461
3.356
4.7090000000000005
2.08
5.3950000000000005
1.1480000000000001
1.018
2.176
4.085
1.532
2.969
6.13
1.334
6.626
0.857
1.942
1.665
1.226
4.38
2.493
12.588000000000001
4.096
2.832
5.921
1.597
5.39
5.0920000000000005
1.973
2.023
1.921
3.803
4.801
1.899
1.723
1.472
4.918
3.694
10.281
7.59
1.085
2.345
2.0340000000000003
3.1430000000000002
2.858
1.858
14.971
2.1670000000000003
1.752
3.2520000000000002
2.864
2.944
1.935
1.48
1.668
1.715
20.632
2.161
21.376
0.871
5.755
1.887
7.308
3.625
1.721
2.947
1.841
3.052
1.112
3.17
1.546
4.94
3.299
1.963
4.238
6.05
3.204
2.0260000000000002
6.315
1.59
1.596
9.641
3.075
1.1340000000000001
1.328
2.6390000000000002
2.316
4.182
2.7600000000000002
2.332
4.101
2.97
2.785
3.656
8.775
3.9
2.8850000000000002
7.671
3.527
2.391
1.602
2.485
2.672
1.216
1.153
2.952
2.041
6.409
2.853
1.419
4.456
1.897
2.124
9.38
2.02
3.403
1.28
1.606
1.058
1.431
1.661
2.786
2.04
2.811
3.337
1.6380000000000001
2.197
1.6520000000000001
3.208
2.101
17.834
1.421
4.277
1.109
1.308
1.8860000000000001
2.575
2.858
1.1300000000000001
1.8840000000000001
1.68
2.095
4.166
1.633
1.602
2.677
2.46
1.117
1.258
4.497
1.147
1.562
1.171
3.688
1.258
1.085
3.3040000000000003
1.516
2.52
2.5140000000000002
1.389
2.815
1.168
5.213
1.5230000000000001
3.121
1.351
2.828
1.943
2.745
2.439
0.892
1.347
2.477
2.677
3.109
3.013
2.174
12.571
11.948
2.326
2.099
1.639
1.166
1.618
1.96
4.972
3.7720000000000002
2.211
1.06
6.557
2.894
4.448
1.26
2.38
4.6930000000000005
1.485
1.614
1.474
2.106
2.099
4.557
1.578
4.235
12.694
1.241
4.051
2.041
1.171
2.513
0.9500000000000001
8.116
1.339
3.242
3.928
1.1500000000000001
3.879
3.0260000000000002
2.009
3.741
3.053
1.37
2.374
1.778
4.46
2.383
6.187
2.551
2.7720000000000002
1.862
4.157
4.082
3.8320000000000003
1.471
2.166
1.616
1.373
5.258
1.1260000000000001
1.389
1.362
1.214
1.345
0.915
4.238
1.226
1.235
1.3820000000000001
5.159
2.0100000000000002
1.724
2.402
1.065
5.115
1.158
1.5230000000000001
2.055
4.5280000000000005
1.496
1.002
3.468
3.483
1.5130000000000001
1.389
1.303
3.053
1.804
2.053
2.094
5.163
2.328
4.358
15.18
2.1710000000000003
1.846
3.2720000000000002
2.0180000000000002
1.469
1.805
1.0110000000000001
4.683
2.112
1.953
1.299
3.122
3.205
3.161
1.784
2.194
2.414
1.336
1.127
2.427
3.67
3.481
1.448
1.863
1.695
1.923
4.266
1.127
2.308
3.6390000000000002
1.872
1.532
6.063
2.448
2.032
3.595
1.184
5.065
1.442
1.176
2.0380000000000003
1.955
1.322
1.604
2.497
4.197
1.964
1.72
1.093
5.963
1.301
1.428
3.355
3.201
8.76
2.206
1.972
2.612
5.657
1.915
2.603
1.34
1.958
1.8
3.085
2.301
1.266
1.6300000000000001
0.776
1.693
5.178
5.905
1.73
4.156
4.541
1.77
1.575
4.647
1.234
4.91
4.162
9.406
11.234
4.628
10.258000000000001
8.064
7.6370000000000005
2.082
1.2570000000000001
0.908
1.932
0.851
1.97
2.83
1.548
2.904
1.227
1.6580000000000001
3.7
3.747
1.6440000000000001
1.346
1.8760000000000001
30.495
1.591
5.295
1.171
1.625
3.031
1.826
2.714
2.769
2.5060000000000002
2.348
1.127
10.044
5.2620000000000005
3.017
2.116
1.537
1.2670000000000001
1.825
5.258
4.109
4.423
0.893
1.482
3.476
5.364
1.055
4.085
4.542
3.06
5.0760000000000005
8.074
2.884
1.086
1.776
2.488
3.96
0.882
8.551
1.986
2.8850000000000002
2.009
4.04
1.957
10.472
2.57
3.654
1.907
2.0
1.494
1.493
0.9530000000000001
10.667
0.879
2.661
1.9100000000000001
1.27
4.487
1.124
1.972
2.565
1.847
1.7770000000000001
1.362
1.309
2.5300000000000002
0.998
5.23
3.787
3.1
2.053
4.543
2.395
2.13
2.153
2.62
2.185
0.8240000000000001
2.724
2.843
1.693
5.0920000000000005
6.105
2.547
0.936
5.406
3.269
1.177
0.858
2.677
2.72
3.742
3.037
4.901
11.589
1.415
3.476
2.096
2.751
3.084
0.9500000000000001
6.155
8.723
1.953
8.853
1.434
3.212
1.873
1.8840000000000001
1.1420000000000001
1.597
1.289
2.176
1.3840000000000001
2.4
1.408
4.317
3.3040000000000003
3.106
2.5380000000000003
1.806
1.212
1.995
1.545
1.808
9.464
2.868
3.3120000000000003
1.401
4.241
18.14
3.919
1.191
1.143
1.228
2.527
2.997
4.031
0.855
2.263
5.114
5.168
5.0120000000000005
3.283
4.41
2.733
5.0360000000000005
4.6370000000000005
3.087
4.303
2.274
2.145
2.021
2.297
1.17
8.112
3.936
2.8970000000000002
5.117
1.8780000000000001
2.344
1.854
13.103
1.516
2.184
1.193
1.6400000000000001
2.0
2.466
2.69
1.938
1.367
2.4250000000000003
3.404
2.227
1.087
2.586
3.222
31.842000000000002
4.518
1.234
1.342
12.349
1.02
3.098
8.641
1.304
4.2
1.788
4.816
5.2540000000000004
6.5
3.228
1.736
1.2730000000000001
3.656
1.161
7.54
3.762
6.291
4.121
2.166
1.288
1.806
8.876
2.232
3.184
2.657
11.399000000000001
5.884
19.959
7.223
1.356
0.9410000000000001
4.261
1.83
1.518
1.704
9.55
4.235
1.692
1.1460000000000001
1.064
1.308
3.7600000000000002
2.571
1.397
2.957
5.128
9.96
11.931000000000001
1.7910000000000001
5.969
2.926
1.084
2.6430000000000002
4.425
2.09
1.492
8.554
1.94
6.876
4.107
2.519
3.541
1.819
5.373
3.286
3.6790000000000003
4.338
4.473
0.769
4.202
7.553
5.389
1.168
1.959
1.847
3.057
4.136
1.298
4.941
3.162
1.72
2.512
4.542
1.119
0.898
0.976
2.704
1.389
3.601
1.189
1.7830000000000001
3.7680000000000002
3.6390000000000002
1.127
3.718
1.6320000000000001
17.755
0.879
2.091
1.806
4.601
2.458
4.377
2.31
6.281
3.5420000000000003
2.678
1.796
1.276
1.737
6.8950000000000005
3.148
1.199
2.281
1.45
1.7670000000000001
3.815
3.222
2.794
13.245000000000001
2.9
15.05
6.807
1.234
3.371
1.347
4.9750000000000005
1.885
1.157
1.09
5.157
3.225
1.2610000000000001
2.201
1.957
1.56
1.608
2.456
2.715
1.927
6.067
5.119
11.843
6.18
1.145
1.653
4.845
5.747
1.589
1.617
2.916
13.284
1.962
8.952
3.2720000000000002
16.962
1.7530000000000001
3.858
1.186
1.731
2.964
3.289
1.714
1.824
1.248
4.49
4.871
4.738
1.066
3.938
1.582
0.932
1.125
8.876
3.1390000000000002
3.859
1.6520000000000001
2.739
1.285
2.495
6.69
1.457
1.095
10.833
1.302
2.42
2.244
2.358
2.449
2.935
2.061
4.582
1.812
2.882
8.361
2.23
4.149
2.299
2.312
1.5030000000000001
2.162
1.302
3.6350000000000002
12.082
4.773
1.728
4.963
6.655
1.548
4.091
3.834
3.853
1.104
2.618
1.86
1.959
3.0460000000000003
1.868
2.6750000000000003
0.869
4.128
2.653
1.0070000000000001
1.2690000000000001
1.669
1.86
9.063
1.975
1.6500000000000001
5.449
7.456
2.754
1.649
1.825
5.659
1.174
1.454
6.861
2.0060000000000002
1.318
1.086
1.843
1.7570000000000001
1.669
2.9330000000000003
7.401
2.023
3.426
2.887
2.215
1.716
1.258
1.018
1.909
4.101
1.572
5.563
2.094
5.038
3.726
2.115
1.893
7.175
2.732
3.303
1.587
3.715
1.407
1.429
2.775
1.568
14.134
3.498
1.599
3.69
1.832
1.731
0.8210000000000001
4.875
5.412
1.475
7.9670000000000005
7.2780000000000005
0.926
3.5300000000000002
2.616
1.589
4.043
1.68
1.0130000000000001
6.668
1.198
2.741
15.628
4.147
3.467
0.833
2.1670000000000003
3.637
1.592
1.832
2.251
1.373
2.184
1.296
24.366
5.352
2.214
1.881
1.815
2.665
9.823
1.084
5.692
4.394
4.0920000000000005
1.795
4.787
5.128
3.255
3.749
3.605
0.886
1.875
2.191
3.954
2.1550000000000002
2.045
1.264
3.547
1.75
2.033
11.361
1.625
1.7
2.853
1.6500000000000001
1.877
1.185
2.595
1.822
1.542
2.371
1.32
7.615
9.845
1.428
1.9180000000000001
1.418
1.446
14.635
1.179
2.54
1.201
3.616
2.733
1.562
1.479
1.672
2.579
1.9160000000000001
6.351
1.1360000000000001
2.676
1.32
1.585
3.755
2.499
1.42
1.319
1.286
14.882
1.058
2.453
3.915
4.071
9.161
7.626
0.892
0.807
2.6350000000000002
5.465
1.417
1.369
6.252
10.606
1.996
0.969
7.929
2.299
1.572
2.6270000000000002
2.69
2.923
4.226
3.507
2.233
0.785
1.978
0.909
1.163
0.919
11.321
2.144
1.961
1.41
7.305
1.809
1.746
5.251
5.135
6.511
1.3900000000000001
4.785
2.817
6.0200000000000005
1.76
1.686
1.456
3.472
9.567
5.14
2.386
3.3200000000000003
1.3940000000000001
1.5070000000000001
2.221
0.924
1.1380000000000001
2.271
1.832
1.528
1.369
1.093
0.9380000000000001
1.415
1.84
1.809
3.388
1.1460000000000001
1.205
1.7590000000000001
2.508
5.74
1.41
3.253
2.123
2.312
4.857
1.365
0.92
7.135
2.156
1.472
4.382
2.15
0.884
10.689
1.41
1.696
5.176
2.486
2.461
1.764
3.618
2.465
1.467
1.846
3.359
1.035
1.655
2.5100000000000002
6.1850000000000005
2.18
4.992
1.635
3.057
1.165
1.693
1.671
1.736
2.866
9.19
1.68
3.829
3.948
4.082
1.079
3.299
2.63
2.311
1.615
1.971
19.947
1.1460000000000001
2.859
1.563
4.458
1.43
3.873
2.73
18.901
14.669
4.032
1.7650000000000001
3.902
1.557
2.267
4.371
1.538
1.447
5.275
3.213
0.921
2.39
1.793
1.598
4.308
3.081
2.539
2.444
5.292
1.73
2.32
5.564
2.239
1.631
1.588
2.032
13.034
1.223
1.198
1.188
2.37
4.507
1.295
3.1910000000000003
3.7760000000000002
1.9140000000000001
1.8800000000000001
1.453
1.804
1.442
1.4040000000000001
2.337
1.063
2.463
2.128
1.803
1.559
4.849
1.675
2.9330000000000003
2.091
2.407
1.5210000000000001
1.295
1.537
2.116
1.433
1.538
1.248
9.16
1.748
1.0130000000000001
1.166
7.205
1.7670000000000001
1.96
1.838
4.561
7.4030000000000005
2.54
1.551
2.6790000000000003
1.414
3.818
4.814
0.983
3.981
3.769
1.928
2.428
2.527
6.3580000000000005
5.0120000000000005
1.893
1.245
0.876
2.341
1.049
1.549
10.128
2.174
7.533
3.415
2.371
3.845
1.101
3.177
3.588
1.078
10.969
1.5230000000000001
8.904
1.907
2.133
4.612
1.5310000000000001
2.376
3.637
2.54
7.636
2.117
4.88
2.045
2.164
1.709
2.101
3.915
1.202
3.436
1.5030000000000001
3.99
2.491
1.495
2.607
3.915
4.075
4.648
6.948
4.011
2.516
1.561
3.736
1.6260000000000001
1.449
2.37
3.685
1.05
13.836
1.231
3.279
1.219
1.8840000000000001
3.9
2.162
18.788
2.834
2.283
1.578
2.1630000000000003
1.208
2.729
1.274
3.504
1.092
0.867
10.375
5.495
1.871
1.94
1.202
1.042
1.467
13.803
1.955
2.3970000000000002
2.372
1.436
1.172
1.228
4.214
6.047
3.234
3.201
2.297
12.251
1.461
2.1310000000000002
7.8790000000000004
8.61
2.194
1.016
5.777
1.188
5.581
1.691
3.751
1.389
1.812
1.483
5.579
6.43
2.27
2.412
2.2600000000000002
4.0920000000000005
2.865
3.615
6.599
1.039
2.033
4.706
7.046
1.0110000000000001
2.622
2.2760000000000002
1.98
1.466
0.978
1.4040000000000001
0.903
2.146
3.684
9.661
11.038
1.196
1.111
4.096
1.555
5.441
2.199
2.744
4.2700000000000005
3.694
6.363
2.187
1.6580000000000001
1.178
4.324
1.814
1.238
3.2
2.045
2.695
3.658
3.5420000000000003
1.026
2.07
1.444
1.993
2.368
3.958
3.483
5.4590000000000005
1.157
2.382
2.14
1.114
2.209
1.556
1.098
2.749
4.462
2.0300000000000002
1.735
2.104
7.6850000000000005
2.483
2.94
23.145
2.5260000000000002
3.008
2.201
1.674
2.216
7.808
8.078
1.992
2.3930000000000002
1.576
5.418
1.778
6.462
4.375
4.493
1.368
0.869
3.095
1.643
4.365
2.291
2.1630000000000003
1.788
8.92
1.608
1.568
3.044
0.879
6.401
7.8180000000000005
2.344
3.551
7.136
4.845
12.509
5.346
7.703
2.29
1.73
15.587
2.0300000000000002
2.419
11.362
1.602
4.604
1.024
4.535
3.1510000000000002
1.921
1.602
2.249
1.7
3.0140000000000002
7.36
1.326
4.089
10.174
7.79
3.2560000000000002
1.5150000000000001
3.056
3.682
2.1550000000000002
2.844
2.736
1.585
3.408
1.776
1.8800000000000001
4.793
5.312
3.414
3.394
2.9170000000000003
4.687
3.0260000000000002
1.243
3.211
1.124
1.835
2.115
1.5170000000000001
3.189
1.451
2.339
2.373
2.263
10.46
1.463
1.2530000000000001
5.234
2.694
2.179
6.319
1.618
21.734
3.714
23.679000000000002
1.482
2.007
4.571
3.3890000000000002
1.229
1.2510000000000001
1.1300000000000001
1.455
1.225
1.422
2.031
2.1390000000000002
1.621
6.353
1.3880000000000001
1.195
2.117
2.193
1.6440000000000001
2.5580000000000003
4.0440000000000005
1.532
9.121
1.815
1.1400000000000001
1.835
1.025
1.514
5.146
1.085
2.41
3.186
1.426
1.298
2.321
1.866
4.12
1.5130000000000001
2.576
3.48
1.231
9.937
1.721
4.369
4.628
1.871
2.691
1.947
2.83
19.157
4.146
1.584
1.104
2.491
1.733
1.7730000000000001
2.437
4.449
1.088
1.21
1.122
1.327
3.297
2.96
1.6540000000000001
3.303
5.394
1.2550000000000001
1.82
1.284
1.7590000000000001
7.765000000000001
1.651
1.06
3.677
8.265
1.811
1.0230000000000001
3.121
1.836
1.502
1.45
6.498
2.5100000000000002
1.31
1.381
0.991
2.476
1.6620000000000001
5.873
1.52
5.931
1.346
1.219
0.856
4.343
1.239
1.286
2.238
2.208
6.065
4.195
2.12
2.6790000000000003
1.486
2.453
1.084
1.552
1.379
1.442
1.066
1.723
2.124
2.098
4.949
1.1440000000000001
1.167
2.073
1.195
1.962
5.346
1.738
1.722
1.597
1.6540000000000001
1.206
1.093
3.134
4.144
1.9180000000000001
3.8770000000000002
7.348
0.995
3.847
1.361
2.04
1.3980000000000001
8.027000000000001
3.274
2.439
2.247
0.987
5.324
1.6520000000000001
2.1
7.166
14.629
2.258
1.3960000000000001
4.241
1.676
1.801
1.877
1.494
2.289
1.268
3.319
2.805
6.178
2.561
7.532
1.879
1.6520000000000001
2.189
2.853
4.933
5.049
4.0600000000000005
2.791
3.856
1.716
1.121
0.914
1.278
3.781
4.789
1.309
4.388
8.764
1.287
3.376
2.168
3.584
2.321
1.5330000000000001
1.225
11.72
3.4210000000000003
2.515
1.6440000000000001
1.956
1.706
1.3780000000000001
3.586
1.693
2.46
20.409
1.288
3.5180000000000002
1.2690000000000001
1.82
0.92
9.335
3.723
5.141
1.615
1.315
7.966
10.275
2.8000000000000003
5.517
1.591
4.7540000000000004
5.041
3.366
2.816
2.074
2.509
3.962
1.824
1.9180000000000001
3.245
1.591
2.987
2.4050000000000002
5.851
1.624
14.818
5.409
3.243
1.764
1.123
4.007
1.788
0.975
3.8360000000000003
0.9520000000000001
2.606
3.9
3.62
1.941
2.504
2.203
1.703
3.278
6.862
1.266
2.267
1.7570000000000001
0.937
6.238
2.3810000000000002
1.2730000000000001
4.613
6.844
13.069
2.7600000000000002
1.679
1.381
2.712
2.577
2.282
1.7
3.078
2.621
4.811
1.1360000000000001
16.814
1.818
1.24
1.935
7.385
2.637
8.611
1.998
3.604
14.918000000000001
1.653
2.072
2.715
1.249
10.407
1.08
1.744
3.164
3.245
3.1950000000000003
1.325
3.601
1.489
1.93
3.987
1.952
2.6430000000000002
1.799
1.588
1.0190000000000001
8.662
1.466
1.393
1.453
1.601
2.4010000000000002
1.735
1.939
2.503
4.43
2.331
2.728
12.023
1.538
1.451
1.455
4.93
1.071
1.161
1.41
1.193
1.668
2.52
1.285
0.96
1.3880000000000001
10.937
1.745
1.12
2.628
7.243
2.057
1.441
4.663
4.056
1.332
5.8340000000000005
2.04
4.452
2.981
1.6540000000000001
4.371
1.11
1.8980000000000001
1.37
4.224
3.048
2.488
4.6690000000000005
8.993
3.112
1.083
2.067
1.1300000000000001
3.605
4.015
10.016
5.386
3.5580000000000003
1.482
2.349
6.067
6.981
1.53
4.2540000000000004
2.206
12.209
3.008
3.2960000000000003
1.596
1.981
0.961
2.658
1.184
1.776
1.855
3.754
1.691
2.2560000000000002
0.871
4.041
4.74
1.464
1.068
1.943
1.721
3.946
1.758
11.916
2.895
4.015
2.919
1.326
1.27
1.796
1.601
1.339
8.837
1.542
16.458000000000002
2.02
2.236
4.391
1.218
0.794
1.408
1.467
1.579
4.683
1.981
2.363
2.7640000000000002
4.089
1.689
2.1550000000000002
5.674
1.718
5.376
10.147
2.251
1.079
1.093
3.855
1.266
0.871
4.006
1.621
6.3020000000000005
0.865
2.688
3.237
1.0010000000000001
5.439
1.94
1.607
2.612
3.061
20.409
3.255
1.294
3.242
1.815
8.907
11.74
5.228
3.9530000000000003
1.463
1.23
3.39
1.594
1.22
2.537
2.741
1.487
2.45
1.27
5.236
1.459
1.125
2.498
1.27
1.554
2.458
3.732
5.24
9.47
1.278
1.441
1.449
2.5540000000000003
1.9180000000000001
1.872
2.172
4.61
2.404
1.068
1.712
2.567
5.594
1.747
1.577
2.437
2.342
1.156
2.713
4.607
8.963000000000001
3.837
1.297
1.449
1.666
3.493
2.249
1.962
8.199
2.789
5.206
2.124
2.934
3.77
2.586
4.226
1.077
4.114
1.113
1.743
2.271
0.9380000000000001
1.228
8.621
1.557
1.411
2.371
1.592
11.061
2.027
1.439
2.6630000000000003
2.499
1.602
0.996
1.83
3.483
1.609
3.004
1.256
1.813
4.828
4.752
4.7170000000000005
2.338
3.201
2.232
1.047
7.162
1.222
2.029
1.958
3.916
4.12
1.772
3.1910000000000003
1.3860000000000001
2.04
1.092
2.946
1.104
1.6460000000000001
2.391
2.039
3.9650000000000003
5.306
1.7590000000000001
1.955
1.164
3.989
4.399
1.314
2.334
5.093
1.645
3.005
1.643
2.666
1.562
3.0340000000000003
1.578
2.637
1.931
2.117
3.402
1.3820000000000001
2.091
1.883
2.5060000000000002
1.641
1.452
2.9
1.189
2.047
6.922
7.603
5.426
1.717
4.252
7.172
5.338
1.611
2.103
3.65
4.117
1.071
1.293
2.7720000000000002
1.295
1.153
1.314
1.85
3.486
1.305
2.343
0.869
3.723
4.961
2.816
3.08
1.4040000000000001
1.328
2.625
2.623
3.7070000000000003
3.237
1.576
2.468
3.434
1.647
5.008
3.759
2.727
7.561
3.287
1.151
6.846
1.741
1.042
10.264
1.214
0.9460000000000001
1.53
3.847
2.07
11.485
1.7550000000000001
2.883
1.227
1.0190000000000001
1.772
1.627
4.256
2.702
1.855
3.856
4.085
1.434
2.5
2.578
14.125
3.363
3.52
0.904
1.471
2.446
4.763
3.153
4.597
1.971
14.973
2.254
0.855
10.917
3.4450000000000003
1.928
11.712
2.287
2.805
3.547
2.943
1.575
1.562
1.6380000000000001
3.657
2.464
1.841
1.435
9.63
1.826
1.5
3.2880000000000003
1.611
2.214
1.46
1.3780000000000001
2.596
1.967
6.98
4.384
3.141
2.552
2.291
2.299
4.636
4.089
4.909
4.034
3.091
2.473
4.176
4.6690000000000005
2.325
2.246
1.46
1.228
1.02
8.753
0.9400000000000001
1.24
2.205
1.016
1.231
1.5230000000000001
2.112
3.1630000000000003
1.133
1.694
7.34
2.439
1.754
1.935
1.462
4.853
1.736
3.0180000000000002
2.799
1.312
2.472
1.374
7.851
5.7780000000000005
1.133
3.614
1.3920000000000001
1.989
6.855
1.1
4.414
1.838
0.887
3.1750000000000003
6.542
2.39
2.275
1.25
1.479
1.934
10.147
2.084
1.109
4.284
0.996
8.659
1.3820000000000001
4.074
0.846
1.462
2.599
8.349
1.429
4.083
0.907
3.392
3.876
3.504
1.6600000000000001
3.2800000000000002
3.8850000000000002
3.273
4.663
6.878
3.243
1.907
1.322
4.199
4.046
4.128
2.5140000000000002
3.787
4.356
1.711
5.158
4.255
3.016
2.0220000000000002
2.852
1.568
3.725
1.101
3.113
4.4750000000000005
1.415
1.347
1.708
3.995
1.627
1.368
2.9370000000000003
1.1380000000000001
12.068
5.971
1.045
11.645
9.019
3.361
1.9140000000000001
1.299
3.212
1.487
1.224
1.451
2.716
1.8
7.275
7.84
2.912
0.867
2.164
5.009
2.249
4.798
1.463
7.413
2.008
4.362
1.312
1.504
2.616
2.692
1.524
1.676
1.359
7.4830000000000005
13.659
1.053
3.277
25.89
2.161
1.685
3.466
0.896
2.703
2.509
1.432
2.459
6.986
2.054
1.129
3.723
1.161
1.665
1.666
1.504
3.078
1.94
2.448
1.708
3.833
7.955
1.7650000000000001
21.604
1.204
22.209
3.547
2.204
2.226
3.568
2.06
3.577
2.214
6.640000000000001
2.239
3.1
1.242
1.77
3.656
10.442
2.938
1.3920000000000001
1.784
1.369
1.641
1.296
1.274
1.74
18.648
1.805
5.231
0.914
1.6360000000000001
6.014
1.2590000000000001
3.42
3.719
1.804
1.641
4.502
2.347
1.921
1.464
1.2730000000000001
1.233
17.839
5.239
1.947
2.445
3.537
1.087
1.474
2.963
2.187
6.205
6.804
1.203
0.8250000000000001
1.601
7.641
5.501
1.682
1.208
1.499
1.427
1.262
23.589000000000002
1.375
1.123
3.69
2.101
3.158
2.319
13.652000000000001
1.3920000000000001
6.996
1.334
7.19
2.123
3.552
1.076
3.21
1.74
4.574
1.621
2.303
1.435
7.444
1.616
5.301
1.686
2.103
1.967
1.316
1.093
1.431
1.018
1.571
1.618
7.436
1.316
3.724
4.43
1.559
0.992
3.182
1.2610000000000001
5.015
1.854
2.303
1.541
1.6560000000000001
1.472
2.134
4.651
3.217
7.828
0.97
2.0100000000000002
1.792
5.913
9.838000000000001
1.027
5.405
2.602
3.335
1.444
2.094
2.428
1.296
1.745
5.429
2.182
3.023
1.244
1.965
1.1520000000000001
1.6440000000000001
2.841
2.1670000000000003
9.547
1.992
2.223
3.581
1.663
1.31
4.276
1.762
1.721
1.577
2.243
2.532
1.114
1.544
1.012
1.6480000000000001
1.108
9.49
2.403
3.087
1.083
5.9430000000000005
2.025
0.858
1.348
2.055
1.147
0.759
1.516
3.81
7.014
5.789
7.461
2.965
1.206
2.698
1.971
3.174
1.037
4.103
1.618
4.863
3.617
1.312
1.104
12.419
1.67
1.403
3.821
3.736
1.6520000000000001
1.576
7.101
6.632000000000001
6.397
2.592
0.8250000000000001
1.237
1.25
2.085
8.149000000000001
5.055
4.205
2.582
5.143
6.861
7.688
1.726
1.7610000000000001
4.724
8.346
1.35
6.547
3.343
1.108
4.4
3.243
6.579
1.226
3.559
2.0180000000000002
3.6310000000000002
3.078
0.962
1.846
5.699
2.203
3.72
5.362
2.803
2.708
2.029
2.54
6.958
5.9430000000000005
1.237
1.286
2.1
5.205
1.215
1.823
2.19
1.837
1.182
1.411
1.861
6.405
1.3840000000000001
2.1
15.622
1.541
1.711
7.851
1.659
1.925
1.941
14.352
2.105
6.597
10.644
2.664
2.581
2.984
1.834
6.554
4.123
1.024
1.749
1.671
4.723
1.141
2.072
2.176
2.499
3.144
2.089
6.132000000000001
2.126
2.315
7.2860000000000005
4.573
4.908
1.226
1.362
2.0300000000000002
2.4010000000000002
8.752
1.347
1.413
4.142
1.7710000000000001
2.4130000000000003
2.2
1.885
1.998
2.129
2.283
10.542
1.7690000000000001
1.869
1.372
1.454
1.788
1.422
9.822000000000001
3.493
3.2720000000000002
8.699
1.3780000000000001
6.094
0.934
1.826
1.06
2.035
5.815
3.094
1.353
2.103
2.043
1.625
4.714
1.47
2.739
0.748
2.678
2.919
1.928
8.02
3.3000000000000003
4.646
2.27
2.278
3.38
3.732
1.489
3.0420000000000003
1.959
8.772
0.886
1.225
3.851
2.494
3.035
2.153
1.6340000000000001
6.8
3.517
2.219
5.937
2.341
1.696
2.837
4.484
1.475
5.069
8.093
1.54
1.25
2.19
3.6630000000000003
2.435
3.286
3.341
2.109
0.923
1.625
2.004
1.08
1.465
5.349
1.165
1.204
4.906
1.698
0.961
0.877
1.574
4.118
3.262
1.951
2.754
5.013
1.827
2.656
3.573
11.895
10.53
1.737
5.072
4.678
1.412
1.926
3.532
1.696
0.895
1.176
4.747
4.033
2.586
4.807
3.844
2.217
3.384
1.506
4.828
1.6640000000000001
1.355
2.773
2.053
14.758000000000001
4.749
1.796
1.6400000000000001
1.229
1.052
1.28
1.7530000000000001
2.49
2.582
3.212
2.839
1.824
6.264
1.43
3.173
6.971
1.699
16.024
6.188
4.534
1.315
7.19
1.33
2.274
2.099
4.224
3.227
5.04
2.853
1.528
2.521
1.317
3.5020000000000002
24.295
2.6790000000000003
3.717
4.827
4.625
1.322
1.75
1.373
2.99
6.87
3.1870000000000003
2.517
3.839
1.471
1.412
3.481
1.6440000000000001
1.332
1.6540000000000001
1.5110000000000001
3.157
3.809
2.551
1.081
1.291
2.18
1.845
7.567
1.552
1.887
5.61
2.728
4.24
2.015
5.671
1.71
1.549
2.517
1.141
1.4060000000000001
21.084
3.978
1.623
2.1270000000000002
5.977
16.632
2.22
3.782
4.541
1.5310000000000001
3.83
3.355
5.212
0.961
2.092
1.3900000000000001
4.9670000000000005
2.243
3.11
0.8230000000000001
1.807
1.699
8.947000000000001
1.45
2.657
8.924
1.868
0.899
2.859
2.8770000000000002
1.5150000000000001
7.363
1.989
0.885
1.387
1.871
1.587
4.292
1.181
3.0340000000000003
1.443
1.095
1.854
2.0220000000000002
4.071
1.482
1.879
21.963
4.352
2.579
5.206
1.817
7.86
1.99
1.414
2.386
4.173
1.923
1.225
2.521
1.841
2.229
4.2540000000000004
1.29
3.708
2.555
0.898
3.076
2.223
0.932
2.0180000000000002
4.0280000000000005
3.117
3.4170000000000003
1.264
2.592
0.9560000000000001
1.157
2.245
1.054
1.183
3.457
2.838
1.119
1.536
1.7890000000000001
1.742
1.827
1.292
4.374
7.174
1.266
1.282
1.418
1.55
1.708
2.3040000000000003
4.151
2.669
3.87
1.972
1.243
2.149
1.631
14.226
1.683
4.4270000000000005
6.753
1.8800000000000001
1.722
1.871
8.959
2.197
7.269
1.766
6.611
0.997
3.129
1.831
1.102
2.508
1.238
1.2630000000000001
2.916
2.8120000000000003
3.761
1.86
1.348
13.989
1.71
1.115
1.33
0.876
1.5130000000000001
6.612
1.32
3.1630000000000003
3.239
1.514
2.174
2.04
2.164
2.06
3.689
1.681
4.37
1.389
1.653
5.099
1.611
0.99
2.579
4.86
2.263
6.579
5.1530000000000005
1.555
4.1850000000000005
1.472
5.831
2.346
3.1430000000000002
3.222
3.718
1.176
4.803
6.541
1.594
0.878
3.806
8.519
1.686
3.11
2.539
0.903
1.764
4.002
3.939
2.246
6.855
4.603
7.034
2.5300000000000002
4.493
8.637
1.73
6.529
1.6380000000000001
2.423
4.404
1.742
1.56
1.627
4.389
1.481
2.721
5.112
2.915
4.014
1.887
2.59
1.08
4.246
1.229
1.37
1.495
2.9170000000000003
2.209
1.226
4.0840000000000005
2.1550000000000002
2.133
3.955
1.9140000000000001
1.27
1.203
4.654
5.299
0.8130000000000001
2.782
5.636
1.74
8.127
1.325
7.691
2.402
1.907
3.301
2.067
1.209
3.791
12.714
1.686
1.445
2.124
2.773
2.278
3.373
1.522
1.3780000000000001
23.946
3.746
2.058
1.788
1.619
4.434
5.588
1.929
1.967
4.868
11.18
3.113
3.81
8.549
21.997
2.044
2.82
2.02
2.32
5.447
1.864
5.964
4.455
2.48
1.524
1.0090000000000001
1.02
1.961
3.358
5.892
5.776
2.309
1.488
3.452
2.728
2.774
2.491
6.574
2.552
1.733
1.2
1.25
1.369
6.769
1.312
4.844
2.076
1.735
1.147
2.077
3.8040000000000003
2.841
7.335
2.777
13.623000000000001
1.434
5.721
1.848
4.0680000000000005
1.248
1.77
2.6390000000000002
2.45
1.101
1.6440000000000001
3.107
1.979
1.212
2.352
1.933
1.1320000000000001
9.120000000000001
2.57
2.153
3.979
25.667
1.665
2.0420000000000003
4.357
3.118
2.67
1.641
10.234
1.16
3.3970000000000002
1.964
4.569
6.311
2.178
3.446
2.953
1.442
7.747
3.817
1.322
2.4250000000000003
6.059
2.067
0.843
2.108
2.311
1.4060000000000001
3.353
7.151
8.268
3.652
2.519
5.714
1.196
12.450000000000001
8.553
3.773
1.365
1.988
2.664
1.3860000000000001
13.354000000000001
2.828
1.984
6.074
4.089
2.4090000000000003
1.339
2.42
1.3760000000000001
8.135
1.145
1.145
1.0010000000000001
2.137
1.959
4.126
3.051
3.073
3.661
11.301
1.2630000000000001
1.193
3.29
1.905
2.363
4.181
1.606
0.861
1.937
6.547
1.099
1.227
2.898
1.113
1.891
1.066
1.728
2.994
6.15
2.067
2.383
1.823
2.479
1.819
2.7560000000000002
3.345
1.1520000000000001
1.463
2.037
1.808
4.6530000000000005
2.63
2.184
2.104
6.279
3.301
2.205
4.26
1.184
1.189
2.322
1.95
6.534
1.471
7.821
17.227
2.732
1.557
2.107
3.0260000000000002
3.713
1.26
3.8810000000000002
1.622
1.36
3.3280000000000003
4.606
1.303
5.007
1.866
7.176
2.5100000000000002
5.104
1.702
3.89
1.118
1.919
2.356
1.457
1.691
1.5050000000000001
6.347
1.154
2.1470000000000002
2.157
5.809
1.5350000000000001
3.649
2.81
2.291
3.644
3.189
5.109
3.717
1.179
1.707
10.114
2.246
2.969
1.528
1.647
3.294
5.3500000000000005
1.8980000000000001
9.297
1.217
5.0360000000000005
1.336
5.6290000000000004
10.345
1.076
2.221
1.969
0.929
1.602
7.61
2.971
1.483
3.779
0.968
1.774
4.189
6.804
1.616
3.94
4.715
3.378
1.715
2.028
5.575
10.83
3.072
3.646
1.8820000000000001
1.082
2.31
2.255
2.7520000000000002
2.926
0.905
1.075
5.377
1.312
6.093
1.951
1.735
7.905
1.905
3.329
26.076
2.0340000000000003
2.237
1.6480000000000001
1.558
1.915
1.995
2.101
2.867
5.215
8.561
1.094
4.8180000000000005
2.593
2.566
1.951
2.12
15.928
1.1420000000000001
4.761
1.299
1.944
4.969
10.633000000000001
1.578
4.492
8.854000000000001
1.6480000000000001
2.838
1.508
1.5170000000000001
1.809
1.561
4.716
3.515
1.299
1.927
3.593
11.675
2.057
1.727
3.983
4.432
4.757
24.629
1.17
0.6970000000000001
3.19
1.153
1.921
3.352
10.401
2.96
1.647
5.508
1.283
10.692
17.353
55.167
1.624
1.208
5.211
1.909
9.148
0.798
1.98
1.497
1.602
2.56
3.214
2.454
10.017
1.788
1.784
1.453
1.347
5.319
6.585
1.974
3.736
1.947
9.07
1.42
11.375
5.144
1.075
1.963
2.806
3.5180000000000002
1.037
16.108
1.746
1.45
2.387
1.167
3.263
4.144
1.33
0.998
1.407
2.436
2.7560000000000002
8.434000000000001
2.484
1.22
4.316
2.068
1.54
10.003
2.201
1.991
0.971
1.739
3.746
4.497
5.375
8.281
9.402000000000001
1.897
1.363
1.6340000000000001
3.001
1.345
7.9510000000000005
6.333
2.065
8.894
1.093
2.302
3.128
2.665
1.078
2.179
5.242
1.336
4.625
0.988
1.857
2.473
6.022
2.106
3.49
1.373
1.585
2.483
1.092
0.9420000000000001
4.018
1.438
1.668
1.0110000000000001
1.6460000000000001
2.294
1.095
5.0280000000000005
4.424
2.043
3.365
12.781
1.212
5.268
2.862
1.564
2.215
3.523
4.099
6.32
4.681
5.776
12.386000000000001
2.3810000000000002
2.714
1.807
3.72
1.227
1.304
0.841
3.111
3.185
2.126
3.048
3.114
3.678
1.407
5.426
2.593
1.484
1.294
1.552
1.115
4.774
5.194
1.915
2.379
1.93
1.302
1.5070000000000001
6.97
1.745
3.479
1.889
2.715
5.053
2.733
5.363
1.927
1.574
3.979
1.433
2.0100000000000002
2.124
2.2600000000000002
5.554
3.621
1.514
0.8180000000000001
1.367
3.123
1.625
2.339
2.6710000000000003
2.382
1.9100000000000001
1.116
1.078
2.59
3.388
4.8950000000000005
3.068
1.411
6.291
4.141
4.727
3.075
1.659
1.201
3.414
1.966
10.086
2.325
2.782
3.72
0.885
8.576
1.668
1.942
1.48
1.1320000000000001
3.056
4.997
2.105
1.193
2.962
3.891
2.64
1.163
1.481
2.6830000000000003
3.128
13.739
1.215
4.538
1.492
1.303
5.365
1.745
1.381
1.2790000000000001
2.9010000000000002
6.868
1.613
1.9180000000000001
6.433
2.566
3.052
5.87
4.519
10.74
2.174
3.124
3.4050000000000002
3.289
1.5030000000000001
2.767
2.118
1.278
2.491
1.569
4.298
1.302
2.442
2.561
10.06
1.504
2.754
2.335
2.466
2.914
3.24
1.048
1.547
1.539
5.045
1.048
0.906
4.333
0.922
2.064
1.9100000000000001
1.953
1.372
3.27
1.6500000000000001
6.618
13.512
1.685
6.633
12.272
2.3000000000000003
3.242
1.811
1.184
1.1400000000000001
1.633
1.566
3.857
1.936
3.017
1.981
1.641
1.915
1.431
3.226
2.596
2.249
2.928
2.967
2.5340000000000003
7.069
10.74
1.455
2.1750000000000003
1.409
1.096
0.975
4.09
1.9160000000000001
5.688
6.404
2.815
1.996
2.266
2.562
4.854
5.001
1.98
6.322
0.765
1.718
3.496
3.107
2.515
3.209
2.779
3.494
2.486
3.721
1.975
9.693
3.668
3.108
1.718
2.076
2.474
1.192
19.453
3.094
1.201
5.782
1.889
2.618
1.694
1.3960000000000001
2.087
0.917
1.18
3.193
7.162
8.688
1.869
1.165
1.685
2.853
4.676
13.761000000000001
9.681000000000001
1.0190000000000001
3.0660000000000003
1.292
2.092
1.847
1.796
2.3000000000000003
1.5
0.869
2.926
4.159
3.415
2.221
3.101
1.8880000000000001
1.53
1.703
2.064
9.255
1.2650000000000001
2.722
2.0060000000000002
1.3
9.433
3.477
1.742
1.586
1.719
1.118
6.599
1.807
2.193
4.273
1.061
3.8000000000000003
6.4830000000000005
4.625
11.039
1.502
1.7570000000000001
3.923
1.137
3.2520000000000002
1.841
9.281
13.907
1.374
2.353
8.808
1.464
5.345
1.414
2.965
2.97
2.346
0.897
2.755
2.599
1.863
1.786
2.0260000000000002
1.295
5.727
1.556
8.141
2.111
1.945
1.421
1.96
1.524
12.203
1.899
3.81
2.962
2.59
2.64
3.281
1.3800000000000001
10.809000000000001
2.289
1.056
1.2690000000000001
5.346
1.002
1.054
3.476
2.594
7.748
2.5180000000000002
4.4670000000000005
2.894
1.014
3.4530000000000003
1.695
3.882
1.653
1.2750000000000001
3.452
1.175
1.153
3.192
2.013
0.971
7.125
6.3950000000000005
1.461
2.371
1.356
7.707
4.375
2.531
4.745
9.754
1.228
3.47
1.049
1.141
21.308
0.933
1.486
1.818
1.95
11.444
25.636
1.167
1.923
1.831
1.234
4.274
4.981
8.565
5.599
2.145
2.192
1.692
1.01
6.222
0.9520000000000001
5.2010000000000005
3.599
5.811
3.222
2.786
5.244
3.344
1.936
1.127
2.837
1.667
0.972
8.324
2.056
7.972
2.524
1.463
2.281
8.205
3.105
1.36
2.241
3.491
1.715
1.682
5.4110000000000005
0.909
4.448
3.087
1.295
3.363
4.454
1.5170000000000001
2.314
7.607
4.969
1.171
2.989
6.589
3.853
0.987
1.397
5.455
0.935
2.906
2.504
1.083
6.242
0.881
1.7750000000000001
1.4000000000000001
1.967
3.1670000000000003
2.357
19.81
3.067
1.084
3.032
1.793
3.092
2.859
2.246
9.161
1.361
2.204
2.975
10.174
1.331
2.184
0.854
1.598
1.53
2.718
1.5090000000000001
25.641000000000002
4.809
2.08
1.422
3.294
1.43
1.118
3.059
1.064
1.48
1.923
4.5600000000000005
5.09
2.715
1.121
2.581
2.1430000000000002
2.373
2.587
2.709
5.159
1.454
1.556
1.199
8.096
2.391
5.351
2.177
8.761000000000001
2.059
4.589
2.423
4.902
1.333
2.05
1.064
1.302
2.246
2.4010000000000002
2.575
1.336
2.6830000000000003
4.969
15.425
3.37
3.422
1.399
3.58
1.6440000000000001
4.6450000000000005
1.089
2.523
18.154
0.968
21.105
1.861
2.089
1.3980000000000001
1.852
7.354
4.416
7.924
2.49
2.011
3.5580000000000003
12.134
7.473
2.7520000000000002
1.209
7.059
2.064
12.829
1.985
1.734
4.054
1.413
1.421
6.622
6.49
2.1750000000000003
2.351
17.999
0.809
1.576
1.516
5.606
1.627
5.123
1.312
2.902
2.58
2.567
0.995
1.532
2.278
3.0460000000000003
5.346
2.765
7.8100000000000005
1.25
1.424
2.229
9.46
1.538
4.905
1.82
1.057
7.19
1.537
1.631
0.887
3.323
2.239
3.74
2.116
1.968
2.754
1.461
3.448
0.93
2.45
1.988
1.874
0.9540000000000001
3.919
3.799
4.222
2.426
3.059
1.895
1.36
4.049
1.222
1.738
7.2860000000000005
1.2570000000000001
2.826
1.838
2.424
1.306
3.0300000000000002
2.3040000000000003
1.457
1.678
3.962
2.246
1.08
4.995
3.146
2.2880000000000003
4.16
4.792
1.498
1.375
7.016
1.127
2.879
3.19
1.429
1.6640000000000001
1.915
1.039
3.875
5.025
0.847
2.343
1.82
1.558
1.599
3.348
5.784
14.436
6.109
1.596
2.138
1.466
3.39
7.3790000000000004
4.812
3.1630000000000003
3.598
2.93
1.41
21.899
1.766
1.687
7.04
2.823
2.9090000000000003
2.953
3.003
2.696
1.288
2.741
5.761
1.272
1.903
2.335
3.019
1.952
3.97
1.436
1.081
5.246
1.115
4.633
1.543
13.043000000000001
2.392
2.4130000000000003
3.7560000000000002
4.232
1.213
2.305
5.079
2.412
9.833
8.123
3.936
2.954
8.577
3.669
1.688
1.996
1.8980000000000001
5.55
2.495
1.374
1.5270000000000001
2.124
2.137
3.751
2.438
1.256
1.77
2.932
1.008
3.6390000000000002
2.255
3.311
1.883
5.257
1.813
1.803
2.412
1.947
1.8
1.06
2.203
1.768
2.774
1.457
4.94
2.541
1.569
1.299
6.789
2.654
3.959
1.214
1.677
3.818
2.323
1.115
13.798
7.682
5.715
1.606
1.465
0.809
2.489
2.948
4.555
9.063
2.504
2.8120000000000003
1.692
5.12
2.25
1.149
1.154
9.969
1.718
2.551
2.747
4.134
5.823
7.032
1.5190000000000001
2.153
3.593
1.221
2.242
3.872
5.059
0.9570000000000001
7.9670000000000005
2.41
1.549
1.235
5.154
2.085
1.084
4.275
5.918
1.834
7.553
2.898
1.774
6.662
3.202
5.347
2.645
2.091
2.416
4.082
0.8240000000000001
1.182
1.389
1.203
7.156000000000001
1.819
7.492
2.041
1.3880000000000001
1.467
2.184
6.547
1.576
8.221
3.424
1.572
1.976
2.12
5.5840000000000005
2.763
3.741
1.365
1.6540000000000001
3.688
1.603
1.546
7.82
1.932
2.319
1.217
1.41
2.487
1.181
1.8960000000000001
4.978
2.511
1.4040000000000001
10.828
2.854
1.562
1.465
1.252
1.53
1.569
1.985
3.246
1.731
14.716000000000001
2.4090000000000003
5.188
1.077
4.731
2.496
3.748
1.739
4.4190000000000005
2.197
10.26
1.872
2.348
2.156
0.9550000000000001
6.355
1.379
2.586
4.034
1.313
4.134
1.766
2.449
6.907
15.435
3.6470000000000002
1.101
2.04
2.515
6.829
5.3950000000000005
4.239
4.787
4.796
4.179
3.169
2.57
1.18
0.995
1.849
1.6460000000000001
10.654
0.914
19.580000000000002
1.86
18.038
3.823
2.927
1.797
1.705
2.364
1.487
1.1440000000000001
2.162
2.5420000000000003
1.425
1.359
2.612
1.936
1.768
2.234
4.054
2.209
0.92
3.563
3.887
5.232
4.992
1.249
6.167
2.2600000000000002
1.438
3.069
3.136
2.191
12.884
3.584
1.919
2.73
3.063
1.762
3.015
6.268
8.675
1.721
1.3980000000000001
1.524
2.536
1.447
2.316
1.092
7.632000000000001
4.7940000000000005
3.0180000000000002
11.802
3.1710000000000003
10.05
1.889
1.809
8.407
1.227
5.447
2.016
1.366
8.461
5.978
1.371
1.299
1.417
2.594
2.476
1.037
5.25
1.707
4.606
0.913
6.78
3.6990000000000003
2.74
3.217
1.885
2.195
2.855
1.198
14.152000000000001
2.059
2.067
2.052
1.477
2.248
1.4000000000000001
3.963
9.227
4.225
5.266
2.968
1.553
2.783
1.135
4.916
2.098
1.216
1.117
6.12
1.119
2.581
1.479
2.67
0.989
2.472
1.356
3.479
1.143
5.337
1.035
3.216
1.958
2.237
3.612
7.3020000000000005
2.88
1.5010000000000001
4.061
1.177
2.478
0.862
1.729
10.428
2.311
3.152
3.0420000000000003
3.09
2.341
2.669
6.856
2.908
1.045
2.814
1.03
2.173
4.789
5.782
2.434
6.772
3.402
2.85
1.953
3.4170000000000003
5.449
5.89
0.901
5.026
1.035
1.561
3.778
3.4
1.738
10.505
2.0
4.114
3.634
1.917
0.754
2.222
8.16
3.939
1.16
2.6630000000000003
1.547
2.987
2.592
1.864
4.5440000000000005
2.11
1.2750000000000001
4.803
2.185
3.315
2.961
2.661
5.162
3.115
1.575
1.2530000000000001
2.041
2.64
7.1850000000000005
6.024
2.612
2.195
3.372
5.168
4.143
2.308
2.132
2.891
1.345
1.522
3.087
2.86
4.841
4.915
2.367
2.742
1.179
9.41
3.369
2.67
1.493
1.455
8.403
1.858
2.464
2.775
6.888
4.2
3.573
1.224
5.688
2.478
3.92
3.497
1.743
1.393
2.516
2.521
1.816
2.355
3.271
1.147
1.294
1.012
1.621
5.6370000000000005
1.026
5.644
5.594
3.984
1.641
1.51
2.177
7.0120000000000005
10.953
9.277000000000001
5.192
2.491
2.035
2.058
2.058
9.147
4.822
2.681
3.111
4.392
1.944
9.16
2.939
6.246
1.584
1.309
6.755
3.4050000000000002
2.216
1.812
3.039
1.6560000000000001
0.975
3.15
5.267
25.285
1.7890000000000001
3.269
1.699
1.418
1.346
4.1290000000000004
5.955
1.8800000000000001
3.463
1.01
2.862
3.592
7.772
2.919
1.579
1.397
3.617
27.893
3.446
2.072
2.24
3.359
4.821
8.642
1.102
1.206
1.923
2.359
1.189
3.564
2.239
1.8
5.529
2.146
2.914
1.236
2.037
5.692
2.762
3.758
1.5190000000000001
1.065
1.59
2.463
1.212
3.98
2.365
1.195
6.215
4.261
4.461
6.456
3.1510000000000002
1.446
1.397
4.8790000000000004
2.49
3.512
2.642
5.389
2.914
1.272
1.368
4.454
1.078
3.734
2.08
1.336
2.194
0.793
2.243
8.314
5.9430000000000005
2.613
2.052
2.724
2.033
16.603
1.905
1.739
1.795
3.736
7.146
3.49
2.755
2.1
1.917
4.599
1.121
3.056
1.981
7.974
9.456
1.613
4.2940000000000005
1.97
1.7790000000000001
1.618
0.836
2.329
5.702
10.863
10.017
2.7680000000000002
4.996
1.938
3.521
2.785
3.065
4.497
2.222
6.92
2.936
7.7490000000000006
7.555
3.081
1.456
1.559
1.359
2.748
1.649
1.314
3.027
5.545
1.6560000000000001
3.366
2.21
2.368
3.551
1.818
1.262
2.188
4.503
2.716
1.008
2.762
1.497
3.255
1.387
10.864
1.792
6.208
0.9430000000000001
1.32
4.537
2.8970000000000002
1.824
7.746
1.385
6.05
3.738
1.172
1.585
1.934
1.498
1.678
3.2720000000000002
2.492
1.113
9.776
5.91
2.314
3.212
1.793
2.157
5.07
1.336
1.663
1.98
2.77
0.9530000000000001
1.031
1.582
2.5260000000000002
5.251
2.7800000000000002
3.9410000000000003
1.169
6.094
4.658
1.466
8.304
1.151
3.5820000000000003
1.922
5.468
1.544
2.219
2.978
1.289
4.354
2.584
4.7090000000000005
3.071
0.716
1.045
5.849
1.171
3.053
2.4050000000000002
5.3870000000000005
3.96
3.5500000000000003
2.932
13.657
1.28
3.607
6.2330000000000005
22.085
4.3790000000000004
1.59
3.813
1.707
1.332
1.5330000000000001
1.6520000000000001
0.929
1.199
1.2690000000000001
3.89
1.245
1.291
6.219
3.462
0.9580000000000001
1.32
17.34
3.739
2.082
4.447
2.074
1.5170000000000001
1.161
2.536
1.962
7.53
10.065
1.058
1.421
1.464
2.266
3.244
1.166
1.722
10.086
5.901
3.406
1.1380000000000001
2.223
4.984
1.41
3.295
1.379
1.875
1.433
1.984
1.81
1.444
2.931
1.837
3.263
4.377
2.418
1.339
1.175
1.375
1.249
2.606
3.8240000000000003
1.311
2.105
2.5380000000000003
1.066
1.249
0.9540000000000001
1.8
4.739
7.859
1.018
7.136
4.964
9.099
8.544
1.504
1.1260000000000001
1.087
1.348
2.357
1.256
1.766
2.41
1.541
2.158
3.145
1.756
4.257
1.8900000000000001
1.961
2.382
3.387
3.231
5.901
1.217
2.845
1.064
7.261
0.795
4.64
2.045
3.96
0.836
1.274
3.684
2.853
1.099
2.7800000000000002
3.987
5.545
4.094
1.749
1.702
3.6350000000000002
1.603
5.196
3.145
1.7810000000000001
2.345
2.261
3.08
1.617
2.9370000000000003
7.511
0.896
5.792
1.694
2.947
3.694
1.433
3.221
1.973
1.611
5.543
1.352
1.5330000000000001
1.057
4.195
3.075
3.384
1.811
1.735
2.689
1.9160000000000001
2.172
1.22
4.366
1.471
2.7920000000000003
1.93
1.5350000000000001
1.739
2.347
1.08
4.281
6.253
6.305
2.233
3.681
2.5540000000000003
6.079
1.292
1.578
19.824
5.2250000000000005
4.337
1.195
1.5230000000000001
2.797
10.957
1.266
6.915
15.664
1.6560000000000001
2.723
3.77
3.391
1.381
1.016
10.104000000000001
16.522000000000002
2.35
3.98
5.192
1.619
3.997
2.376
1.943
4.422
3.472
17.345
1.395
1.401
2.473
3.56
2.298
0.887
9.524000000000001
2.607
4.04
17.631
1.697
8.939
6.3660000000000005
1.213
1.706
1.805
1.544
1.905
1.784
1.309
6.472
1.5070000000000001
1.962
1.189
2.121
1.604
1.571
1.959
1.348
0.975
7.797000000000001
3.408
7.871
0.988
2.481
6.505
1.709
1.708
6.234
1.286
2.118
2.5220000000000002
1.743
2.219
24.938
2.715
2.88
1.682
1.709
2.11
1.045
7.394
3.313
4.122
1.4060000000000001
1.411
2.005
0.8260000000000001
1.698
1.917
1.702
4.898
1.492
2.179
8.877
1.6
1.5090000000000001
1.723
11.073
2.604
6.952
2.821
2.113
2.101
1.5170000000000001
1.56
1.1440000000000001
1.475
1.917
2.343
1.45
1.559
1.178
2.678
1.706
5.369
11.698
2.681
0.961
0.807
3.203
2.0
2.069
5.264
3.849
1.498
3.823
1.1480000000000001
1.526
3.573
1.754
1.8900000000000001
1.856
1.464
20.295
1.842
1.833
3.774
6.883
0.9550000000000001
2.2680000000000002
2.289
2.233
4.32
4.155
3.138
1.193
3.009
2.258
9.691
1.322
1.178
2.782
1.045
1.2570000000000001
5.676
3.396
20.699
1.68
6.219
1.684
1.346
3.406
1.805
1.969
1.836
4.09
1.768
1.897
3.444
1.817
4.3260000000000005
3.125
1.36
8.118
6.5680000000000005
1.6340000000000001
2.813
4.513
1.829
1.179
2.119
5.517
6.299
2.664
1.373
2.771
7.45
1.348
7.444
2.5100000000000002
3.988
4.581
2.842
2.508
2.363
6.454
1.786
2.695
1.3780000000000001
2.862
1.832
0.901
3.8320000000000003
1.304
2.196
5.6290000000000004
1.1320000000000001
1.314
1.445
1.49
1.278
1.035
3.9210000000000003
2.699
1.851
1.303
1.829
3.319
8.413
2.047
2.033
6.594
1.62
6.3100000000000005
1.595
2.641
20.367
2.198
1.3880000000000001
2.739
1.7790000000000001
1.603
1.068
0.9430000000000001
1.486
4.572
1.177
2.325
1.552
1.881
2.2720000000000002
2.214
2.996
1.491
1.3800000000000001
1.1300000000000001
2.997
2.556
2.293
3.33
1.455
10.040000000000001
6.857
1.114
1.229
2.743
4.4430000000000005
3.015
1.083
2.887
1.6620000000000001
4.049
6.907
1.5030000000000001
2.445
1.295
2.33
1.454
22.35
2.704
1.705
1.8960000000000001
1.5230000000000001
2.265
1.6500000000000001
7.375
2.714
1.611
1.431
1.7550000000000001
1.579
2.048
1.74
16.741
6.2940000000000005
2.055
1.356
1.69
2.4170000000000003
2.899
1.6480000000000001
1.428
1.171
1.569
1.368
3.322
1.955
2.1
2.165
5.612
4.715
1.802
2.043
1.241
2.307
4.476
2.9
1.496
0.963
3.211
1.462
1.568
15.009
1.677
2.996
2.618
3.078
2.374
1.722
4.481
4.714
2.842
2.376
0.905
1.6440000000000001
1.704
1.3840000000000001
8.536
7.311
1.306
3.528
1.743
1.609
4.132
1.433
1.3820000000000001
1.979
1.873
2.168
1.207
0.801
1.934
2.204
3.112
3.086
3.465
3.947
1.703
6.256
1.873
0.92
4.175
1.422
6.922
7.45
2.504
1.297
16.574
4.926
2.618
1.2
2.5460000000000003
3.891
6.206
4.32
2.086
6.466
0.903
0.8240000000000001
2.2880000000000003
1.552
1.593
0.963
3.049
1.256
1.1440000000000001
2.445
2.017
1.735
1.189
2.096
1.502
12.054
3.211
2.422
2.205
1.161
3.3080000000000003
1.496
2.769
2.69
2.338
4.431
1.643
2.355
1.762
1.655
3.819
3.692
2.109
0.9420000000000001
1.965
4.791
4.289
1.675
1.684
1.6600000000000001
2.313
6.934
1.827
2.308
1.563
1.958
6.8020000000000005
11.143
1.202
1.5190000000000001
3.6590000000000003
4.682
3.448
16.455000000000002
2.079
3.9250000000000003
2.629
5.438
1.742
1.641
2.8120000000000003
1.351
1.068
2.771
1.863
2.612
1.972
2.586
7.6610000000000005
1.055
1.557
1.707
2.053
1.2590000000000001
2.34
1.041
1.701
4.532
1.461
3.029
3.057
2.974
2.73
1.426
4.113
2.849
2.234
3.484
2.375
1.3900000000000001
12.513
4.32
16.242
3.334
3.798
4.914
1.073
4.575
2.555
2.2560000000000002
2.129
2.652
1.36
2.49
1.0210000000000001
8.043000000000001
1.486
2.999
1.47
6.135
1.1260000000000001
2.142
2.507
2.361
2.455
8.309000000000001
1.004
2.138
1.94
1.992
1.044
1.278
2.77
2.672
1.086
0.9440000000000001
3.563
3.618
1.486
3.2560000000000002
3.334
2.961
3.475
6.66
1.451
2.406
4.595
2.234
1.44
2.1630000000000003
2.1670000000000003
1.937
2.6750000000000003
1.475
1.393
6.547
1.84
1.496
0.859
1.381
3.443
2.838
2.343
2.207
3.694
1.492
2.423
4.14
1.708
1.048
1.0010000000000001
4.553
1.156
1.446
1.945
1.802
3.4
1.724
1.821
2.088
0.984
10.117
1.6600000000000001
0.934
1.669
1.512
1.006
1.159
5.091
1.584
1.606
1.455
2.078
0.89
5.904
6.532
0.935
7.767
1.097
7.945
1.155
17.077
1.158
9.209
1.21
1.207
3.394
2.809
6.692
5.109
11.11
1.786
1.098
1.633
1.22
1.1260000000000001
2.869
4.372
1.07
1.7810000000000001
2.335
2.963
8.55
4.912
4.699
6.739
2.2
2.361
4.972
2.7960000000000003
2.584
4.265
1.7590000000000001
2.319
1.675
12.195
3.342
2.5500000000000003
1.6520000000000001
1.495
1.091
2.218
2.0340000000000003
1.01
1.891
6.966
6.295
0.9470000000000001
1.985
1.748
2.823
4.734
1.283
6.307
1.278
2.525
2.06
1.958
2.5380000000000003
3.261
2.654
1.858
3.491
9.202
1.171
4.515
1.151
3.3810000000000002
7.486
1.943
6.691
2.894
1.53
1.164
2.441
1.2550000000000001
27.569
1.55
1.008
1.272
1.604
1.862
2.755
5.798
2.9170000000000003
1.227
4.679
1.341
3.0460000000000003
4.674
2.3850000000000002
1.6260000000000001
2.701
1.82
4.635
5.881
2.6430000000000002
1.661
1.412
1.75
4.066
1.117
2.702
5.382
2.343
2.207
3.31
5.4030000000000005
1.797
1.149
1.635
1.438
11.94
2.177
2.705
1.405
1.6500000000000001
10.874
5.053
2.1710000000000003
2.341
8.27
1.067
1.191
1.705
2.5100000000000002
1.419
1.41
1.041
2.262
3.727
1.564
3.9050000000000002
2.581
1.1380000000000001
1.194
2.332
4.079
2.277
2.2600000000000002
2.456
4.522
6.5440000000000005
2.279
9.212
1.699
1.133
3.498
2.33
1.3960000000000001
1.195
1.543
6.38
3.109
1.21
1.944
1.199
5.361
2.6390000000000002
1.226
1.469
4.298
21.55
2.331
1.205
2.068
5.486
1.387
1.478
4.739
2.442
2.516
1.5190000000000001
1.635
6.196
2.5220000000000002
1.243
1.552
1.071
2.465
3.398
6.25
2.485
1.105
1.593
3.64
1.8960000000000001
6.981
2.353
4.958
2.758
2.348
4.267
1.649
4.003
2.231
2.657
4.233
1.691
1.478
1.414
2.741
3.539
1.93
1.649
1.897
4.499
1.557
4.333
1.364
2.299
2.467
1.586
1.124
1.462
1.989
2.932
6.5920000000000005
4.923
1.6620000000000001
18.234
1.19
1.723
1.2
2.985
0.991
1.245
9.322000000000001
1.055
1.173
2.895
4.325
1.564
3.797
3.7960000000000003
1.8860000000000001
3.258
2.8080000000000003
2.977
9.358
1.745
5.003
2.126
1.35
5.503
4.968
0.837
11.402000000000001
1.355
5.466
2.693
3.227
3.294
1.987
8.871
3.082
1.5170000000000001
4.178
2.553
1.09
2.108
7.0920000000000005
2.779
1.616
1.27
4.091
6.606
1.424
1.864
1.701
1.3980000000000001
1.0130000000000001
1.863
1.987
3.069
0.977
1.401
1.041
4.33
2.733
7.336
9.748
1.101
1.244
7.993
5.381
2.403
2.047
4.118
1.541
1.879
1.363
1.8820000000000001
3.286
2.387
1.328
3.617
7.1240000000000006
1.73
9.424
9.427
6.956
1.7630000000000001
4.513
5.843
2.378
3.012
8.63
0.878
5.736
2.062
3.456
2.092
3.594
1.33
7.259
1.9180000000000001
1.062
2.338
1.587
2.749
1.262
1.575
3.467
2.2520000000000002
1.4060000000000001
2.73
5.426
3.41
2.434
3.067
3.763
1.42
6.372
1.7630000000000001
0.884
2.247
1.792
2.676
4.083
1.164
2.045
1.1380000000000001
4.738
1.8940000000000001
1.053
3.3240000000000003
1.582
2.689
2.2
6.548
2.158
1.94
1.236
3.09
1.29
1.518
0.905
2.169
4.343
5.469
3.46
6.497
4.253
1.752
2.281
2.701
2.452
13.666
2.5340000000000003
1.227
2.556
5.296
2.181
1.559
3.067
1.5090000000000001
1.327
4.565
2.604
2.0260000000000002
4.291
1.678
1.8
7.767
8.105
11.254
1.816
1.709
1.639
1.848
1.845
3.281
2.345
5.344
1.708
1.6380000000000001
11.36
1.762
1.087
2.111
1.147
2.3040000000000003
3.599
3.521
1.123
7.8260000000000005
1.844
1.184
1.532
1.199
0.705
1.2610000000000001
5.356
2.433
0.9390000000000001
7.415
6.575
8.748
1.821
2.079
3.048
3.267
2.257
4.21
0.846
1.592
21.879
2.391
3.817
1.45
2.124
2.532
1.502
5.479
2.0060000000000002
0.9560000000000001
4.823
3.4530000000000003
2.607
5.825
0.759
1.707
2.23
3.463
1.071
0.936
1.328
1.2750000000000001
7.096
2.642
1.354
2.863
3.204
6.517
4.33
1.125
1.045
3.989
43.019
1.337
4.7780000000000005
1.439
3.982
1.545
1.264
12.373000000000001
1.579
1.262
1.2730000000000001
1.26
1.309
4.088
20.868000000000002
1.483
11.606
4.002
1.707
1.836
1.268
1.224
1.8760000000000001
1.17
1.667
2.3810000000000002
1.206
9.737
0.995
6.292
2.236
1.141
1.733
3.232
10.557
1.502
2.033
9.776
4.619
2.1550000000000002
4.491
4.367
2.387
2.14
2.2680000000000002
13.446
1.452
1.595
3.228
2.706
6.961
3.493
13.223
1.956
2.603
3.201
1.499
3.027
0.902
2.1590000000000003
1.703
2.9210000000000003
3.109
2.517
3.451
1.909
1.825
7.439
1.5210000000000001
2.012
4.523
2.766
2.32
15.316
7.644
6.493
3.989
2.365
3.904
2.236
1.124
6.775
2.753
3.974
1.125
1.113
1.772
3.2600000000000002
3.337
1.176
2.541
2.058
1.399
1.752
1.599
3.731
3.969
3.568
2.448
3.7840000000000003
1.124
1.668
1.951
2.232
3.6470000000000002
1.326
12.945
0.9480000000000001
4.098
1.532
4.672
2.48
7.675
12.47
6.401
1.841
21.34
4.005
6.127
3.573
2.254
5.8340000000000005
1.7870000000000001
4.108
1.407
1.355
1.256
2.9130000000000003
5.264
7.76
2.724
3.011
1.836
5.9350000000000005
1.7770000000000001
2.267
2.468
1.862
1.409
1.443
2.218
1.726
7.734
5.774
1.3
2.054
3.021
1.3820000000000001
2.9410000000000003
1.165
2.819
10.615
1.909
5.7860000000000005
9.700000000000001
1.068
3.0100000000000002
1.301
3.552
3.8120000000000003
4.006
1.443
2.156
3.1670000000000003
3.335
1.08
1.516
9.487
1.5330000000000001
6.713
13.061
1.3
6.039
3.19
1.05
1.139
2.1590000000000003
2.454
1.4040000000000001
1.187
2.944
3.392
1.3760000000000001
1.413
11.467
3.495
5.361
3.818
1.244
3.7960000000000003
1.2
2.758
3.243
5.183
1.954
2.531
1.565
1.03
10.929
3.749
1.867
3.019
2.487
1.683
1.552
5.851
2.524
6.843
5.323
2.758
1.4000000000000001
23.196
1.939
1.798
7.902
2.578
1.548
4.046
1.522
1.458
1.37
26.833000000000002
1.447
1.442
2.658
1.192
8.624
2.4250000000000003
1.585
1.266
21.203
18.344
1.478
2.3890000000000002
2.498
2.669
1.612
2.1310000000000002
5.6160000000000005
0.868
2.17
14.782
4.632
1.187
4.8500000000000005
3.102
2.698
11.64
6.383
3.103
1.191
1.162
18.657
1.213
7.128
0.898
0.8270000000000001
1.481
1.8940000000000001
0.8320000000000001
1.308
2.347
1.3980000000000001
0.974
1.954
2.856
1.92
6.317
1.21
7.789000000000001
9.067
1.1440000000000001
2.8080000000000003
2.111
2.338
3.519
1.599
5.113
4.557
1.728
1.379
1.095
5.1290000000000004
5.39
6.402
3.241
1.686
1.422
3.577
5.167
2.201
1.214
10.588000000000001
3.35
1.233
1.119
6.843
0.882
4.484
1.354
1.68
2.758
12.774000000000001
9.405
2.841
5.745
3.98
3.815
3.4490000000000003
1.278
6.235
2.282
1.536
10.651
2.051
4.454
4.91
1.594
2.839
6.024
1.685
0.961
11.623000000000001
2.137
1.344
1.856
1.748
3.48
1.472
1.815
1.687
1.602
1.43
3.355
2.399
2.5460000000000003
2.762
5.2010000000000005
1.953
4.955
2.098
3.208
2.169
3.633
1.3980000000000001
3.725
4.734
1.572
0.9390000000000001
2.894
1.522
2.294
1.241
8.59
3.848
4.402
1.338
1.79
1.58
0.9530000000000001
4.025
1.137
2.3770000000000002
7.615
1.75
1.883
2.402
5.63
2.221
5.2330000000000005
2.878
2.134
1.935
2.723
1.179
1.192
1.288
1.5070000000000001
0.976
1.457
3.48
0.778
2.049
1.477
2.1550000000000002
2.5060000000000002
1.559
6.851
1.614
2.106
1.427
10.009
2.328
0.9560000000000001
3.9
1.498
2.036
1.32
2.757
6.397
1.047
1.78
2.414
2.075
8.716
1.215
9.952
5.745
7.687
8.293000000000001
2.809
3.9490000000000003
1.124
1.091
2.214
4.143
8.096
5.75
2.998
2.5300000000000002
3.829
6.157
1.32
2.517
2.462
1.169
2.379
2.0220000000000002
13.482000000000001
2.813
4.374
1.062
1.135
3.69
1.177
4.17
5.085
0.961
4.369
2.1750000000000003
0.769
1.451
2.476
1.179
1.472
5.388
1.691
2.281
1.861
5.988
1.567
2.021
1.339
3.8240000000000003
1.419
1.488
7.574
3.12
1.123
1.427
6.372
0.972
1.865
1.068
1.327
3.7920000000000003
1.795
0.978
4.545
2.364
2.184
2.755
2.3970000000000002
1.465
2.035
8.405
0.9490000000000001
1.488
5.41
1.454
0.971
3.951
3.287
1.077
3.734
2.559
5.502
1.567
1.129
1.149
2.3040000000000003
1.9120000000000001
3.59
7.498
2.116
4.122
2.04
4.813
1.129
2.14
1.8840000000000001
4.061
1.149
2.608
6.821
1.629
1.088
1.044
1.856
1.408
1.889
2.517
2.004
1.987
1.809
1.432
2.442
3.911
3.936
4.531
6.378
4.0840000000000005
0.929
2.144
1.205
1.05
3.116
1.723
1.827
9.675
1.264
4.009
1.811
2.786
4.434
3.033
1.439
5.039
6.8500000000000005
2.099
1.457
11.316
7.587
1.481
6.2250000000000005
4.628
0.916
2.69
2.23
2.4250000000000003
1.5110000000000001
1.014
2.279
5.595
3.096
1.198
1.821
2.981
1.97
1.922
3.086
2.311
2.886
1.512
1.361
3.48
5.136
4.224
2.052
1.4060000000000001
1.361
4.305
1.982
1.481
3.249
2.483
2.202
4.2
1.993
1.5130000000000001
3.6
2.107
1.032
1.614
1.8980000000000001
1.436
5.251
2.247
4.492
17.66
4.069
1.2590000000000001
5.588
4.7010000000000005
2.005
2.196
0.995
5.901
3.0340000000000003
1.243
2.069
1.548
6.191
4.575
1.475
1.8760000000000001
1.6580000000000001
1.492
1.421
3.257
2.6550000000000002
5.811
2.9330000000000003
1.304
1.323
1.178
2.25
8.484
3.5780000000000003
2.437
2.611
5.1080000000000005
2.0380000000000003
3.9130000000000003
4.886
1.6500000000000001
5.587
3.852
0.886
0.837
3.207
0.914
3.031
7.1370000000000005
4.963
1.1400000000000001
1.27
1.879
2.34
2.722
3.234
1.723
10.805
11.824
2.29
9.308
2.75
3.853
9.261000000000001
2.1350000000000002
1.528
1.6460000000000001
4.999
9.743
2.366
6.923
1.939
0.9520000000000001
1.486
3.789
1.671
2.634
1.174
1.025
5.66
2.797
4.665
10.929
2.658
2.444
1.541
1.492
4.828
2.791
1.725
2.645
1.708
1.616
4.933
6.9110000000000005
4.891
1.566
7.397
1.9040000000000001
1.786
4.33
6.547
5.618
4.648
4.816
1.864
4.404
1.049
2.221
6.582
1.203
3.553
8.654
1.563
1.1
1.215
1.315
1.361
1.2550000000000001
1.0110000000000001
4.482
5.892
5.692
1.027
1.874
6.41
2.077
2.996
3.969
1.734
1.72
3.1870000000000003
1.806
0.835
1.33
3.228
6.48
2.491
4.142
1.469
3.8360000000000003
1.262
1.589
2.011
2.676
3.581
3.0380000000000003
3.291
1.975
1.082
2.6630000000000003
8.748
4.051
7.489
3.341
1.2530000000000001
9.909
5.901
17.565
1.0090000000000001
1.782
1.119
3.5140000000000002
1.301
1.5230000000000001
13.57
1.113
7.058
1.843
7.256
1.857
2.365
1.248
1.7810000000000001
11.385
1.147
1.915
1.7750000000000001
2.126
0.843
1.258
1.841
1.395
1.493
2.241
3.698
1.168
3.724
2.579
2.3000000000000003
2.478
9.849
4.481
1.6600000000000001
2.315
3.172
1.795
2.519
4.179
1.21
2.271
5.779
0.9470000000000001
1.8960000000000001
1.311
1.8960000000000001
1.929
6.363
1.451
2.984
4.412
1.486
2.258
4.479
3.341
1.059
1.119
2.145
1.202
2.185
3.701
1.724
1.272
1.547
5.275
5.947
2.572
2.99
2.1670000000000003
3.217
1.3940000000000001
4.851
3.724
1.49
1.708
6.134
9.834
4.585
2.904
3.329
3.063
1.5130000000000001
1.29
1.858
3.3930000000000002
3.4330000000000003
1.425
2.503
0.991
0.834
1.673
1.87
1.67
2.4170000000000003
1.62
1.218
1.926
5.031
3.577
4.553
2.923
5.683
1.049
2.652
2.2840000000000003
1.679
2.487
5.445
1.506
1.8
2.017
1.984
1.447
4.694
2.616
3.879
2.77
5.245
4.408
3.868
15.331
2.698
2.636
3.313
3.1750000000000003
1.86
2.578
11.607000000000001
7.095
1.647
1.236
13.658
1.637
6.2490000000000006
2.011
1.952
1.239
2.414
3.653
6.336
2.209
0.8210000000000001
2.004
0.998
1.037
3.628
1.288
2.602
4.619
8.413
7.031000000000001
2.617
2.24
1.182
3.2
2.916
4.125
5.015
1.25
3.23
0.991
2.1630000000000003
1.471
4.316
2.345
6.21
1.418
2.342
4.734
2.414
1.17
3.766
3.153
4.373
1.208
15.674
3.009
4.801
1.808
2.318
2.653
4.918
15.962
0.925
1.161
11.223
2.184
1.534
2.465
2.529
5.202
1.333
2.4250000000000003
3.704
3.158
3.6470000000000002
1.764
4.655
3.969
0.85
1.156
15.923
6.303
2.2520000000000002
1.5130000000000001
0.921
2.492
2.797
1.568
3.005
7.8180000000000005
3.535
1.329
1.84
4.117
1.616
6.594
5.107
14.857000000000001
1.841
5.444
2.274
3.886
4.931
1.145
4.36
0.996
3.115
2.424
2.744
2.664
6.865
1.719
12.156
2.789
2.585
0.847
3.332
6.489
1.024
1.1380000000000001
1.905
1.4020000000000001
1.141
1.866
2.8970000000000002
10.251
3.039
16.538
2.427
7.6610000000000005
2.331
2.109
9.809000000000001
1.756
7.045
1.823
0.8320000000000001
6.7620000000000005
1.806
7.735
1.532
2.106
1.458
1.979
4.517
2.317
4.28
4.491
1.166
1.95
7.638
3.769
4.038
2.179
2.38
26.178
3.573
1.647
1.702
2.709
3.5180000000000002
1.368
2.757
2.868
1.575
1.819
1.645
5.883
1.924
2.895
3.894
1.997
1.387
2.205
2.096
2.8930000000000002
1.254
1.593
1.308
5.102
2.2640000000000002
1.323
1.217
0.836
8.905
1.7910000000000001
2.774
0.996
1.01
1.6
6.787
1.579
4.897
1.613
2.136
1.68
2.0220000000000002
4.502
10.73
1.4000000000000001
2.997
7.078
4.1690000000000005
4.388
1.8860000000000001
1.411
1.5210000000000001
7.231
4.117
2.04
1.112
1.907
2.115
2.505
2.025
5.465
12.624
2.449
2.027
2.469
6.126
3.6430000000000002
2.362
8.262
4.947
2.973
23.311
5.083
3.6
9.127
7.812
3.036
5.282
3.904
2.108
2.183
3.642
2.412
1.212
2.244
2.489
4.633
1.304
1.4040000000000001
1.355
1.528
3.34
2.669
3.047
4.839
2.769
1.466
2.277
0.752
7.038
1.584
1.7610000000000001
1.43
9.125
1.859
1.7590000000000001
2.684
1.299
2.505
2.665
1.706
2.434
1.688
1.907
1.303
1.423
5.6610000000000005
4.658
4.595
10.855
1.334
2.95
1.1360000000000001
1.666
0.891
1.032
7.547000000000001
4.257
1.84
2.008
2.9210000000000003
3.06
1.46
6.3790000000000004
1.229
2.449
1.933
3.723
1.732
7.97
4.361
5.063
3.194
1.256
2.469
1.025
1.302
6.106
2.468
1.754
3.115
4.615
2.42
1.122
2.9330000000000003
5.848
1.983
1.99
5.796
3.372
12.276
1.558
6.383
1.541
2.338
4.065
3.338
1.182
5.779
11.704
5.994
2.778
1.1320000000000001
3.076
2.2760000000000002
2.209
2.412
2.911
5.734
2.4210000000000003
5.0280000000000005
2.669
19.188
3.9090000000000003
3.008
1.834
2.004
6.5280000000000005
15.587
1.435
7.393
1.239
1.344
1.1400000000000001
5.245
4.53
1.7690000000000001
1.305
1.565
5.476
2.615
1.204
1.294
2.388
2.357
1.602
2.94
1.786
6.638
6.873
2.011
2.503
16.471
1.973
4.224
4.625
4.49
2.94
1.621
1.1440000000000001
1.449
4.8500000000000005
1.072
2.119
1.368
1.869
2.7840000000000003
3.613
2.415
6.933
2.116
4.141
2.91
2.382
6.563
2.868
1.6520000000000001
1.8940000000000001
2.963
9.882
12.11
2.503
0.984
1.623
3.479
3.7030000000000003
5.473
2.4130000000000003
3.077
1.337
2.116
4.441
2.403
4.708
2.228
2.593
2.236
1.677
9.15
2.157
1.559
3.9050000000000002
2.7560000000000002
5.656
2.557
1.412
5.891
3.0180000000000002
1.03
2.591
8.804
1.699
6.138
2.174
1.32
0.984
1.688
3.787
1.186
2.086
1.185
8.141
2.105
2.5220000000000002
2.011
4.755
1.348
1.921
3.629
3.391
1.222
1.221
2.826
7.618
4.519
5.28
1.123
3.66
3.47
1.107
1.336
1.254
1.147
2.95
1.302
3.777
3.3240000000000003
6.1240000000000006
5.264
0.88
1.178
5.891
8.804
2.523
8.965
1.1260000000000001
5.888
2.705
2.428
1.932
2.0420000000000003
3.462
1.727
1.95
2.098
3.7110000000000003
2.5180000000000002
2.828
3.211
0.9
2.879
7.57
15.736
27.337
1.029
20.748
4.232
1.804
3.192
0.9580000000000001
1.187
3.349
1.973
8.844
5.424
1.422
1.41
1.487
1.321
1.55
14.94
1.072
3.039
1.223
1.313
2.979
1.587
9.586
5.12
1.46
1.1280000000000001
1.679
1.5250000000000001
1.815
1.649
10.436
1.666
1.845
2.72
1.294
2.435
2.698
7.945
2.062
1.317
1.016
5.457
2.061
7.173
7.479
1.784
1.782
2.3810000000000002
0.891
2.966
3.569
1.611
10.138
7.545
3.094
1.039
1.085
0.983
2.2880000000000003
1.5010000000000001
11.226
1.532
18.817
1.963
3.2640000000000002
5.156
1.118
9.211
3.923
8.364
1.624
44.502
2.951
7.049
0.687
2.238
2.173
13.24
4.311
1.792
1.301
3.0
7.5120000000000005
6.424
1.043
1.8960000000000001
2.717
2.02
1.942
8.83
1.5050000000000001
7.675
3.325
3.388
14.277000000000001
1.8860000000000001
1.8
4.308
3.072
1.697
1.981
1.909
1.619
16.21
2.102
1.305
0.967
1.7690000000000001
2.412
3.492
8.68
1.585
1.9160000000000001
8.907
2.0180000000000002
5.5120000000000005
1.61
6.3
3.375
1.8840000000000001
3.376
5.277
1.573
1.807
1.993
1.434
2.596
4.854
1.938
6.332
3.728
0.96
1.669
1.8980000000000001
1.482
1.582
29.108
1.74
0.882
15.778
1.185
12.709
7.721
17.495
1.1280000000000001
4.626
1.284
4.051
1.631
3.045
2.007
1.438
2.716
13.217
0.8300000000000001
6.34
2.14
1.718
1.5010000000000001
1.725
3.717
1.736
4.777
8.638
1.362
7.148000000000001
1.286
2.859
2.08
1.09
2.437
1.334
1.063
1.877
1.345
2.549
0.965
9.195
1.304
3.81
7.594
1.243
1.184
3.286
1.095
2.0100000000000002
1.877
2.009
1.431
3.613
6.147
1.578
1.798
10.645
2.056
7.694
5.723
1.3760000000000001
4.481
13.288
8.415000000000001
1.141
1.1280000000000001
5.07
1.8800000000000001
2.194
2.895
2.551
2.346
1.797
1.828
1.488
1.369
6.7860000000000005
2.326
5.8950000000000005
1.195
2.456
1.823
1.805
2.073
1.919
1.766
3.9450000000000003
9.53
3.044
1.736
1.226
5.434
2.988
1.4040000000000001
1.346
3.867
3.052
1.762
7.497
1.314
1.108
1.449
1.502
2.328
4.729
1.6480000000000001
2.698
1.12
1.084
2.426
2.134
3.5220000000000002
3.228
2.998
2.068
0.932
3.641
4.271
2.739
11.867
2.645
7.0360000000000005
1.035
1.193
4.4190000000000005
3.212
1.7810000000000001
2.38
3.337
2.994
1.693
2.362
5.385
2.751
6.505
2.218
3.128
2.245
2.048
1.833
1.461
3.767
2.249
2.298
1.951
3.896
1.311
4.2860000000000005
9.158
2.019
8.528
3.942
4.909
4.297
1.6560000000000001
2.5580000000000003
4.087
1.528
4.639
5.329
0.836
1.9060000000000001
5.503
1.842
1.697
2.36
1.627
2.544
1.838
1.6360000000000001
1.812
3.628
1.747
0.878
1.558
3.311
1.497
4.1690000000000005
2.212
1.246
4.263
2.9010000000000002
2.412
2.005
8.196
1.187
1.568
3.322
5.388
5.628
5.909
1.897
8.795
2.735
1.282
5.742
2.223
8.404
0.989
6.142
2.261
2.995
2.0340000000000003
2.926
1.478
12.435
4.462
6.45
2.1430000000000002
3.575
3.033
4.0600000000000005
0.867
1.477
3.0180000000000002
4.062
2.9210000000000003
2.923
2.086
3.826
3.888
1.734
1.536
2.15
0.885
2.678
1.747
2.367
1.75
1.084
4.104
1.451
1.554
5.6930000000000005
7.723
2.346
4.346
1.584
1.999
1.512
2.227
1.549
6.8950000000000005
1.68
1.7670000000000001
1.678
4.355
3.916
1.444
1.668
3.267
6.3260000000000005
1.196
2.003
2.13
1.748
2.246
1.615
1.966
4.103
1.828
2.7800000000000002
1.483
4.729
3.145
1.732
2.06
1.22
1.366
3.61
8.397
1.586
3.731
1.441
1.237
2.4
10.419
5.412
1.299
2.692
1.71
2.688
3.553
3.0500000000000003
1.618
1.0210000000000001
1.298
10.82
7.228
1.295
8.161
1.708
1.5310000000000001
2.078
1.784
2.1350000000000002
4.635
2.221
1.614
2.1590000000000003
1.917
1.463
1.809
2.693
3.384
5.197
2.442
5.599
18.862000000000002
4.234
1.594
1.82
1.309
5.136
1.732
2.984
1.5050000000000001
1.281
3.231
2.044
0.93
1.5050000000000001
22.752
2.2720000000000002
4.184
7.547000000000001
1.153
5.562
5.336
4.846
0.9590000000000001
1.311
1.29
1.7870000000000001
2.9
2.907
9.688
3.084
2.493
2.398
3.862
2.15
1.065
1.565
1.377
2.593
4.206
2.59
5.234
1.026
1.316
1.996
1.305
2.649
4.591
1.9120000000000001
0.93
2.759
1.958
4.743
2.612
3.817
3.37
8.393
5.119
1.9120000000000001
4.924
4.175
1.502
4.652
1.113
2.8810000000000002
7.165
1.928
2.0020000000000002
2.0460000000000003
2.092
1.641
3.156
5.969
11.698
3.2680000000000002
2.213
2.314
3.124
1.516
2.178
4.131
2.329
1.647
3.349
1.079
4.846
2.27
3.416
1.9040000000000001
1.274
1.296
2.368
4.414
4.782
4.171
8.461
6.839
1.262
3.314
1.801
2.09
3.039
2.563
1.651
1.419
3.318
3.5180000000000002
2.448
2.342
3.065
2.019
2.07
2.981
3.641
5.1610000000000005
3.371
4.719
6.979
1.405
1.766
1.414
7.542
2.6510000000000002
3.931
1.127
1.305
1.488
19.255
3.086
3.565
4.82
1.332
2.231
1.83
0.927
3.604
1.0010000000000001
1.688
1.56
2.951
5.485
2.067
2.4130000000000003
1.357
1.163
2.477
2.294
0.905
3.357
6.756
1.926
4.054
3.473
1.37
1.854
5.9750000000000005
5.073
2.295
15.517
3.914
2.473
1.373
1.955
2.092
3.047
2.422
1.692
1.548
3.467
1.959
4.437
1.812
7.752
1.819
1.266
1.364
5.301
2.632
2.617
1.481
4.42
1.369
6.6610000000000005
1.688
3.293
1.455
2.365
2.641
1.059
2.468
2.642
1.692
1.566
1.438
1.309
3.275
2.015
1.0090000000000001
2.902
6.062
1.057
1.52
1.807
2.969
1.595
1.2590000000000001
2.869
10.732000000000001
10.005
3.247
4.4430000000000005
3.5060000000000002
1.354
1.837
6.439
1.857
3.625
5.447
1.77
1.897
5.689
1.932
3.4370000000000003
2.303
5.377
3.277
1.3980000000000001
3.757
7.421
3.485
2.49
2.1
1.597
2.507
2.962
1.566
3.229
3.134
1.5150000000000001
1.149
1.8800000000000001
1.091
2.46
1.673
2.145
1.725
6.37
1.0090000000000001
1.298
1.706
2.42
2.586
5.441
1.719
4.907
2.056
1.238
1.895
1.004
3.226
2.892
2.1590000000000003
1.055
2.657
2.145
3.876
16.169
5.0680000000000005
1.403
2.6790000000000003
4.389
30.939
1.064
10.467
6.022
5.6000000000000005
3.2800000000000002
3.746
18.955000000000002
2.722
1.674
2.555
2.273
1.057
1.842
1.546
11.06
2.5580000000000003
8.796
3.869
2.137
9.419
2.9410000000000003
4.197
6.03
1.6380000000000001
2.555
1.995
1.552
3.525
2.642
11.696
1.672
1.499
5.74
2.128
1.6620000000000001
2.09
1.397
2.122
2.953
2.323
1.945
1.131
4.251
4.761
1.62
1.572
1.442
1.9000000000000001
1.412
0.9410000000000001
1.7590000000000001
6.537
2.2
1.803
1.2730000000000001
4.471
1.942
1.397
2.294
8.685
3.2760000000000002
0.873
8.573
8.509
2.686
3.13
9.33
1.044
1.772
2.22
1.493
3.958
0.856
1.3960000000000001
2.334
2.867
1.078
1.151
5.424
1.828
5.6370000000000005
1.364
2.2640000000000002
1.6260000000000001
1.433
2.424
4.676
1.17
6.027
1.915
1.375
3.128
2.471
3.34
2.606
1.264
2.775
3.494
10.696
4.187
1.827
1.8
2.0060000000000002
1.385
1.6300000000000001
1.445
0.922
1.414
1.085
0.8160000000000001
1.189
1.865
6.3
4.0920000000000005
1.5
3.299
4.345
5.461
2.233
1.814
2.528
3.8360000000000003
6.582
1.287
1.325
2.314
10.159
3.564
8.073
2.2880000000000003
7.4510000000000005
1.587
1.7770000000000001
8.989
3.2800000000000002
1.6580000000000001
3.791
1.131
1.464
2.3770000000000002
0.971
5.7010000000000005
1.668
2.519
6.589
1.72
5.274
1.576
4.958
0.978
1.408
1.361
3.293
5.227
1.871
2.1270000000000002
1.929
4.072
3.956
3.057
1.623
1.716
5.327
3.469
3.149
1.0190000000000001
1.2650000000000001
3.19
3.189
1.468
2.535
1.792
11.244
1.901
1.169
4.684
1.096
3.464
1.131
2.859
2.251
2.873
3.633
4.305
1.562
6.503
7.867
9.803
3.596
5.493
3.6390000000000002
4.9
0.915
4.245
3.5100000000000002
1.474
1.373
11.438
3.33
5.159
2.32
8.352
1.927
11.783
6.304
2.737
2.335
1.5330000000000001
9.349
5.9350000000000005
1.4040000000000001
1.377
1.934
11.814
1.667
1.227
2.221
1.635
1.083
1.086
2.4
4.207
2.995
3.293
2.152
3.829
3.351
8.144
3.838
8.679
1.971
2.6550000000000002
10.676
2.888
1.6500000000000001
1.373
1.917
1.975
11.546
4.841
2.408
3.9410000000000003
11.192
1.734
1.843
1.316
2.109
1.367
2.996
3.716
3.513
3.503
8.926
1.587
4.303
3.769
8.26
1.738
2.559
1.555
3.555
1.543
1.84
2.339
1.72
1.154
1.871
1.871
5.461
2.7880000000000003
2.084
1.611
1.963
0.998
4.047
2.298
3.9330000000000003
1.248
2.011
2.511
1.6580000000000001
2.0460000000000003
6.179
8.152000000000001
2.775
19.065
3.0380000000000003
1.5090000000000001
1.762
1.6360000000000001
1.795
1.786
1.422
6.285
1.481
1.723
1.214
2.653
1.143
2.79
4.303
2.092
1.803
1.875
5.901
2.334
4.324
8.062
1.799
1.385
1.641
6.283
4.164
3.355
1.845
2.456
6.173
8.239
2.307
5.03
4.875
1.26
1.3920000000000001
2.072
6.492
5.155
2.851
4.523
1.335
1.5210000000000001
8.972
9.011000000000001
1.795
5.837
3.89
12.038
5.587
2.133
2.351
1.3800000000000001
2.093
2.865
3.422
2.591
1.198
2.3930000000000002
1.468
3.9050000000000002
3.236
1.466
1.806
1.565
1.991
1.371
2.533
1.291
3.727
8.116
10.106
3.121
2.045
1.725
0.922
3.834
1.917
2.503
3.153
3.8000000000000003
6.489
1.4000000000000001
1.6560000000000001
1.621
2.477
1.322
1.476
1.936
1.68
1.858
1.905
1.317
1.776
3.428
2.102
1.714
6.21
3.878
2.334
1.175
2.011
10.772
2.4170000000000003
2.012
1.869
1.178
2.5500000000000003
6.998
2.479
2.06
2.176
1.6280000000000001
2.993
2.584
1.6600000000000001
2.253
1.116
1.351
0.913
1.923
3.742
2.07
1.528
5.683
17.946
1.293
1.492
1.36
1.502
1.746
1.601
4.065
14.632
2.691
3.89
1.6
2.11
1.943
1.829
1.866
2.047
3.59
5.054
3.2
1.584
2.424
3.789
1.866
5.15
1.7650000000000001
4.047
1.049
1.649
1.403
1.7870000000000001
3.531
3.118
3.137
1.405
4.57
1.566
2.5060000000000002
4.131
2.721
2.903
5.551
2.197
1.061
2.129
1.093
1.331
1.675
3.352
3.544
1.565
3.302
1.705
3.938
2.245
3.6630000000000003
1.2690000000000001
5.9110000000000005
5.996
2.333
3.0700000000000003
5.053
1.707
3.472
1.335
2.757
1.95
2.123
1.421
2.407
2.895
1.0050000000000001
1.7510000000000001
2.418
2.058
1.397
1.474
2.376
3.626
1.7870000000000001
1.591
3.6990000000000003
3.06
0.9400000000000001
7.759
1.0170000000000001
21.352
2.345
1.5310000000000001
2.888
2.399
6.429
4.39
4.598
4.43
3.717
1.163
2.416
1.201
1.4020000000000001
4.714
2.225
1.325
4.5520000000000005
2.758
2.322
1.738
2.31
2.4130000000000003
2.418
4.615
1.212
2.628
5.264
3.477
1.09
9.712
1.6300000000000001
3.523
1.296
3.291
3.68
0.984
1.1440000000000001
8.196
1.383
2.262
3.602
1.566
1.102
3.882
8.642
1.464
1.045
1.567
3.613
2.8930000000000002
2.1670000000000003
17.589
1.354
4.0120000000000005
1.868
1.327
4.309
21.932000000000002
1.172
2.914
4.731
1.981
1.112
2.7520000000000002
1.332
1.9000000000000001
1.561
1.057
2.45
4.229
2.99
4.1770000000000005
1.456
1.432
1.2650000000000001
1.327
2.799
6.992
3.3890000000000002
6.3580000000000005
11.871
7.998
3.427
1.861
1.096
3.0180000000000002
5.1080000000000005
1.45
1.057
1.183
6.589
0.93
3.973
4.857
3.1430000000000002
1.5
1.799
3.251
1.629
2.076
14.249
5.49
1.284
1.171
1.078
0.936
1.306
4.462
2.448
2.2560000000000002
1.5190000000000001
13.486
7.0360000000000005
4.392
9.279
7.549
13.259
1.359
3.6670000000000003
1.941
4.009
3.569
1.6320000000000001
7.735
1.416
7.206
26.268
2.318
1.569
1.768
17.163
3.8890000000000002
1.256
3.129
5.554
4.2090000000000005
1.481
0.922
1.937
1.868
4.144
5.9590000000000005
1.348
3.607
2.62
3.266
1.708
2.128
5.216
3.249
9.694
1.524
0.876
4.279
1.524
12.263
1.934
2.183
1.097
3.258
1.315
4.956
2.36
6.746
5.67
2.872
2.363
3.684
1.722
2.089
1.065
6.816
2.633
1.837
2.801
16.508
1.002
1.7570000000000001
1.595
8.945
2.035
2.552
1.772
1.803
2.34
2.859
2.083
4.293
1.325
1.857
2.124
1.293
1.589
1.385
3.74
3.145
1.624
2.063
4.3
1.133
8.666
1.7650000000000001
1.69
2.396
1.792
2.27
3.105
1.9120000000000001
2.231
3.4290000000000003
5.149
3.7680000000000002
2.775
5.961
11.159
1.3800000000000001
3.863
3.303
2.712
4.114
2.009
6.917
3.637
2.507
2.939
1.1340000000000001
1.706
1.12
1.492
1.3840000000000001
3.218
1.53
16.294
1.554
10.523
1.5010000000000001
2.04
3.039
1.733
0.919
4.6690000000000005
1.069
4.155
1.197
2.279
3.544
3.8770000000000002
2.762
1.331
1.575
2.071
1.16
2.723
1.448
7.463
0.987
3.6910000000000003
1.084
4.688
1.353
1.514
0.85
7.115
2.936
3.438
2.18
5.859
1.981
1.956
8.040000000000001
1.162
1.51
1.314
3.282
1.025
3.862
5.8660000000000005
13.327
2.878
2.839
1.481
2.141
3.278
3.349
1.4040000000000001
1.577
2.302
1.225
1.954
3.547
3.335
2.638
3.298
2.084
5.457
10.117
4.53
1.35
3.0140000000000002
0.973
4.503
1.871
1.624
6.341
2.474
10.186
1.227
3.88
1.721
1.489
2.1350000000000002
2.412
12.88
10.393
1.174
2.057
2.019
10.113
1.54
1.5070000000000001
8.128
3.585
2.1710000000000003
2.182
0.929
2.251
2.521
3.266
1.219
1.026
1.222
1.562
3.313
6.102
6.125
1.287
3.825
3.404
7.2410000000000005
1.246
1.1320000000000001
1.183
3.251
1.452
2.271
1.7830000000000001
2.7760000000000002
5.023
1.284
1.429
2.609
2.033
1.814
2.636
1.723
3.704
8.828
0.896
1.962
2.0260000000000002
1.847
1.671
1.805
2.968
4.257
10.709
1.172
1.377
1.208
3.615
3.396
1.435
4.042
5.251
2.133
4.042
1.657
1.247
1.4020000000000001
1.486
1.925
7.6610000000000005
2.111
1.722
2.602
1.211
2.509
4.534
2.263
3.307
1.166
4.1
1.593
2.138
5.496
6.328
2.601
1.545
2.235
2.166
0.858
2.896
8.962
4.416
2.218
9.968
1.717
2.791
6.36
6.198
2.12
3.81
5.764
1.446
1.802
4.728
5.345
1.5070000000000001
0.8220000000000001
2.582
1.054
3.509
6.23
4.274
1.403
4.96
3.0500000000000003
1.292
10.869
1.6
2.146
4.655
5.896
2.4010000000000002
0.983
3.7840000000000003
2.523
7.9910000000000005
1.561
2.348
0.926
1.0010000000000001
4.142
1.576
1.716
0.9
2.065
1.344
6.309
1.473
1.739
3.851
1.71
1.564
2.4010000000000002
4.371
5.656
2.157
2.3040000000000003
6.822
2.516
1.486
2.291
1.667
2.839
3.555
8.57
1.6500000000000001
1.721
7.195
3.013
6.7940000000000005
1.691
5.248
2.071
2.1670000000000003
1.792
3.424
1.9040000000000001
1.3780000000000001
3.117
3.451
5.062
5.263
3.531
2.7920000000000003
6.516
3.4170000000000003
2.7840000000000003
2.186
1.342
1.737
6.05
4.0600000000000005
3.0220000000000002
3.157
1.16
0.905
2.701
2.6470000000000002
1.1440000000000001
1.7670000000000001
2.964
1.066
5.3020000000000005
5.615
1.8920000000000001
2.177
1.722
6.089
2.743
1.24
2.322
1.947
1.095
1.7770000000000001
1.455
2.694
2.061
9.448
3.564
1.812
4.508
1.355
3.099
1.46
2.128
2.106
3.6790000000000003
1.166
11.281
2.478
1.734
1.088
2.258
2.6470000000000002
1.727
2.465
1.209
1.866
11.119
1.972
2.172
1.56
2.149
1.842
2.4130000000000003
0.969
1.737
1.3800000000000001
1.958
5.216
2.221
3.616
3.247
3.361
1.738
4.1850000000000005
1.605
3.063
2.637
1.7550000000000001
1.969
1.213
7.37
3.0540000000000003
3.462
2.629
1.139
3.177
2.19
1.285
1.83
1.044
6.355
3.701
1.974
6.039
1.338
1.482
1.799
4.477
1.193
4.249
1.264
1.432
1.207
2.187
3.071
1.606
6.405
1.824
1.428
5.937
2.1350000000000002
1.358
0.981
1.457
1.599
2.45
3.246
4.485
2.612
4.836
11.837
1.574
2.801
1.564
2.813
9.663
1.871
2.665
6.821
10.353
1.302
3.36
3.962
2.077
2.4090000000000003
2.035
2.825
1.431
2.815
1.065
5.371
1.315
8.332
1.31
1.566
4.103
1.601
1.445
1.07
8.643
2.927
2.545
2.375
1.611
2.189
2.266
1.122
4.105
2.787
3.706
2.244
1.287
8.737
0.911
2.369
5.7860000000000005
2.471
3.3080000000000003
1.8880000000000001
5.8340000000000005
0.872
1.6620000000000001
2.219
2.282
1.625
2.3930000000000002
2.307
7.719
1.625
1.347
1.346
2.415
1.831
1.738
1.709
5.093
1.794
1.385
1.431
1.345
1.193
2.357
3.544
1.199
1.799
3.009
1.502
1.401
2.596
1.7910000000000001
1.996
2.694
1.897
2.093
1.93
2.085
1.33
3.72
5.111
2.36
2.294
2.3810000000000002
3.495
1.062
1.156
1.812
4.775
1.5230000000000001
4.4190000000000005
1.463
12.717
3.9370000000000003
1.248
4.347
7.833
2.085
3.665
1.463
2.48
2.6830000000000003
1.924
2.746
10.373
4.123
1.6420000000000001
1.5170000000000001
1.409
14.786
0.974
1.705
2.541
4.658
6.265000000000001
1.871
1.868
1.5190000000000001
2.7720000000000002
4.073
1.799
1.296
2.382
1.489
3.7560000000000002
5.234
12.463000000000001
2.396
5.671
3.258
4.2010000000000005
0.871
7.448
2.6710000000000003
3.9570000000000003
4.255
2.328
1.877
11.312
1.695
1.476
2.6710000000000003
1.067
1.242
1.941
1.725
1.722
1.045
1.439
1.039
1.6460000000000001
2.5340000000000003
2.504
1.9020000000000001
0.98
1.589
1.992
2.722
2.031
10.823
2.365
7.2010000000000005
3.378
1.705
2.904
10.684000000000001
1.226
2.3890000000000002
1.312
2.673
2.078
2.129
1.72
11.505
1.48
1.172
3.7
2.446
1.44
1.899
3.918
1.571
3.1510000000000002
3.432
1.812
6.901
0.999
2.394
1.706
1.181
5.894
2.637
5.914
5.121
1.592
2.444
2.481
1.997
6.402
3.754
4.495
2.836
2.673
1.705
3.6430000000000002
2.285
2.1350000000000002
2.735
8.637
1.568
2.246
3.251
1.284
1.35
2.279
2.265
1.395
4.019
2.833
1.6340000000000001
4.431
1.5110000000000001
1.708
4.037
0.937
1.838
2.076
2.814
1.635
5.415
1.367
1.73
2.3770000000000002
1.687
0.799
1.2650000000000001
1.77
3.5580000000000003
1.3900000000000001
4.483
2.633
3.9450000000000003
1.549
2.598
1.435
2.677
1.54
2.089
5.11
2.581
7.893
1.832
2.767
1.459
1.825
2.7880000000000003
3.115
1.951
2.513
1.813
6.712
1.5030000000000001
7.71
5.869
1.185
3.472
3.456
2.092
1.599
1.923
1.0070000000000001
1.453
1.933
7.63
2.0300000000000002
4.905
2.428
1.08
1.2650000000000001
1.99
3.604
2.657
2.072
2.641
0.793
1.964
1.278
26.84
4.112
0.977
4.358
1.455
7.11
5.607
1.818
1.276
1.326
1.703
4.62
2.4290000000000003
4.433
1.6260000000000001
3.0260000000000002
4.473
3.701
1.107
2.9210000000000003
1.241
4.871
1.565
4.785
1.106
1.604
2.842
0.986
8.748
1.41
2.298
2.048
9.729000000000001
1.998
2.06
2.6430000000000002
2.025
1.243
1.537
5.437
1.932
2.04
1.088
1.0170000000000001
1.2790000000000001
3.4450000000000003
1.304
6.662
1.727
1.5290000000000001
2.978
2.177
3.362
2.795
1.053
1.032
1.076
5.115
2.285
1.7630000000000001
9.392
2.674
1.595
3.608
2.931
8.111
1.462
1.202
1.97
3.865
7.337
4.001
2.657
8.241
1.9000000000000001
3.3080000000000003
2.2760000000000002
1.34
1.098
8.768
1.473
2.668
1.756
9.547
1.554
2.614
1.202
1.612
1.316
0.98
1.594
1.72
12.433
2.024
2.507
7.3180000000000005
2.037
2.009
3.065
3.313
4.238
3.472
1.313
10.887
3.8040000000000003
14.619
2.302
2.061
1.801
3.996
3.511
1.456
3.072
1.341
2.2680000000000002
1.797
1.311
2.121
1.921
7.368
1.419
2.146
2.591
1.471
1.701
25.951
2.415
0.853
5.844
1.3840000000000001
2.479
5.8740000000000006
2.721
1.686
1.343
0.872
4.277
2.878
2.915
1.719
2.122
1.576
1.1460000000000001
1.3960000000000001
2.109
1.158
1.412
2.826
2.056
8.01
2.359
2.255
1.441
3.99
1.214
1.998
14.603
7.204
1.856
11.958
1.222
3.497
1.6420000000000001
2.1550000000000002
4.806
1.444
1.643
9.395
1.992
1.5290000000000001
11.344
5.005
1.5130000000000001
1.997
2.367
1.772
9.656
3.08
4.325
2.727
1.5
2.238
1.093
1.437
5.252
2.1750000000000003
2.7880000000000003
1.5110000000000001
1.697
10.713000000000001
3.533
1.6460000000000001
5.187
5.096
7.86
1.938
1.487
2.178
4.124
2.19
3.352
2.595
1.296
7.995
7.339
1.819
1.091
2.262
1.747
2.153
1.9080000000000001
1.052
20.805
11.207
3.557
4.596
6.0040000000000004
1.175
0.745
0.893
1.165
9.835
3.447
1.449
4.884
3.713
2.598
13.298
7.433
1.025
2.766
1.596
1.557
18.021
1.8900000000000001
1.786
1.5050000000000001
2.857
2.88
1.845
2.883
1.6540000000000001
3.1270000000000002
0.769
2.146
2.47
4.341
1.613
12.13
1.124
1.9120000000000001
3.074
2.497
1.346
6.071
5.439
1.485
1.195
8.211
1.941
1.194
2.369
2.472
7.289000000000001
1.849
1.047
4.281
3.056
2.403
3.758
2.14
1.356
7.49
1.374
2.612
2.2920000000000003
1.572
1.47
1.228
1.5270000000000001
1.748
1.594
3.083
2.072
3.9570000000000003
1.913
3.88
16.405
1.708
1.154
1.341
1.9060000000000001
1.29
1.98
1.002
3.049
1.056
2.1430000000000002
4.29
4.628
9.767
2.3040000000000003
1.605
1.5050000000000001
3.267
9.938
19.797
1.446
1.508
1.039
2.09
1.247
12.782
2.43
1.825
4.656
1.093
3.781
2.636
1.425
1.495
1.088
4.227
1.3860000000000001
3.348
19.471
5.404
2.944
2.098
2.253
5.447
3.511
1.452
1.891
2.238
2.806
1.322
2.793
1.178
2.7920000000000003
1.526
1.405
1.399
1.615
1.704
1.361
1.355
1.049
6.769
1.992
3.1550000000000002
2.737
2.124
3.086
1.934
1.9140000000000001
1.381
4.113
3.5500000000000003
7.18
1.238
8.403
5.703
2.1310000000000002
2.857
0.887
1.826
3.255
3.906
4.005
4.085
2.775
13.919
3.098
10.58
4.607
2.132
1.576
1.182
1.963
1.674
1.012
1.163
2.23
2.298
1.043
8.064
6.389
1.278
4.961
1.338
2.609
1.721
1.754
5.414
1.305
2.451
1.837
3.333
5.682
5.674
4.136
2.431
2.0260000000000002
3.797
1.9060000000000001
1.554
2.337
2.11
4.998
1.064
8.86
2.149
5.235
0.995
3.5460000000000003
2.035
3.5620000000000003
1.631
0.891
1.23
7.5200000000000005
1.605
1.347
1.169
14.523
5.684
6.542
2.125
1.463
2.71
1.989
1.04
2.612
2.192
1.79
2.185
1.6360000000000001
1.682
1.6480000000000001
1.546
7.33
1.951
3.998
6.827
3.067
2.345
1.049
2.19
3.355
5.369
5.384
2.656
1.782
2.957
8.881
1.2770000000000001
1.304
1.497
1.813
2.735
5.083
2.312
0.85
4.743
3.404
1.307
3.285
2.5540000000000003
2.501
2.306
1.29
1.772
1.242
1.668
1.5330000000000001
2.666
2.936
3.198
7.333
2.039
3.459
3.649
1.772
2.73
1.9120000000000001
1.859
8.562
2.694
1.401
4.247
6.832
1.004
3.283
2.7
2.422
1.61
4.23
2.416
1.809
2.187
1.9180000000000001
13.812000000000001
2.869
1.837
4.465
8.993
2.1390000000000002
1.42
10.224
1.932
1.832
3.386
1.673
5.649
1.449
3.15
1.573
4.913
2.649
1.661
1.182
2.291
1.698
2.168
1.601
1.683
1.374
1.7890000000000001
1.79
1.448
1.274
4.469
7.655
1.412
6.231
4.5680000000000005
2.354
1.649
1.851
4.8
2.93
1.866
1.489
3.594
3.902
1.465
1.865
5.312
8.626
0.908
2.4210000000000003
1.287
1.956
1.435
2.331
12.415000000000001
2.874
1.69
1.303
1.681
1.828
4.5520000000000005
2.942
1.385
1.875
1.3880000000000001
2.22
3.2720000000000002
1.361
1.151
1.899
2.2880000000000003
1.163
1.318
1.5110000000000001
1.494
2.253
0.98
6.9430000000000005
3.36
2.604
3.508
1.198
1.947
1.448
15.845
3.779
1.537
1.598
2.758
1.705
5.574
1.079
2.861
1.024
13.167
2.342
2.742
2.568
1.768
2.954
7.696
2.878
5.639
2.1310000000000002
2.1470000000000002
6.606
1.602
4.011
1.214
4.033
1.694
2.352
3.3000000000000003
1.684
1.847
1.493
4.131
2.589
4.178
8.938
2.216
15.4
2.2840000000000003
1.9160000000000001
9.136000000000001
1.46
1.6280000000000001
4.3950000000000005
2.712
0.985
2.187
4.352
1.836
1.312
1.2
2.682
1.593
1.464
8.923
1.347
1.432
1.846
1.9180000000000001
2.54
1.842
2.23
2.6430000000000002
1.5170000000000001
1.412
1.331
1.604
1.975
1.217
1.454
0.909
2.338
4.6370000000000005
1.5150000000000001
2.745
1.286
2.7920000000000003
2.399
2.49
1.373
0.889
2.213
1.028
13.237
2.732
5.487
2.605
1.411
9.448
1.688
2.753
6.243
1.587
1.543
1.859
1.959
1.2570000000000001
5.022
2.8810000000000002
1.018
2.999
3.408
3.447
5.141
1.581
6.829
9.217
1.637
8.28
1.073
10.471
0.9570000000000001
2.138
1.974
1.833
2.428
2.726
1.094
4.945
4.247
1.591
4.256
1.363
5.9510000000000005
2.641
1.647
1.887
2.369
10.376
1.871
11.86
3.201
1.414
1.836
2.537
1.31
3.609
12.565
6.314
1.3820000000000001
3.024
6.6850000000000005
3.43
1.589
2.077
1.175
3.834
4.054
4.102
6.572
14.858
0.847
0.891
7.156000000000001
1.701
3.325
1.2570000000000001
0.8
1.387
3.1790000000000003
1.577
1.7690000000000001
2.82
1.578
1.669
1.31
1.7610000000000001
3.027
4.481
2.009
1.756
1.24
1.826
1.532
1.823
1.921
1.411
5.726
3.126
4.611
1.367
2.949
1.473
1.7610000000000001
2.586
2.751
1.959
5.532
4.271
44.108000000000004
1.172
2.0140000000000002
5.835
1.924
7.123
1.622
8.104000000000001
7.891
1.428
8.827
2.094
1.784
1.7770000000000001
2.427
3.229
6.398000000000001
1.694
5.236
3.6910000000000003
1.143
3.357
2.263
1.315
3.071
1.823
9.754
5.035
7.251
1.708
3.079
1.694
2.801
2.644
4.976
1.588
3.64
1.171
7.245
2.078
6.242
9.081
1.485
1.563
4.755
4.136
2.644
3.16
6.362
1.5190000000000001
2.311
2.828
3.18
2.686
3.128
1.425
4.4750000000000005
1.6620000000000001
2.593
1.669
3.294
6.197
3.138
1.074
1.466
1.641
8.26
7.797000000000001
3.834
2.997
4.7090000000000005
1.212
1.241
2.337
4.531
3.966
9.499
1.837
2.361
1.897
1.479
4.3500000000000005
4.803
1.624
1.647
1.076
2.994
1.145
3.104
2.123
3.132
2.0460000000000003
1.213
1.321
6.8180000000000005
2.677
1.264
0.8200000000000001
1.957
1.5150000000000001
6.925
1.6440000000000001
3.244
3.827
2.112
5.414
2.3970000000000002
2.864
2.556
5.242
3.9330000000000003
4.958
1.588
9.459
3.2520000000000002
1.604
3.666
1.439
1.23
2.0180000000000002
2.751
7.36
1.635
5.234
1.725
2.918
1.173
9.893
9.779
1.17
1.336
1.913
3.5660000000000003
2.077
2.559
1.854
1.5090000000000001
2.87
4.533
1.549
1.36
1.901
3.154
6.856
11.539
2.357
2.384
7.7700000000000005
1.47
2.1310000000000002
1.608
7.987
1.031
1.758
6.755
1.4060000000000001
2.105
1.1460000000000001
1.6360000000000001
4.453
1.374
8.903
1.694
4.32
2.528
3.684
3.334
1.71
1.193
8.195
1.069
1.524
1.109
2.064
1.629
1.566
4.736
3.791
1.312
2.444
3.314
2.277
3.6670000000000003
1.704
3.588
1.704
4.7700000000000005
1.799
3.48
2.08
1.199
1.37
1.808
1.69
2.156
1.595
3.227
3.821
1.322
1.345
3.9570000000000003
4.082
0.846
3.719
2.721
1.22
2.624
10.598
1.919
1.129
6.984
7.112
4.226
1.184
1.412
1.287
2.255
1.958
7.0600000000000005
2.499
3.394
4.0920000000000005
2.749
4.5920000000000005
1.2670000000000001
3.684
5.773
5.755
1.433
1.582
2.408
3.358
1.721
1.5010000000000001
1.617
3.442
1.744
2.5060000000000002
3.493
1.635
7.32
12.57
3.442
3.8320000000000003
2.13
6.595
1.734
1.54
0.873
1.3900000000000001
1.8760000000000001
1.3880000000000001
4.523
8.239
1.218
0.987
1.883
1.911
1.548
2.581
1.6360000000000001
1.9020000000000001
4.453
15.610000000000001
2.477
1.694
2.194
2.769
1.651
1.326
1.342
1.483
3.734
1.831
3.8280000000000003
10.735
4.51
1.714
2.027
2.622
2.412
8.073
0.8190000000000001
1.348
1.776
2.943
2.128
3.803
1.698
6.202
1.234
2.003
3.186
0.905
2.484
0.987
1.21
5.422
2.206
1.2610000000000001
1.601
6.382000000000001
1.463
2.13
3.517
1.862
9.233
1.57
4.808
1.6540000000000001
6.325
2.575
3.3000000000000003
1.24
4.5
9.394
1.739
1.317
1.372
7.41
1.941
1.34
2.8810000000000002
2.97
1.873
1.742
5.36
1.732
3.347
11.234
3.08
1.318
8.185
1.498
1.989
1.5230000000000001
1.197
10.248
1.26
3.424
1.846
2.998
0.85
1.347
2.398
1.024
4.371
2.243
1.178
1.694
1.9000000000000001
2.358
2.355
6.668
1.0070000000000001
3.436
7.555
1.938
8.131
2.88
1.766
1.3920000000000001
5.821
6.064
5.009
1.026
1.485
10.181000000000001
1.097
1.026
2.12
2.271
5.867
1.1420000000000001
2.619
1.461
2.058
1.7610000000000001
1.568
0.9450000000000001
1.092
1.2770000000000001
3.137
3.472
1.055
4.148
5.587
2.408
1.799
2.216
6.922
2.862
6.013
1.349
1.332
2.588
2.015
1.745
1.5010000000000001
4.5
1.27
2.676
1.262
3.119
7.953
0.9440000000000001
5.765
2.41
4.4270000000000005
2.457
1.496
3.17
1.9160000000000001
2.474
4.109
0.885
3.11
1.7590000000000001
3.58
2.024
5.359
4.8020000000000005
5.265
0.728
3.4370000000000003
2.673
1.479
0.988
1.7550000000000001
1.9120000000000001
1.563
2.979
1.504
1.491
1.157
2.299
1.088
2.426
1.108
8.52
1.473
7.305
2.974
1.169
1.6420000000000001
2.7760000000000002
5.4510000000000005
1.364
1.216
13.794
1.958
1.467
2.1470000000000002
3.948
2.918
2.861
1.426
25.752
1.289
6.335
2.841
1.497
1.232
2.206
3.741
3.161
1.6640000000000001
2.795
1.808
11.542
3.598
2.782
4.484
4.743
3.62
2.394
1.366
1.9040000000000001
0.971
4.59
1.49
4.11
9.81
4.422
1.359
1.308
1.546
4.796
1.039
4.263
3.193
1.987
2.238
5.227
1.814
9.505
3.2920000000000003
5.086
1.5
1.611
1.5030000000000001
1.559
2.916
1.244
11.6
0.865
2.036
3.6990000000000003
1.804
11.048
1.208
1.1400000000000001
1.979
1.729
5.833
1.668
0.915
1.537
2.408
2.33
4.3420000000000005
6.833
4.011
13.729000000000001
2.988
3.088
3.573
1.883
1.324
3.039
6.298
1.2650000000000001
1.7610000000000001
1.551
3.215
1.311
2.201
1.522
3.503
3.482
2.923
3.4450000000000003
1.609
1.913
1.7510000000000001
3.7800000000000002
1.578
1.872
3.513
23.284
2.485
1.395
1.288
5.375
6.308
2.444
1.696
2.65
2.306
4.138
2.384
2.222
1.788
2.507
1.204
1.69
1.222
4.6850000000000005
6.91
1.661
1.227
1.274
0.937
2.621
1.975
1.424
1.413
3.823
1.444
3.372
5.721
1.334
10.200000000000001
1.624
1.909
2.023
1.338
5.429
3.948
3.161
1.796
3.9250000000000003
4.377
2.717
2.124
1.973
1.478
2.179
2.071
1.124
6.1850000000000005
2.136
1.213
2.491
2.096
2.053
0.776
4.0360000000000005
1.053
5.063
1.359
0.914
4.197
9.289
1.543
1.701
1.42
3.318
1.68
15.52
4.904
1.448
1.48
2.215
4.809
2.787
2.527
2.349
1.102
2.568
1.158
3.996
2.062
2.44
3.541
2.311
1.995
1.522
1.685
1.1340000000000001
1.173
1.1260000000000001
2.536
7.214
0.852
1.955
4.359
9.143
1.712
2.4290000000000003
3.442
8.025
1.083
1.122
14.493
1.579
2.033
1.1300000000000001
8.03
1.227
4.051
3.958
7.105
1.961
2.199
3.221
2.505
1.778
1.2690000000000001
1.673
4.7170000000000005
5.958
5.457
1.6300000000000001
1.158
1.0010000000000001
0.92
1.68
1.174
2.581
1.718
1.164
3.723
2.947
4.1690000000000005
2.19
3.634
1.411
3.286
1.375
1.6340000000000001
3.2560000000000002
1.087
3.884
0.9570000000000001
8.307
2.504
3.286
1.934
3.2600000000000002
1.674
2.066
1.9060000000000001
3.277
3.189
1.669
1.318
8.087
1.611
0.937
1.756
1.157
2.431
1.7650000000000001
1.715
0.907
0.985
2.013
4.924
3.95
1.945
4.788
1.047
4.309
1.7710000000000001
5.381
4.198
9.142
1.864
1.542
1.231
1.346
5.205
2.6710000000000003
1.481
1.303
1.552
2.473
1.721
1.3760000000000001
3.848
1.553
9.501
2.884
3.212
3.269
0.937
6.218
4.853
7.497
2.713
2.036
3.1990000000000003
1.12
5.8740000000000006
6.96
2.886
1.5090000000000001
0.994
9.075000000000001
1.175
2.714
8.258000000000001
1.897
1.442
1.3980000000000001
1.422
0.9530000000000001
1.305
3.255
3.771
1.3960000000000001
4.649
10.633000000000001
5.654
1.708
2.195
2.722
6.761
1.941
3.24
1.331
6.025
1.064
0.856
8.141
1.733
0.974
2.88
1.234
3.273
1.5050000000000001
1.788
2.82
3.818
2.945
2.827
4.75
5.872
2.172
14.103
1.451
3.204
1.885
1.103
2.237
1.7
3.823
1.123
1.5170000000000001
3.134
1.69
1.369
1.635
2.103
1.608
1.416
4.409
4.4350000000000005
3.9010000000000002
4.6850000000000005
2.525
3.126
0.8160000000000001
1.58
6.0040000000000004
8.971
3.027
3.99
2.499
3.329
1.455
1.31
2.2680000000000002
2.793
1.565
1.999
2.412
2.96
2.29
1.55
1.6640000000000001
3.7840000000000003
2.017
1.0010000000000001
3.484
4.158
3.095
1.133
1.8820000000000001
1.804
2.947
3.837
1.272
1.1
2.686
1.218
16.237000000000002
2.21
2.194
3.321
1.939
3.763
3.194
3.19
1.859
6.1000000000000005
1.907
6.2700000000000005
5.523
2.957
5.579
4.624
1.227
1.086
1.217
1.217
7.854
2.867
2.157
1.68
9.827
2.179
5.152
1.059
5.94
3.791
1.433
3.2560000000000002
2.307
1.928
1.203
1.274
5.2620000000000005
5.024
1.685
2.001
2.322
4.163
3.33
6.723
1.578
5.273
4.736
9.959
6.306
1.549
2.11
5.748
1.467
2.5180000000000002
1.243
2.2560000000000002
4.8100000000000005
2.574
1.287
1.588
2.923
12.662
1.106
5.011
1.3760000000000001
5.17
1.332
7.846
7.062
1.85
4.466
2.779
1.97
1.448
1.101
1.444
1.305
1.0210000000000001
8.98
2.24
3.06
1.211
1.185
4.996
7.973
2.3850000000000002
8.509
1.3980000000000001
2.363
1.6600000000000001
2.209
2.6830000000000003
7.146
7.224
2.066
1.754
1.035
2.305
5.421
0.812
3.851
1.307
2.028
1.05
2.338
4.191
1.115
2.455
1.174
1.051
1.457
1.452
3.883
1.186
9.769
1.834
3.1
2.9370000000000003
9.065
2.254
1.838
3.3000000000000003
1.862
2.225
4.312
5.679
1.316
13.945
1.668
1.333
2.99
4.258
4.743
2.572
3.524
8.877
1.596
5.621
2.576
3.37
1.5230000000000001
2.9330000000000003
1.655
1.495
5.216
3.335
3.6550000000000002
1.615
1.855
3.3890000000000002
6.654
4.714
1.164
5.247
1.818
4.067
5.213
2.053
2.935
5.643
6.982
2.595
11.933
1.666
2.85
1.221
4.763
2.2560000000000002
0.986
3.13
2.533
0.918
2.111
2.477
1.3760000000000001
5.198
5.245
1.44
0.9530000000000001
1.5130000000000001
2.7800000000000002
1.79
2.375
1.074
1.6540000000000001
1.163
6.336
2.849
4.519
2.045
3.039
5.8870000000000005
5.087
1.495
2.327
1.238
7.019
7.452
1.278
12.184000000000001
1.1
3.499
6.2860000000000005
18.803
1.1300000000000001
1.991
3.5300000000000002
1.548
3.7640000000000002
2.936
1.864
6.843
2.218
2.634
3.237
1.9080000000000001
6.697
1.367
1.748
2.5020000000000002
10.541
2.923
1.709
1.087
3.497
2.186
2.875
1.86
5.604
1.698
1.42
2.0
1.997
3.071
2.302
3.257
1.985
1.0110000000000001
1.5150000000000001
1.595
1.336
2.661
3.152
2.953
1.735
4.6450000000000005
3.884
2.227
2.287
1.5230000000000001
1.429
2.868
3.411
6.348
2.634
3.525
1.432
5.045
6.0840000000000005
3.911
3.25
2.883
1.677
1.367
1.23
2.392
4.0
9.147
2.327
3.447
3.837
1.433
3.146
1.56
0.736
2.662
1.274
2.537
1.43
1.207
4.291
2.141
6.596
3.02
6.382000000000001
2.879
1.933
3.447
3.83
1.938
1.064
1.0150000000000001
2.6750000000000003
2.344
1.782
1.604
2.545
7.748
5.806
4.933
1.374
1.333
2.463
4.041
9.615
1.863
1.0090000000000001
1.786
1.334
1.419
2.089
2.382
2.077
1.035
1.123
1.694
1.504
5.265
1.6320000000000001
1.351
3.102
1.528
3.236
8.795
11.268
16.692
1.346
1.966
2.971
5.814
6.531
1.1480000000000001
2.343
3.416
6.2700000000000005
1.7810000000000001
5.573
3.599
2.134
2.319
2.091
2.259
1.245
3.75
5.586
8.11
1.47
3.856
2.568
6.932
2.733
1.216
3.497
4.343
1.541
1.929
3.232
1.6280000000000001
2.222
4.26
11.016
1.7630000000000001
2.274
2.5
1.737
10.496
4.8100000000000005
7.256
2.049
1.4000000000000001
0.972
2.16
1.5330000000000001
5.323
3.176
4.534
3.265
4.204
3.0700000000000003
2.3970000000000002
5.996
2.35
3.244
1.762
3.221
4.352
1.329
1.828
1.676
2.1670000000000003
2.44
1.067
2.008
1.542
4.825
1.581
3.158
0.936
2.205
1.532
7.053
4.344
1.412
0.986
1.285
1.984
1.622
4.554
1.9100000000000001
1.2750000000000001
1.297
1.579
2.694
1.581
1.5250000000000001
2.72
2.233
1.799
1.103
7.356
6.333
1.242
2.367
1.268
1.963
1.34
3.189
3.9090000000000003
2.124
0.856
2.293
2.498
5.455
2.555
1.937
3.887
1.602
1.754
5.571
1.1500000000000001
1.107
1.58
1.631
2.547
5.357
3.321
1.302
1.887
1.35
6.965
3.696
2.11
2.035
3.584
12.4
3.746
3.103
2.1270000000000002
4.244
1.571
1.812
4.141
1.483
2.4250000000000003
2.3970000000000002
1.742
6.827
3.801
4.018
1.0230000000000001
1.881
2.773
1.467
1.473
1.601
5.615
2.366
2.213
1.485
3.313
7.343
0.8320000000000001
2.588
9.803
3.418
1.432
2.9210000000000003
5.775
4.448
1.838
9.538
1.635
15.5
2.325
1.1320000000000001
1.5290000000000001
2.715
6.992
1.252
1.629
1.236
1.639
4.211
1.965
3.993
3.489
1.463
1.33
0.978
1.401
1.492
1.206
1.17
1.359
2.005
8.290000000000001
0.988
5.01
2.016
2.207
1.7530000000000001
2.118
10.043000000000001
1.5250000000000001
1.41
1.141
1.514
3.273
3.241
2.981
1.824
4.18
1.45
2.232
2.265
1.62
1.584
3.29
3.266
11.339
1.866
3.0140000000000002
3.3930000000000002
1.5130000000000001
4.225
4.389
0.842
2.7600000000000002
1.08
2.9290000000000003
1.7890000000000001
11.314
2.348
7.702
1.319
3.536
1.1460000000000001
1.655
0.883
7.381
3.222
1.741
0.978
5.646
5.815
3.065
1.782
1.819
4.955
1.464
1.331
3.007
2.091
2.314
6.563
2.452
1.1360000000000001
2.16
1.836
1.2650000000000001
2.129
4.389
3.3000000000000003
1.44
2.9090000000000003
1.959
3.7030000000000003
2.898
12.257
1.321
1.179
1.682
2.765
7.606
1.543
1.629
1.951
1.944
2.395
1.429
2.395
2.75
2.773
2.037
5.162
1.363
3.349
1.357
3.6950000000000003
1.252
1.297
24.252
4.825
0.892
1.8940000000000001
1.961
7.172
2.106
2.12
1.718
2.5300000000000002
2.302
4.675
6.614
2.852
15.761000000000001
2.9250000000000003
10.393
1.599
4.256
2.453
3.087
6.588
1.78
7.458
1.6340000000000001
22.404
1.78
0.8240000000000001
2.141
1.6500000000000001
8.907
2.8770000000000002
4.597
1.124
1.324
3.856
1.987
1.3760000000000001
1.2630000000000001
4.965
0.877
1.405
1.77
1.065
1.248
7.0120000000000005
1.6420000000000001
2.396
4.9350000000000005
0.842
11.426
2.291
0.881
1.806
2.406
6.104
1.212
2.896
2.569
1.622
2.7
3.074
1.809
2.0180000000000002
2.573
1.353
4.974
2.101
3.079
2.451
2.1430000000000002
1.171
3.285
2.637
7.933
7.16
1.799
1.734
1.804
2.0260000000000002
18.774
2.91
2.087
1.941
0.982
3.011
1.685
2.086
1.0070000000000001
2.238
2.481
9.446
7.223
1.205
2.975
3.338
4.48
1.193
2.515
2.8890000000000002
1.352
2.11
2.119
3.864
7.328
1.837
16.032
3.839
0.885
6.707
4.3260000000000005
3.307
1.355
1.451
2.2880000000000003
1.373
13.939
5.202
1.123
2.598
3.882
4.259
6.914
1.547
1.744
5.189
2.0420000000000003
12.175
1.893
6.76
1.381
1.288
1.79
0.978
1.114
2.025
1.2650000000000001
2.71
13.404
11.219
1.58
3.291
2.509
3.222
2.571
10.819
2.211
2.428
4.203
2.077
6.84
8.036
1.1340000000000001
2.122
2.111
1.243
1.576
1.831
3.318
4.538
1.946
13.061
5.063
3.128
4.71
3.107
3.4530000000000003
2.769
1.031
3.078
1.479
4.613
4.534
2.2760000000000002
2.702
1.6600000000000001
5.01
2.051
1.721
1.687
1.037
2.5
1.173
2.112
1.465
1.454
1.211
1.851
32.142
0.985
3.894
2.057
4.258
1.602
8.294
1.214
4.928
8.088000000000001
1.354
13.96
1.764
1.068
4.089
1.196
1.064
1.5310000000000001
1.346
1.825
1.244
10.865
1.566
3.237
6.203
1.52
0.895
1.873
1.285
1.287
3.661
1.153
3.289
4.064
2.19
7.8100000000000005
1.874
17.698
3.344
2.475
1.495
2.414
1.8
2.456
1.805
2.102
0.967
7.83
2.274
6.819
1.3
5.974
4.647
1.554
1.363
2.993
2.205
4.045
1.324
2.582
7.136
2.978
1.236
0.972
1.298
1.661
1.485
3.418
2.799
2.281
3.372
2.853
4.773
1.586
1.391
4.656
4.289
1.207
5.793
1.421
0.929
0.929
2.012
2.582
3.321
3.493
3.293
5.736
1.083
1.48
1.895
1.518
1.635
1.982
6.96
2.981
2.358
9.179
3.774
1.8760000000000001
1.343
3.424
2.338
1.169
10.46
4.683
2.862
4.123
2.333
3.5500000000000003
1.981
2.806
2.826
4.021
3.547
3.717
16.892
2.567
1.056
4.124
1.37
2.02
0.743
1.565
1.651
1.01
5.72
1.043
1.3820000000000001
2.785
1.363
2.693
4.618
2.193
11.873000000000001
5.354
2.954
2.863
2.231
4.032
3.189
3.891
1.1420000000000001
3.6430000000000002
1.714
2.009
6.603
3.193
9.807
7.2540000000000004
1.923
4.103
3.181
7.789000000000001
1.768
2.612
1.706
1.797
2.919
2.323
6.178
1.913
0.98
1.223
1.183
2.077
2.075
1.419
2.773
1.323
11.385
2.412
3.335
1.7850000000000001
1.9040000000000001
1.068
0.8220000000000001
1.694
5.003
2.441
3.7640000000000002
1.035
1.812
1.5190000000000001
3.087
1.208
1.647
1.942
4.37
2.0100000000000002
3.843
17.966
2.124
1.389
3.814
1.7750000000000001
1.375
3.762
1.899
13.908
1.815
5.279
2.5020000000000002
4.658
1.0210000000000001
1.1500000000000001
1.367
1.2690000000000001
1.149
1.825
1.383
2.077
3.872
2.483
1.7
0.9460000000000001
2.191
2.086
5.904
5.689
8.305
1.496
1.862
8.981
1.957
3.263
3.394
1.299
1.548
5.105
5.681
2.5460000000000003
2.138
1.118
5.473
2.9050000000000002
6.6080000000000005
1.246
3.712
5.665
3.0140000000000002
4.58
1.6420000000000001
1.096
7.48
1.037
1.863
4.61
1.368
1.431
1.672
2.4090000000000003
2.63
1.516
1.182
2.725
1.6340000000000001
1.968
2.958
3.52
1.151
19.489
5.519
4.937
2.384
2.743
4.833
1.601
3.4330000000000003
8.887
1.883
1.2550000000000001
2.997
1.351
4.055
2.126
19.895
5.788
2.656
1.879
2.3850000000000002
3.153
4.747
1.56
3.448
0.984
1.274
1.012
6.647
1.944
6.515000000000001
2.148
1.171
1.566
6.5920000000000005
2.654
1.238
1.786
3.834
0.871
2.463
6.521
1.971
1.07
3.258
1.167
1.701
1.825
3.2640000000000002
6.368
3.854
1.319
1.305
5.237
1.7870000000000001
1.992
1.216
1.85
2.6790000000000003
2.097
1.974
1.594
4.284
1.808
8.789
1.566
1.102
1.5290000000000001
3.209
3.497
1.587
1.069
1.446
1.732
1.178
4.17
3.849
1.839
4.382
2.177
1.108
5.25
4.207
3.342
3.555
1.313
5.457
1.938
1.153
2.229
3.376
3.561
1.447
1.492
2.2920000000000003
1.998
4.59
1.545
3.638
1.238
3.282
1.834
1.043
2.732
1.178
1.492
7.346
1.179
1.403
13.394
3.972
1.067
3.552
1.554
2.914
1.187
1.756
1.553
0.927
1.79
4.444
6.5920000000000005
1.102
2.567
5.492
1.799
4.48
4.296
19.619
3.017
1.851
1.24
1.073
1.249
2.8890000000000002
4.191
3.072
3.9250000000000003
1.528
3.13
10.187
0.966
1.838
2.024
4.54
1.381
1.094
2.543
1.097
2.104
1.942
2.404
1.801
1.944
3.575
10.368
3.087
1.351
2.29
1.272
2.087
1.6440000000000001
3.876
13.56
3.446
2.117
1.23
1.578
5.785
2.469
2.137
1.546
2.942
3.6510000000000002
1.7870000000000001
1.229
7.539000000000001
2.106
2.176
4.822
5.019
2.0140000000000002
1.177
2.8850000000000002
6.6930000000000005
1.548
5.965
2.814
2.262
1.2790000000000001
1.6580000000000001
11.981
3.838
3.891
1.203
3.094
1.473
17.983
10.683
1.044
3.028
1.55
1.342
4.894
1.106
1.4000000000000001
0.889
10.092
1.304
2.77
2.358
1.191
2.545
2.103
1.996
1.825
1.072
1.711
1.696
8.253
1.993
1.342
2.467
8.56
1.365
3.204
7.71
1.463
1.542
15.0
1.093
2.238
3.727
1.241
2.923
3.056
1.361
1.808
1.871
13.341000000000001
1.7570000000000001
2.932
2.023
3.373
2.979
2.081
2.247
11.394
4.162
3.242
6.55
1.919
1.365
15.367
1.437
1.209
1.539
1.221
17.538
3.5
1.2790000000000001
2.243
8.53
2.907
7.476
1.354
2.806
0.968
2.839
2.254
4.056
1.958
3.886
2.688
2.434
1.75
1.931
3.498
4.981
1.843
10.166
1.26
3.729
8.019
1.127
2.541
2.1350000000000002
1.296
1.571
1.059
1.442
6.277
1.294
3.723
8.227
2.297
2.118
23.685
4.059
2.427
1.544
1.439
1.313
3.482
1.231
2.076
1.2750000000000001
1.034
3.107
6.905
1.367
2.341
7.905
3.509
1.416
1.287
1.6640000000000001
1.682
2.549
8.351
1.861
1.372
4.127
2.6750000000000003
6.4510000000000005
5.8660000000000005
3.8970000000000002
2.329
3.27
1.25
1.75
6.485
1.163
2.898
4.055
3.688
2.055
2.114
2.355
2.533
2.362
1.179
1.437
4.279
1.9060000000000001
3.771
2.669
2.083
14.087
22.643
1.04
2.545
1.5250000000000001
4.279
3.485
8.93
2.399
1.309
1.874
1.292
2.476
2.2600000000000002
2.0060000000000002
2.34
0.993
2.106
2.211
1.946
1.874
2.888
1.173
0.98
2.729
6.321
1.6600000000000001
1.543
6.045
2.607
1.024
2.907
3.133
13.087
2.342
4.174
0.915
2.097
7.602
1.813
5.5120000000000005
1.2730000000000001
5.671
3.362
9.93
1.512
2.967
2.754
1.162
1.5350000000000001
3.06
0.9510000000000001
1.822
0.909
1.593
2.2
1.563
6.022
5.891
5.5840000000000005
1.7850000000000001
1.605
9.256
4.228
2.793
4.621
1.717
1.421
3.3930000000000002
8.745000000000001
2.489
3.189
3.064
5.664
1.166
1.932
6.024
2.481
1.556
1.887
2.6710000000000003
1.3920000000000001
1.941
2.116
1.629
1.8940000000000001
1.832
1.405
1.243
2.039
1.183
1.004
6.636
1.225
2.459
2.878
5.167
1.802
3.2600000000000002
3.356
2.445
14.173
3.242
1.607
4.881
0.861
1.59
3.1590000000000003
1.196
1.352
1.2650000000000001
2.74
1.489
1.978
4.554
2.598
10.955
1.248
2.1590000000000003
3.071
1.315
2.9290000000000003
1.446
2.411
2.099
4.457
0.9590000000000001
1.2750000000000001
1.111
3.786
1.3800000000000001
0.987
3.637
2.495
9.378
1.539
0.921
0.721
3.892
1.788
3.318
3.981
3.9610000000000003
2.9410000000000003
6.872
5.3660000000000005
1.839
1.399
4.006
3.053
3.039
3.0020000000000002
1.434
9.852
1.177
1.985
1.5230000000000001
2.716
9.253
1.033
3.217
2.2680000000000002
7.955
5.865
1.337
2.208
3.229
1.21
6.689
2.872
3.799
0.711
2.215
1.119
3.5460000000000003
3.2720000000000002
1.55
12.096
2.216
4.1690000000000005
7.855
4.056
3.0580000000000003
1.319
1.726
2.222
5.649
1.669
2.5020000000000002
4.796
11.02
0.967
1.52
1.361
1.953
5.72
3.053
1.34
2.285
2.711
4.963
5.322
3.029
7.396
2.91
2.708
1.1380000000000001
18.579
1.326
2.242
1.217
1.7530000000000001
1.958
1.313
5.962
8.405
3.033
2.348
4.141
2.267
4.406
2.826
2.838
1.581
5.923
4.5680000000000005
4.691
1.082
1.9040000000000001
3.299
2.185
4.299
3.872
3.719
3.02
4.248
2.182
4.497
2.747
12.116
9.802
3.8320000000000003
1.784
14.605
3.386
5.271
19.266000000000002
0.8150000000000001
4.8340000000000005
6.518
1.998
3.712
11.456
3.299
2.064
1.469
2.302
1.031
3.883
1.6580000000000001
4.692
2.581
5.952
9.759
2.2920000000000003
3.13
2.194
2.594
2.986
7.3740000000000006
6.082
2.39
1.399
7.361
2.6510000000000002
1.494
2.126
6.353
3.374
16.548000000000002
9.838000000000001
1.458
2.7760000000000002
2.003
9.88
2.716
2.781
5.011
1.429
3.848
0.9530000000000001
2.13
1.9080000000000001
1.633
2.63
3.6590000000000003
1.605
5.908
8.005
1.16
1.82
6.525
1.3960000000000001
1.5130000000000001
3.5820000000000003
1.337
2.124
2.559
1.434
3.074
0.985
1.532
4.724
1.403
1.153
7.333
1.508
3.91
4.835
3.182
10.564
1.45
4.43
1.608
2.918
1.8940000000000001
4.782
3.5460000000000003
1.44
2.051
6.136
4.104
1.306
4.486
1.735
1.305
10.447000000000001
1.285
2.191
2.695
3.214
0.97
1.433
5.224
2.5
3.1270000000000002
3.745
3.158
1.199
1.407
2.35
3.394
1.224
3.727
2.333
6.567
3.697
2.446
2.786
1.357
5.859
1.455
1.881
1.6260000000000001
1.076
3.9370000000000003
2.945
2.935
1.947
2.383
4.282
2.02
3.059
1.778
2.859
1.594
1.599
4.051
3.373
12.963000000000001
2.208
1.6300000000000001
2.584
0.806
1.651
3.567
1.667
3.943
1.47
1.859
2.52
2.071
7.208
4.861
1.678
2.117
1.599
1.95
1.389
0.96
1.0230000000000001
2.215
4.9270000000000005
1.8
4.042
1.078
5.023
1.7510000000000001
10.817
2.331
1.672
6.755
1.213
1.042
4.792
3.233
1.327
1.54
3.551
1.591
2.091
2.36
2.591
1.538
7.146
3.4490000000000003
1.084
4.483
1.327
2.327
1.964
2.267
2.203
2.494
1.8940000000000001
1.881
1.133
1.926
1.431
4.686
8.66
3.44
3.039
1.324
2.299
1.229
1.018
2.704
4.946
2.196
1.54
1.083
5.376
1.5350000000000001
2.364
2.103
2.246
1.4020000000000001
3.654
10.146
1.792
2.828
3.9290000000000003
4.15
1.617
3.001
3.438
2.025
2.85
0.766
2.6790000000000003
1.473
4.315
1.418
2.497
1.443
2.953
5.367
3.548
2.328
1.933
3.114
1.428
1.895
2.191
1.774
5.689
2.97
1.459
3.868
1.218
1.183
10.621
3.72
1.161
2.231
1.044
3.846
1.189
3.755
1.723
1.448
2.196
3.599
1.439
1.393
1.939
2.15
1.094
1.359
1.188
1.985
2.206
2.395
4.881
8.613
2.972
3.685
1.256
0.998
2.265
2.278
2.486
9.64
4.003
2.2800000000000002
0.704
9.331
2.398
1.462
3.012
6.816
1.458
1.301
7.016
8.796
1.899
1.582
2.191
1.653
2.7800000000000002
4.7540000000000004
2.067
1.403
1.187
1.562
1.436
4.976
6.22
2.441
2.888
1.287
1.419
3.206
1.669
0.995
1.841
9.911
2.81
2.824
9.91
1.865
1.516
3.754
4.38
5.652
4.581
2.852
16.547
3.232
4.5520000000000005
1.114
4.913
4.186
1.4040000000000001
1.096
0.858
2.105
3.084
1.059
13.908
4.554
11.479000000000001
2.376
0.731
1.493
2.696
1.718
3.67
2.739
7.0280000000000005
11.252
2.054
0.894
4.346
2.282
1.687
3.484
2.22
3.095
2.384
1.969
2.596
4.218
6.123
21.301000000000002
1.235
2.3040000000000003
1.605
1.571
0.899
2.415
4.511
3.892
5.926
11.468
5.291
3.1710000000000003
6.666
1.554
1.024
2.992
1.736
1.605
1.082
3.632
1.812
2.352
1.881
7.147
6.346
1.983
1.123
2.255
2.331
1.474
4.252
3.238
1.555
1.5150000000000001
3.612
2.342
1.443
1.547
1.576
0.892
1.713
1.661
2.1310000000000002
3.801
2.686
1.895
1.698
5.268
3.419
1.976
4.926
2.097
1.711
2.5460000000000003
4.3420000000000005
1.562
6.666
1.6380000000000001
4.2010000000000005
2.545
2.0060000000000002
1.296
1.541
4.749
2.568
3.327
5.897
1.798
1.283
3.513
7.924
3.9050000000000002
4.103
3.364
3.8320000000000003
16.019000000000002
0.927
1.603
1.219
2.422
3.31
2.004
1.241
3.494
1.237
1.659
1.0110000000000001
4.4030000000000005
2.348
2.594
3.016
1.34
3.98
5.468
2.962
3.842
3.3930000000000002
1.121
0.997
5.553
4.288
2.472
1.28
2.189
2.249
4.708
3.583
10.497
2.342
2.426
1.844
1.774
1.815
4.1530000000000005
2.853
1.415
5.4670000000000005
6.207
1.349
2.241
2.128
5.056
1.42
1.593
1.088
2.31
2.2640000000000002
9.671
1.27
4.897
1.6580000000000001
1.934
1.049
2.009
1.874
1.99
2.117
2.104
0.899
2.059
1.207
1.949
3.587
2.65
2.765
4.132
1.465
3.563
6.582
1.764
2.399
1.197
1.855
1.286
3.1270000000000002
1.431
1.046
2.199
3.837
2.104
2.174
3.3890000000000002
0.996
2.3850000000000002
2.662
2.93
1.173
1.548
4.96
1.556
2.271
6.507000000000001
9.843
2.273
4.124
1.403
1.814
1.8840000000000001
1.813
1.403
23.662
1.28
1.697
4.902
2.622
1.1300000000000001
5.413
1.6420000000000001
2.45
5.329
1.944
1.863
1.69
1.833
3.202
3.072
0.879
1.208
4.08
1.941
4.0200000000000005
2.395
1.762
2.89
2.0260000000000002
4.437
1.434
2.733
3.335
2.048
1.526
2.2800000000000002
3.071
7.295
4.809
4.405
4.9510000000000005
2.152
1.034
1.623
2.802
1.311
3.747
1.532
9.724
2.955
10.202
1.476
3.625
1.506
0.917
1.877
1.051
4.259
1.922
1.183
6.017
2.632
3.065
1.684
1.431
1.37
2.745
1.436
4.045
6.0
1.6300000000000001
3.767
3.293
2.285
1.6260000000000001
4.043
2.582
1.043
2.081
5.457
3.8120000000000003
4.336
3.96
8.558
1.847
2.351
2.003
1.252
1.956
1.1480000000000001
1.596
1.149
1.422
3.168
1.236
1.666
1.098
1.582
1.581
4.452
3.705
1.823
4.162
3.5420000000000003
3.226
8.661
1.754
2.072
2.365
3.914
1.3820000000000001
16.217
3.9130000000000003
2.031
2.403
4.045
3.073
1.705
2.2800000000000002
4.772
2.487
5.892
1.172
1.558
5.75
1.355
10.418000000000001
2.928
1.7850000000000001
1.6440000000000001
1.612
2.267
1.31
7.69
3.161
3.213
15.109
1.576
7.9190000000000005
2.582
0.799
2.483
1.78
1.861
1.046
1.187
1.421
1.818
6.462
2.1390000000000002
1.179
2.577
1.5150000000000001
1.797
6.376
2.962
2.695
5.627
2.5580000000000003
1.346
1.317
2.263
2.505
3.478
3.515
1.234
2.826
3.348
1.945
1.26
1.651
2.299
4.306
5.615
1.5330000000000001
2.316
2.672
3.329
1.803
1.726
1.94
3.5340000000000003
3.591
5.8020000000000005
2.354
2.979
2.6430000000000002
2.153
1.668
1.364
1.426
1.441
1.0090000000000001
1.495
2.263
4.316
2.838
2.989
2.83
1.593
3.08
12.111
2.162
1.342
2.486
2.117
1.368
2.154
2.137
5.4750000000000005
4.515
2.746
1.104
1.711
1.8
4.572
1.359
1.087
2.947
1.67
4.191
1.8800000000000001
3.364
1.027
7.049
2.603
2.108
1.307
1.17
1.303
7.098
5.5200000000000005
2.004
1.9020000000000001
0.804
11.107000000000001
2.765
0.977
2.817
1.87
1.961
2.547
2.954
2.716
1.3
2.119
1.729
1.04
3.36
1.497
1.903
1.835
10.442
1.738
1.6500000000000001
1.471
1.942
5.027
1.293
1.746
10.967
3.879
2.032
2.27
0.8290000000000001
5.9590000000000005
1.18
6.143
2.093
2.313
1.163
5.719
1.488
1.5030000000000001
5.4110000000000005
1.3960000000000001
1.214
1.359
1.408
2.152
2.6
3.479
3.247
1.495
1.862
14.359
0.801
0.922
2.194
17.435
1.615
2.489
1.9160000000000001
12.509
2.492
4.383
1.7910000000000001
1.156
1.32
2.0380000000000003
1.171
1.815
2.097
1.31
9.185
2.1390000000000002
3.746
1.76
2.686
2.165
5.524
16.364
3.081
2.2720000000000002
6.229
1.484
1.479
1.047
1.067
6.662
1.846
1.609
2.735
2.039
2.066
1.973
7.753
1.415
3.962
4.117
3.0700000000000003
1.659
2.303
0.904
3.509
1.383
1.106
4.305
1.357
1.614
2.806
2.11
4.559
1.446
1.669
11.592
11.012
2.4090000000000003
1.445
2.9410000000000003
1.997
2.912
4.55
0.978
2.645
3.8280000000000003
2.49
1.172
6.013
3.352
2.037
1.218
1.02
2.528
1.67
4.844
6.3660000000000005
1.333
3.094
3.0060000000000002
1.569
1.097
6.735
1.238
6.298
1.292
1.611
2.207
4.942
2.29
2.124
6.206
2.936
1.583
1.414
7.2700000000000005
6.988
2.458
1.587
1.233
2.125
15.965
1.166
2.103
1.786
1.1360000000000001
13.122
2.736
0.922
9.201
1.307
9.495000000000001
1.237
1.225
3.097
1.7830000000000001
4.139
1.688
5.033
3.9570000000000003
1.477
2.183
3.337
2.5140000000000002
1.687
4.241
3.8970000000000002
1.669
3.636
1.274
2.128
2.2960000000000003
1.703
4.873
2.656
1.014
1.76
2.105
0.97
2.4170000000000003
1.766
7.228
13.578
1.837
1.722
4.956
3.513
1.284
1.182
2.961
4.843
1.466
6.969
1.35
4.054
13.012
3.269
4.723
2.086
3.1430000000000002
1.485
1.399
1.297
9.885
2.612
6.399
8.476
4.763
3.275
1.797
5.11
1.526
33.994
0.902
2.196
1.673
1.2650000000000001
1.344
1.556
1.579
1.422
2.457
2.8810000000000002
0.995
4.549
2.761
8.157
2.157
1.397
1.084
1.1420000000000001
1.881
2.116
1.836
1.371
1.17
0.9410000000000001
5.356
1.836
3.6630000000000003
11.928
2.608
5.65
3.826
1.669
1.834
2.9210000000000003
1.201
1.315
2.1630000000000003
4.266
4.49
14.226
3.388
2.221
2.765
3.821
3.507
1.168
3.708
1.482
2.5020000000000002
1.127
2.274
1.858
4.452
13.526
1.5070000000000001
1.538
1.678
5.024
1.645
1.418
1.924
5.099
10.503
8.604000000000001
2.076
8.627
5.804
1.837
3.766
3.813
11.681000000000001
1.444
1.035
1.573
8.884
2.116
6.384
1.095
1.247
0.896
1.314
0.965
16.409
1.967
1.235
5.136
1.195
1.696
4.233
2.985
4.298
2.778
3.186
1.252
3.771
2.547
2.6750000000000003
1.258
3.64
1.458
3.916
2.559
2.028
1.293
3.642
2.013
1.489
1.739
1.314
2.0180000000000002
2.6750000000000003
0.976
3.769
7.055
1.859
1.413
1.141
3.9250000000000003
0.844
4.303
0.811
5.0840000000000005
2.825
2.581
2.192
2.34
1.28
9.224
1.618
1.338
0.848
1.206
2.202
1.8760000000000001
1.939
2.722
1.472
1.096
3.111
3.009
1.671
2.988
1.577
1.9120000000000001
11.51
2.203
1.555
8.663
2.098
1.457
3.468
20.726
5.498
1.294
12.781
5.545
3.515
12.639000000000001
2.398
1.961
1.584
2.315
2.213
1.776
1.94
1.272
8.345
2.765
2.456
0.967
1.189
2.067
8.867
1.268
9.108
1.205
1.31
5.862
3.087
5.167
1.545
4.212
9.339
12.368
1.228
1.622
0.799
2.339
4.876
3.427
1.96
1.5170000000000001
1.165
7.627
2.979
4.999
3.211
8.985
1.5090000000000001
2.045
1.5310000000000001
1.272
3.738
1.774
3.113
1.7870000000000001
3.045
7.514
1.145
2.335
3.465
1.813
2.6630000000000003
4.416
35.602000000000004
0.8130000000000001
7.7090000000000005
3.9090000000000003
11.156
2.467
3.593
5.3870000000000005
1.343
1.0190000000000001
1.51
3.763
2.5180000000000002
10.086
8.106
1.0070000000000001
4.737
1.6280000000000001
5.1530000000000005
6.165
2.732
2.713
2.0300000000000002
2.19
8.818
1.323
1.741
2.618
0.876
1.035
1.734
2.12
2.048
2.103
3.338
2.825
2.471
1.52
2.3810000000000002
1.808
1.846
6.317
1.8880000000000001
1.8940000000000001
2.308
5.34
0.934
1.492
1.06
1.137
3.749
3.866
1.852
6.643
7.691
1.86
1.802
1.482
3.761
1.651
3.934
10.327
1.418
0.877
0.976
2.536
2.715
1.448
20.778
1.738
1.116
2.938
2.099
2.3890000000000002
1.799
4.022
9.296
6.365
5.014
5.97
1.497
7.078
1.7550000000000001
1.174
2.875
3.604
2.05
2.473
3.177
1.446
2.177
4.7010000000000005
3.172
1.623
2.111
1.508
6.535
2.898
2.38
4.46
1.79
1.9120000000000001
7.297
2.235
2.505
2.49
2.587
4.801
1.0110000000000001
1.728
1.734
4.33
4.8420000000000005
1.189
2.605
1.9020000000000001
2.074
1.569
1.681
1.17
2.212
5.3260000000000005
6.58
4.392
9.904
2.0300000000000002
3.249
1.5
3.718
8.962
1.698
3.188
12.85
1.494
7.489
4.703
1.7550000000000001
8.873
1.617
3.811
1.461
5.293
5.388
2.574
4.296
2.229
1.239
1.006
1.385
5.375
1.83
2.481
1.677
7.51
5.689
1.469
1.069
0.885
2.078
1.424
1.581
1.452
0.8300000000000001
4.7330000000000005
2.971
1.329
1.448
2.797
1.012
2.697
1.051
1.338
3.822
1.389
15.985000000000001
6.022
2.23
3.686
3.081
1.187
1.679
1.85
2.979
4.799
1.458
1.187
2.591
8.632
1.702
1.666
1.082
2.237
3.593
3.763
1.11
1.2
4.507
3.72
2.465
1.599
4.472
0.9500000000000001
2.082
2.136
2.247
1.306
2.583
2.4170000000000003
1.286
2.5540000000000003
2.083
1.553
2.4
3.576
2.154
1.346
0.987
1.958
1.235
2.254
2.069
2.286
1.096
2.312
2.415
1.109
3.094
2.476
4.219
2.408
2.005
7.5360000000000005
1.363
3.761
2.039
1.657
1.085
7.947
5.64
3.373
0.985
1.43
2.92
5.329
1.689
3.564
4.937
4.006
1.113
2.848
1.336
7.345
1.524
2.615
1.2570000000000001
1.959
1.361
3.096
1.693
3.922
2.088
2.709
2.275
5.9
14.581
2.688
1.807
1.064
1.377
3.118
1.328
0.843
3.303
2.005
1.953
1.162
2.106
3.068
1.307
1.776
1.494
5.148
3.354
0.846
7.348
1.641
1.691
3.294
1.262
1.682
1.1480000000000001
1.349
3.368
3.402
1.117
0.856
3.726
1.282
6.017
8.571
4.774
3.771
1.7570000000000001
11.714
1.758
2.399
1.7610000000000001
1.8860000000000001
2.279
0.992
3.802
1.608
1.975
2.5
1.415
1.641
1.6340000000000001
13.696
1.29
0.977
1.054
2.575
1.283
11.529
3.85
1.3960000000000001
15.583
1.615
11.792
1.42
1.185
1.068
1.472
1.986
3.702
1.195
1.653
5.205
3.742
6.756
3.3810000000000002
2.474
1.9020000000000001
1.483
5.788
4.463
8.866
1.36
2.337
1.365
2.56
1.436
1.958
2.863
7.852
2.402
4.438
1.421
1.887
6.799
4.938
3.145
7.304
1.221
1.343
2.876
1.711
3.3850000000000002
7.564
1.389
0.885
4.352
0.967
2.606
2.007
1.321
1.229
5.136
2.774
20.732
6.5440000000000005
2.32
3.18
3.291
1.502
1.061
0.858
1.431
1.7750000000000001
1.544
1.514
4.267
1.802
1.5290000000000001
1.885
1.696
2.9170000000000003
2.996
1.573
1.166
3.391
1.614
4.265
1.416
4.39
13.056000000000001
41.951
1.706
4.917
2.577
1.3940000000000001
5.155
1.171
1.5170000000000001
2.827
12.707
2.81
1.54
8.297
2.331
1.486
10.291
1.495
6.814
3.3200000000000003
1.565
2.2720000000000002
1.498
3.858
3.317
1.34
16.624
3.587
4.476
2.43
5.312
2.814
1.361
1.186
1.746
4.215
3.3930000000000002
1.468
3.008
7.867
3.852
1.278
2.0060000000000002
2.8770000000000002
3.37
6.356
3.149
13.802
2.498
1.815
1.7870000000000001
0.9540000000000001
9.628
2.337
3.356
2.794
3.165
1.977
7.391
1.559
3.15
9.934000000000001
1.986
2.541
1.936
1.302
1.722
11.831
1.7830000000000001
1.881
1.901
11.847
1.584
0.965
4.404
1.795
1.035
1.0090000000000001
3.615
1.703
1.606
1.362
1.196
7.777
1.151
1.484
3.3120000000000003
1.506
2.3890000000000002
1.8860000000000001
1.475
1.871
2.154
10.241
1.35
5.031
7.183
2.154
1.25
0.983
1.8800000000000001
17.638
3.805
4.026
3.402
1.744
2.0420000000000003
1.564
6.973
1.923
4.813
0.911
1.1520000000000001
2.493
3.452
20.927
1.6500000000000001
1.601
3.322
1.024
2.113
1.7890000000000001
2.188
6.216
1.063
3.4130000000000003
3.787
1.921
2.335
2.599
1.807
1.125
1.6360000000000001
3.806
0.923
1.97
2.602
1.969
3.942
1.326
13.905000000000001
1.131
2.611
1.23
7.397
1.31
6.2940000000000005
6.212
2.661
1.262
5.09
4.471
2.8890000000000002
1.179
7.094
7.84
11.097
0.8170000000000001
1.238
1.96
2.337
2.79
3.817
3.665
1.059
1.063
3.4370000000000003
3.121
1.199
0.998
1.653
3.5140000000000002
2.396
1.482
1.323
6.945
6.968
1.417
3.829
4.841
3.448
1.233
1.504
5.668
3.4170000000000003
1.466
5.603
2.178
1.891
6.198
1.938
3.868
1.173
3.119
17.517
2.976
2.367
2.5
3.08
6.171
20.631
1.964
5.221
0.912
2.324
2.7680000000000002
2.371
1.62
1.056
1.98
1.861
2.908
1.3860000000000001
2.1750000000000003
1.068
2.1550000000000002
2.344
2.137
10.408
2.051
1.45
1.937
1.444
1.314
2.182
1.281
1.682
1.552
1.946
1.6280000000000001
1.07
1.9100000000000001
4.648
3.114
5.3020000000000005
1.8920000000000001
7.377
5.925
2.335
1.661
1.766
1.129
1.831
1.3780000000000001
1.4000000000000001
8.006
3.85
5.53
1.776
1.1260000000000001
4.199
1.097
1.659
1.923
1.3880000000000001
1.242
6.745
10.06
1.5190000000000001
2.05
2.986
3.3810000000000002
1.281
2.305
3.8810000000000002
4.207
3.866
2.23
2.198
1.565
3.208
1.726
2.445
2.093
1.966
8.158
4.44
1.704
5.102
5.421
1.868
0.9470000000000001
8.672
4.061
1.72
1.078
1.7690000000000001
3.291
3.016
10.214
1.732
1.567
2.238
1.74
3.005
1.112
2.765
2.6550000000000002
3.833
10.949
3.805
0.973
1.052
8.143
1.102
4.4030000000000005
8.617
13.226
0.895
4.309
5.824
1.6520000000000001
1.683
1.366
1.456
5.65
1.147
8.169
4.354
0.9410000000000001
2.064
1.375
9.947000000000001
4.67
8.28
1.797
0.855
2.6310000000000002
3.0620000000000003
4.803
4.91
1.143
7.065
3.478
1.322
3.4050000000000002
2.504
1.81
2.217
1.391
1.293
1.851
14.652000000000001
1.139
1.5170000000000001
3.23
1.274
1.701
1.445
2.52
3.052
4.488
1.885
1.462
0.84
2.1390000000000002
1.82
1.226
2.154
1.695
1.085
4.835
3.097
2.24
4.176
4.742
13.965
11.643
2.219
1.111
1.149
2.712
1.426
2.089
1.084
3.244
0.963
1.455
9.935
2.041
1.549
2.985
4.441
2.807
6.91
2.106
5.945
3.1830000000000003
3.343
4.5
2.339
3.477
2.196
2.271
1.55
1.227
1.313
1.994
2.335
8.245000000000001
1.8860000000000001
4.1
1.547
2.361
2.52
6.265000000000001
0.969
5.882000000000001
4.101
7.408
1.73
3.332
2.124
2.044
1.681
1.17
2.152
3.825
2.186
16.274
8.478
1.208
5.0840000000000005
1.461
4.679
1.5210000000000001
1.024
1.609
2.343
1.5190000000000001
1.397
2.008
1.2730000000000001
2.882
2.045
3.061
1.669
11.799
1.16
6.921
1.569
12.485
1.2750000000000001
2.266
5.49
1.747
1.302
1.613
1.52
4.843
1.696
7.463
6.212
3.402
2.097
1.336
1.663
9.129
3.736
3.464
0.901
1.827
3.567
1.172
4.059
6.288
5.05
3.132
2.484
4.257
1.528
5.281
6.397
1.156
5.649
2.906
2.878
1.243
1.5050000000000001
5.732
4.08
1.177
1.6620000000000001
1.385
1.224
1.044
7.833
3.17
1.085
4.4510000000000005
2.301
1.809
1.476
0.964
3.571
1.429
10.751
1.618
1.29
3.197
0.915
6.413
1.948
1.854
2.863
1.2510000000000001
1.456
2.364
1.62
6.07
1.782
2.009
3.531
2.004
8.282
1.915
5.4910000000000005
3.767
1.7590000000000001
1.673
10.829
1.532
3.698
3.231
4.496
0.926
1.6500000000000001
1.556
4.168
2.867
4.05
1.29
3.291
1.786
1.368
1.4040000000000001
1.106
1.389
5.6290000000000004
1.245
2.0340000000000003
19.993000000000002
1.5090000000000001
1.468
2.669
1.179
4.526
2.134
1.641
1.408
4.416
2.58
2.116
2.442
1.344
1.641
1.0210000000000001
1.1460000000000001
2.353
1.889
4.847
2.728
1.829
2.971
1.295
3.301
3.208
3.903
1.183
10.086
2.0140000000000002
3.348
1.857
1.327
1.34
1.972
1.33
2.551
3.335
1.604
3.293
1.1280000000000001
1.67
1.453
1.208
4.131
3.017
2.391
11.623000000000001
7.323
2.169
1.758
1.467
3.911
2.134
1.579
1.996
1.101
1.7770000000000001
7.155
4.493
1.758
11.775
11.743
1.512
1.6600000000000001
4.404
8.456
8.519
1.329
1.808
8.954
1.593
3.544
2.1270000000000002
1.313
1.719
3.346
5.973
1.228
2.6670000000000003
1.47
18.289
1.565
1.061
15.121
1.9140000000000001
1.377
2.312
3.35
4.912
2.216
2.703
4.643
3.37
1.147
2.075
8.479000000000001
5.485
1.0050000000000001
1.77
4.258
2.613
6.272
4.839
1.391
2.201
1.387
1.805
1.173
13.200000000000001
1.609
3.08
1.2590000000000001
3.0420000000000003
1.374
6.966
1.123
1.978
2.08
3.709
2.037
1.145
3.483
3.608
1.285
2.082
1.2750000000000001
1.788
1.4060000000000001
5.728
2.3970000000000002
5.808
2.248
2.775
2.353
5.2170000000000005
0.932
1.944
5.03
1.83
1.315
3.7840000000000003
4.059
3.612
1.204
7.734
6.722
2.593
1.067
1.92
2.001
1.512
1.744
1.44
12.256
0.8300000000000001
1.7770000000000001
1.6
1.673
0.976
2.4250000000000003
4.255
1.3760000000000001
1.967
3.7840000000000003
2.856
2.923
4.7540000000000004
3.337
1.365
8.215
0.8230000000000001
2.431
0.92
8.317
1.698
21.362000000000002
2.364
1.597
5.187
3.072
1.7550000000000001
1.407
2.065
3.105
0.9500000000000001
1.841
3.741
4.167
1.937
2.058
2.1510000000000002
2.312
5.801
14.007
1.1260000000000001
12.448
1.814
8.120000000000001
4.014
3.581
6.7090000000000005
3.056
1.821
1.663
1.1460000000000001
4.743
1.061
2.797
1.408
0.8270000000000001
8.813
5.748
1.154
4.341
2.985
6.731
3.25
2.344
6.314
1.672
1.108
0.844
2.0300000000000002
2.724
1.239
2.259
1.733
2.365
1.506
3.111
5.033
15.06
3.652
4.456
7.19
4.644
3.148
2.0
1.254
2.312
18.792
2.347
1.603
1.941
1.162
1.097
3.396
1.512
17.35
0.93
1.059
1.21
1.559
1.305
3.122
1.282
1.71
6.946
1.264
5.388
6.223
1.861
2.318
2.656
1.352
3.726
1.025
1.16
3.024
2.0380000000000003
2.609
1.042
1.428
2.746
1.959
3.2800000000000002
1.897
1.756
3.398
8.305
1.064
3.641
3.226
1.5130000000000001
1.129
2.882
1.037
1.514
3.365
1.227
1.772
1.54
1.02
11.011000000000001
14.759
1.225
2.335
3.598
6.805
1.322
5.1450000000000005
1.478
2.82
6.12
1.6340000000000001
2.209
4.542
16.153
1.659
1.995
3.106
8.201
1.5170000000000001
8.308
2.285
2.1470000000000002
8.123
1.332
1.464
2.347
1.127
1.201
8.654
0.9400000000000001
2.21
8.311
1.823
2.2760000000000002
1.199
3.231
1.575
1.0130000000000001
1.045
1.998
4.372
1.603
12.997
1.198
5.697
1.218
3.825
1.308
4.698
3.213
5.2330000000000005
4.582
1.373
2.56
3.0700000000000003
0.884
2.058
5.8790000000000004
1.553
1.302
1.151
8.693
1.999
1.457
1.674
5.8790000000000004
1.829
2.337
1.291
4.574
1.75
1.575
1.907
5.3020000000000005
3.59
2.77
3.124
1.6460000000000001
3.051
2.755
8.031
2.4
2.031
0.85
1.348
2.231
2.1470000000000002
3.12
7.712
2.65
1.8920000000000001
6.272
1.566
1.679
1.693
1.9040000000000001
7.989
1.202
2.77
1.151
1.7550000000000001
1.689
1.76
6.652
7.907
2.555
5.266
2.492
4.446
2.939
7.3260000000000005
6.906000000000001
1.185
1.729
2.406
2.541
4.0
2.934
7.207
1.195
2.39
14.109
4.377
11.288
3.1350000000000002
5.918
1.485
4.947
1.7770000000000001
2.838
6.24
1.925
1.546
0.973
1.573
3.785
1.113
1.112
2.13
7.845
1.373
1.47
2.214
5.316
1.792
1.025
3.763
1.7630000000000001
2.033
2.177
2.807
1.357
2.081
2.38
1.709
7.466
3.9610000000000003
5.119
2.5060000000000002
1.575
1.562
4.632
1.32
5.832
4.8020000000000005
4.8790000000000004
2.375
1.772
2.162
1.651
1.965
1.5090000000000001
6.857
9.649000000000001
2.581
0.937
1.725
3.527
4.386
1.3760000000000001
1.492
1.8900000000000001
4.948
1.869
5.6450000000000005
1.744
6.724
5.734
3.357
26.893
5.932
1.368
2.5020000000000002
1.752
8.449
2.462
1.676
2.258
2.257
2.396
1.927
12.918000000000001
1.399
1.5270000000000001
3.024
5.5680000000000005
1.538
1.331
1.948
9.309000000000001
3.54
2.602
1.357
7.522
1.703
6.365
4.9830000000000005
2.081
1.318
2.744
2.447
2.46
1.947
14.27
5.458
1.449
1.35
4.766
1.312
5.436
3.359
4.892
1.027
5.384
1.724
1.408
4.628
2.321
0.9470000000000001
1.047
1.355
2.666
5.032
1.498
21.052
2.965
8.655
1.605
0.933
11.42
1.524
1.298
7.128
1.572
7.43
1.741
4.985
4.082
1.3840000000000001
7.042
2.169
2.0100000000000002
6.143
5.256
1.804
1.358
1.309
3.033
0.984
4.414
5.093
5.0280000000000005
1.7570000000000001
1.607
0.847
2.414
2.906
1.061
3.963
13.876
1.332
11.411
1.728
2.805
1.434
1.72
7.726
0.9460000000000001
1.047
2.043
6.22
1.798
3.02
1.164
8.371
6.55
1.7790000000000001
7.4990000000000006
4.47
4.276
4.619
1.472
3.0420000000000003
11.512
1.367
5.009
2.182
1.309
0.897
2.398
5.33
5.6080000000000005
2.363
1.0050000000000001
1.36
7.301
2.483
2.0300000000000002
4.131
1.551
5.583
2.331
7.014
4.933
1.18
1.037
1.875
0.8280000000000001
1.454
1.029
1.8880000000000001
1.334
29.499000000000002
1.566
2.805
3.217
1.352
1.974
1.951
5.202
2.2840000000000003
1.665
3.124
1.439
1.49
3.974
0.984
1.427
1.2770000000000001
1.322
1.412
5.732
5.438
1.653
1.459
9.166
3.799
1.302
3.7030000000000003
2.629
2.157
2.511
1.0110000000000001
7.479
5.785
1.565
4.031
2.457
2.976
1.544
11.704
9.161
1.336
1.326
2.871
10.038
