Hitting Time
35.123
15.208
13.641
101.27
22.46
352.257
25.715
33.479
14.702
88.104
49.659
32.707
499.999
21.026
24.018
374.63800000000003
20.611
33.671
47.722
114.06700000000001
77.986
19.443
54.002
16.609
18.485
29.368000000000002
258.641
43.029
156.573
19.222
64.718
31.593
33.331
43.158
26.156
21.128
38.476
106.396
24.803
92.718
25.109
57.244
44.912
67.83800000000001
15.341000000000001
44.64
48.887
51.257
16.476
96.328
41.776
25.229
114.351
23.105
123.498
24.553
62.102000000000004
40.274
26.215
52.629
27.412
88.104
499.999
136.775
95.933
141.6
12.196
21.271
21.68
21.588
13.267
41.754
499.999
54.808
112.06700000000001
18.865000000000002
83.32900000000001
38.36
40.413000000000004
46.049
40.413000000000004
18.961000000000002
29.897000000000002
119.432
17.237000000000002
432.03000000000003
10.393
208.409
499.999
23.400000000000002
34.383
23.625
123.33
15.07
32.168
61.239000000000004
27.506
33.34
81.8
18.097
27.679000000000002
60.316
190.263
35.169000000000004
81.372
36.265
79.648
49.313
45.387
102.03
19.983
25.185000000000002
12.738
40.866
105.782
65.121
20.436
121.281
12.338000000000001
146.392
26.342000000000002
176.179
30.094
44.227000000000004
82.267
292.689
203.804
104.078
101.72800000000001
32.838
23.206
114.083
40.574
173.806
57.203
15.404
15.853
109.74000000000001
13.139000000000001
16.941
51.082
219.555
23.122
35.423
382.995
21.036
127.171
21.924
19.525000000000002
180.246
15.913
26.688
68.967
17.048000000000002
16.248
26.115000000000002
31.04
29.467000000000002
241.716
134.93200000000002
56.972
499.999
17.862000000000002
16.316
67.821
17.3
36.564
47.416000000000004
153.67600000000002
19.953
75.871
268.795
30.037
7.896
9.082
28.11
52.985
27.221
42.481
499.999
20.499
66.274
25.046
92.868
143.52700000000002
23.353
99.917
499.999
121.729
20.650000000000002
21.650000000000002
21.471
158.97
117.398
25.78
12.84
25.758
469.408
16.291
94.051
85.392
303.16200000000003
197.553
86.491
25.472
16.578
39.586
14.677
20.261
25.868000000000002
75.354
76.73
7.413
18.842
153.143
19.321
18.272000000000002
45.938
27.665
142.215
267.182
168.129
56.853
11.269
14.595
28.248
190.052
23.171
28.948
26.256
27.851
294.745
16.001
14.454
136.951
107.244
13.598
16.883
28.51
17.704
15.568
65.807
306.98
15.075000000000001
16.443
21.637
499.999
21.768
82.025
34.141
279.29
34.504
36.488
42.277
21.698
20.075
289.58
499.999
40.917
28.467000000000002
59.681000000000004
33.876
46.629
52.327
113.70400000000001
23.715
18.128
27.181
15.883000000000001
35.248
9.021
169.417
46.64
11.415000000000001
24.868000000000002
34.878
68.465
19.002
22.22
110.492
49.509
39.958
9.831
45.315
53.981
14.208
29.028000000000002
18.694
15.137
30.556
24.47
82.352
20.36
33.913000000000004
71.507
26.242
14.054
75.583
116.482
32.942
105.995
18.981
17.162
413.705
18.995
50.116
180.353
39.59
33.373
26.084
89.608
11.353
329.692
40.021
71.025
35.967
24.602
46.454
10.42
16.745
30.891000000000002
121.525
127.24300000000001
55.286
30.687
26.282
46.952
235.803
19.853
499.999
14.101
193.16
15.348
38.062
30.161
95.628
25.731
264.363
100.045
22.655
47.97
14.219
25.583000000000002
11.502
23.316
308.072
71.745
21.968
36.925000000000004
30.888
58.25
36.349000000000004
82.446
148.64000000000001
135.724
32.631
136.183
286.412
41.679
38.823
27.712
51.099000000000004
16.981
60.268
50.277
18.228
499.999
40.844
133.897
22.59
24.972
25.967000000000002
449.57
27.482
48.776
24.148
70.243
34.447
115.48700000000001
374.17
9.992
47.527
87.145
24.363
173.602
32.502
63.937000000000005
22.113
267.139
18.616
45.111000000000004
37.088
30.994
62.951
108.805
22.136
16.03
129.858
96.381
23.176000000000002
28.342000000000002
29.1
28.082
11.745000000000001
19.903
14.958
60.497
312.619
63.722
22.038
11.747
261.351
274.922
39.274
35.24
18.366
36.775
30.462
30.136
25.223
17.421
25.133
27.926000000000002
50.457
17.725
81.746
23.029
25.965
72.106
24.0
23.48
46.924
64.43900000000001
30.823
34.615
209.157
338.219
23.641000000000002
12.691
183.33100000000002
499.999
217.266
499.999
21.341
78.58200000000001
128.686
52.378
34.883
43.473
42.151
46.031
13.245000000000001
260.446
39.92
20.059
24.706
44.478
14.591000000000001
27.174
42.291000000000004
96.745
199.865
134.84
499.999
36.863
51.344
49.953
117.002
240.602
252.752
11.745000000000001
83.418
27.393
48.738
32.355000000000004
14.045
95.158
236.457
127.534
41.072
27.38
61.437000000000005
22.81
154.059
83.679
30.901
51.217
499.999
15.787
20.128
193.388
20.111
32.507
23.831
499.999
24.857
19.41
18.749
40.325
55.332
29.366
79.99
47.241
23.434
27.672
266.8
499.999
36.553
412.345
103.22800000000001
119.307
51.413000000000004
10.266
39.798
23.825
17.704
14.145
32.439
42.803000000000004
32.748
60.394
40.025
244.493
17.395
29.925
50.017
75.09400000000001
62.905
18.876
26.108
499.999
15.69
130.22
291.633
56.218
172.37800000000001
49.233000000000004
27.017
185.149
99.34700000000001
52.787
47.248
27.858
16.003
499.999
50.92
461.372
101.375
28.073
42.401
499.999
21.247
54.727000000000004
61.872
53.298
77.069
144.167
28.517
37.261
18.758
13.31
20.656
23.02
13.083
32.341
86.613
110.156
499.999
79.74
43.266
133.63400000000001
40.986000000000004
24.788
96.60600000000001
92.35300000000001
53.441
14.183
83.639
270.796
23.592
45.878
144.848
173.927
36.127
30.703
30.162
458.985
183.316
34.379
20.815
37.663000000000004
19.263
13.624
81.10000000000001
32.823
11.945
11.16
141.222
122.964
29.87
18.447
54.230000000000004
33.211
39.976
35.329
44.752
32.245
257.307
391.695
22.811
103.21000000000001
65.31
28.653000000000002
17.877
29.103
33.848
23.767
20.411
12.46
6.872
361.553
44.935
53.735
51.426
187.855
124.885
17.259
29.512
214.202
46.813
19.058
38.289
17.553
41.956
71.659
20.95
62.436
50.852000000000004
19.765
360.495
67.468
42.369
27.074
14.802
42.57
51.062
119.416
28.127
31.209
18.62
19.693
19.679000000000002
34.645
46.242000000000004
181.657
20.604
39.275
57.438
121.20100000000001
31.674
24.753
22.861
19.452
129.362
87.20100000000001
52.748
20.694
31.044
9.906
43.198
419.451
43.508
93.95400000000001
331.022
207.77100000000002
13.468
34.461
99.83
22.16
28.904
31.494
48.478
97.305
147.433
102.98400000000001
27.378
46.706
110.027
35.733000000000004
34.927
22.728
53.048
83.58
41.83
48.093
104.265
38.558
8.404
22.661
90.259
14.505
41.344
369.576
50.609
13.622
12.59
17.249
92.69500000000001
14.742
52.459
221.907
44.789
48.213
27.289
138.778
21.904
21.208000000000002
14.632
132.282
20.071
24.311
31.088
37.911
11.832
36.456
33.563
32.937
32.819
52.733000000000004
13.065
23.394000000000002
29.71
15.338000000000001
178.012
20.502
10.149000000000001
24.2
20.375
12.207
85.36
11.13
181.53
17.551000000000002
10.57
16.356
23.403000000000002
60.318
139.504
11.603
25.28
56.051
9.51
65.425
154.083
17.272000000000002
28.899
92.113
28.446
320.846
82.583
21.243000000000002
72.759
248.663
42.109
184.094
39.474000000000004
215.816
13.771
30.657
20.341
25.564
52.817
31.283
88.586
15.843
26.717000000000002
19.567
26.395
271.495
19.62
144.663
65.7
217.04
31.376
34.115
31.523
8.044
14.435
38.829
21.635
65.648
18.762
21.886
109.686
25.184
48.986000000000004
35.597
12.3
275.71500000000003
18.62
20.762
499.999
19.727
29.517
67.435
181.231
29.985
26.400000000000002
17.085
10.836
78.94500000000001
111.23700000000001
111.60900000000001
142.894
183.623
48.639
66.68900000000001
74.485
33.513
23.793
16.005
16.712
130.093
20.012
139.041
56.384
44.492000000000004
85.608
214.475
24.617
77.336
25.098
26.277
30.348
33.152
48.596000000000004
23.398
26.054000000000002
28.695
31.475
16.117
15.647
128.227
30.531000000000002
18.919
25.764
24.754
55.679
60.999
27.938
310.588
66.522
81.379
57.482
32.985
90.44200000000001
59.519
159.708
105.672
31.764
92.72500000000001
73.429
100.202
55.617000000000004
248.541
43.22
34.426
127.949
41.239000000000004
63.966
47.289
22.806
18.058
13.418000000000001
171.427
33.882
76.72800000000001
28.362000000000002
10.888
21.282
499.999
241.958
37.654
19.982
428.998
24.054000000000002
8.365
269.72
17.635
69.149
499.999
112.119
13.029
25.394000000000002
114.093
22.063
181.317
87.303
95.672
120.561
36.566
91.619
200.57
140.014
258.377
29.337
38.504
15.047
10.823
38.547000000000004
17.972
189.02
17.712
18.844
13.054
15.925
87.536
21.957
75.394
499.999
68.098
100.065
19.649
25.456
14.096
36.267
42.947
17.129
36.518
67.659
21.949
28.342000000000002
50.5
60.078
55.516
93.416
16.467
78.202
25.165
103.549
22.986
69.979
72.407
499.999
22.298000000000002
28.005
175.52
57.369
8.219
499.999
32.949
12.68
57.174
87.339
120.908
77.927
17.253
14.200000000000001
13.246
18.436
31.172
46.342
31.325
189.442
29.052
54.713
161.943
31.52
44.024
167.393
63.209
36.111000000000004
74.187
16.104
15.241
33.68
255.40800000000002
26.87
57.214
32.779
167.226
21.805
18.928
13.332
9.82
49.885
10.335
12.662
58.718
181.644
46.219
24.186
20.400000000000002
286.286
53.987
15.231
178.862
81.9
12.097
66.537
39.088
25.132
82.161
14.088000000000001
154.767
108.767
18.775000000000002
12.701
20.568
126.602
30.638
10.383000000000001
41.389
22.895
138.584
86.571
6.808
55.284
479.295
69.756
31.801000000000002
138.041
33.539
33.621
18.357
16.339
367.862
35.778
63.522
15.774000000000001
29.486
22.817
22.592
41.454
194.34
108.49000000000001
224.292
406.772
51.513
8.103
183.382
339.469
32.541000000000004
127.799
21.095
19.203
68.648
10.616
24.122
16.327
8.485
8.415000000000001
36.076
15.071
20.323
346.099
48.668
16.233
22.848
263.146
64.535
224.321
18.524
70.782
22.586000000000002
48.525
26.168
47.262
13.636000000000001
187.286
38.395
30.191
19.276
207.494
18.838
18.403
199.848
134.48
39.343
499.999
499.999
499.999
499.999
23.279
262.629
32.467
60.968
21.372
34.378
14.292
28.312
75.459
55.215
244.22400000000002
499.999
24.921
44.957
220.86100000000002
16.596
58.693
16.571
17.807
12.274000000000001
49.729
30.121000000000002
32.253
55.583
166.217
88.351
381.491
50.505
21.47
25.964000000000002
20.346
51.455
26.807000000000002
108.542
77.171
24.451
13.326
147.876
33.569
31.926000000000002
24.655
37.672000000000004
59.938
37.692
13.798
56.144
36.78
499.999
243.44400000000002
19.524
19.104
46.478
42.568
27.388
23.228
25.998
16.97
27.452
48.964
194.854
41.392
75.52
21.641000000000002
32.365
39.68
193.69
13.772
17.877
499.999
40.779
27.935000000000002
50.79
12.383000000000001
42.807
111.71300000000001
42.300000000000004
18.441
37.707
23.503
19.279
17.521
19.558
23.644000000000002
379.091
142.309
50.654
49.101
156.449
29.589000000000002
33.569
20.333000000000002
35.204
46.867000000000004
33.014
43.08
49.237
9.118
15.624
36.527
74.673
74.29
86.252
19.501
18.039
54.125
499.999
33.275
20.559
30.646
24.328
43.262
50.169000000000004
499.999
16.714
24.541
21.413
23.243000000000002
26.537
368.38
8.656
352.479
31.564
72.037
13.365
26.741
17.808
15.474
231.898
89.998
19.661
58.711
19.156
499.999
48.453
146.859
124.46000000000001
220.33100000000002
26.87
71.929
46.841
105.26
11.944
430.592
144.855
15.085
197.375
414.557
12.274000000000001
51.491
90.995
27.82
342.371
499.999
12.609
18.058
20.688
373.959
28.601
189.359
25.162
269.996
24.921
26.085
29.431
13.894
27.688
20.607
15.069
247.133
19.301000000000002
37.984
33.272
27.888
50.976
471.296
41.842
22.607
24.490000000000002
14.453000000000001
27.784
25.012
49.611000000000004
179.731
19.48
22.335
81.732
56.952
46.228
109.431
14.392
27.515
53.776
30.481
81.23
178.054
74.87
40.103
19.617
41.664
10.957
13.484
219.738
26.939
32.889
82.782
499.999
52.376
205.078
54.261
64.143
33.184
66.179
11.518
79.156
137.748
167.909
269.783
17.134
256.058
12.345
91.889
19.024
224.019
39.518
19.877
182.354
69.375
23.957
11.362
48.592
17.409
199.247
124.895
9.09
11.262
17.73
24.212
19.945
62.708
126.47500000000001
287.279
132.901
118.428
14.967
40.228
44.952
18.728
13.666
17.346
48.033
15.725
14.295
39.856
8.022
26.493000000000002
130.696
37.939
499.999
499.999
59.03
20.696
9.013
66.373
9.31
58.292
57.068
132.439
20.522000000000002
55.395
32.376
16.186
51.431000000000004
21.289
56.415
26.797
60.707
303.276
135.233
18.787
152.43800000000002
28.485
351.117
65.417
43.439
12.434000000000001
48.023
14.693
18.294
101.97200000000001
57.975
74.243
200.715
483.309
32.444
18.652
61.174
143.757
17.75
21.445
32.651
28.080000000000002
42.062
9.943
261.389
59.549
349.235
52.178000000000004
18.783
57.786
26.264
45.597
340.859
51.344
221.37
144.053
22.55
17.03
16.767
22.825
207.666
236.04
52.021
15.653
37.793
46.816
38.574
63.071
202.439
126.794
144.867
44.467
15.606
25.746000000000002
191.535
194.854
9.631
62.997
16.447
21.68
7.071
33.564
29.684
29.839000000000002
125.449
26.013
33.866
191.453
16.588
35.786
139.821
19.464
54.942
20.105
233.359
102.32900000000001
227.71200000000002
353.515
15.063
128.93200000000002
34.449
30.346
46.36
56.719
19.288
18.352
17.981
147.994
480.79200000000003
40.633
34.883
24.516000000000002
13.316
19.456
16.698
40.842
54.08
8.928
10.489
17.662
18.971
27.127
465.178
33.544000000000004
51.048
192.231
35.566
17.833000000000002
32.924
15.306000000000001
33.817
28.704
52.175000000000004
12.418000000000001
53.539
23.715
24.784
27.276
450.98900000000003
21.288
25.872
21.28
90.611
302.53000000000003
418.991
38.623
377.955
35.594
48.355000000000004
411.724
16.196
209.895
29.028000000000002
9.546
35.142
21.547
33.128
98.385
19.022000000000002
499.999
34.803
133.714
36.492
19.643
25.736
151.488
212.38
427.81100000000004
104.767
14.091000000000001
47.536
13.457
155.81900000000002
33.862
38.311
161.096
39.916000000000004
14.617
22.605
499.999
35.305
18.094
80.409
16.347
499.999
37.284
60.67
21.542
37.686
10.32
15.381
128.888
20.884
12.785
499.999
196.285
29.878
44.009
68.57000000000001
11.901
37.559
10.088000000000001
21.98
43.366
28.322
15.887
8.258000000000001
37.413000000000004
113.209
94.12
13.753
43.276
28.27
35.567
13.092
29.666
23.626
141.061
93.276
28.738
45.341
64.653
20.761
94.161
390.16
384.306
13.635
32.383
40.488
39.545
86.444
297.88800000000003
62.849000000000004
167.399
12.685
72.493
144.083
39.107
121.391
144.911
338.794
35.204
10.609
209.624
17.918
21.818
8.96
37.839
19.854
16.017
19.558
10.432
57.637
22.394000000000002
47.714
13.906
51.252
58.179
29.236
37.839
66.65
21.155
16.39
64.505
19.045
97.139
47.794000000000004
44.372
92.744
19.751
40.493
19.249
222.502
33.359
49.085
33.448
72.82300000000001
59.291000000000004
48.069
311.918
36.782000000000004
96.224
39.584
12.375
135.661
15.025
304.674
270.551
49.459
155.409
116.81700000000001
499.999
499.999
26.556
26.025000000000002
499.999
26.936
45.941
57.694
216.32500000000002
25.881
13.845
35.5
22.228
45.986000000000004
51.228
25.768
52.498
54.158
42.985
11.045
35.735
86.839
204.847
166.858
27.997
15.147
84.32300000000001
23.626
23.726
11.454
16.233
16.218
25.798000000000002
78.07300000000001
22.202
136.237
66.122
11.701
24.558
119.129
465.57300000000004
15.153
24.91
11.098
24.274
40.050000000000004
18.741
19.507
26.784
73.86
50.549
14.564
11.341000000000001
27.217000000000002
31.101
338.199
11.413
192.954
499.999
12.077
62.429
121.345
38.345
38.126
21.516000000000002
71.096
38.924
232.312
189.848
33.523
24.105
74.562
29.013
162.43800000000002
66.741
20.26
47.068
99.568
44.021
36.875
78.21300000000001
18.554000000000002
30.236
22.315
21.586000000000002
82.148
16.114
9.841000000000001
15.817
35.753
34.782000000000004
165.14000000000001
77.178
226.983
30.487000000000002
17.22
49.01
16.464
69.895
30.506
8.521
51.273
115.19
236.293
27.319
66.808
89.328
16.4
321.97700000000003
32.459
27.925
19.119
140.517
48.418
79.671
499.999
23.921
28.929000000000002
36.769
14.497
13.691
25.117
23.162
35.658
67.513
14.708
10.146
26.683
499.999
49.276
228.966
195.695
113.694
152.449
22.221
30.181
35.546
44.832
15.013
22.982
15.609
93.941
32.13
46.763
19.907
22.971
151.677
499.999
53.765
146.287
224.834
29.158
144.99
60.539
362.526
27.729
20.402
12.469
18.378
41.713
30.158
198.946
89.879
28.961000000000002
18.532
28.330000000000002
125.34700000000001
499.999
53.464
65.211
10.733
65.633
10.621
32.618
23.04
16.689
15.348
114.167
45.419000000000004
66.249
111.884
257.414
10.573
84.038
39.993
16.281
32.9
66.257
92.289
14.01
16.773
27.088
15.989
37.357
32.958
140.97
17.909
54.555
230.465
147.548
499.999
176.829
43.677
47.522
47.828
238.275
22.891000000000002
8.293000000000001
7.5680000000000005
134.276
40.707
226.203
16.552
75.95700000000001
31.254
16.552
18.896
9.527000000000001
29.973
74.666
57.779
39.173
37.435
16.069
13.397
165.21200000000002
56.408
21.838
82.81
253.288
61.796
43.284
499.999
149.26
222.249
7.6930000000000005
21.392
16.195
32.632
11.211
65.662
73.337
21.694
11.996
16.487000000000002
92.83
186.894
53.19
15.619
57.054
20.863
54.642
36.201
22.861
410.42
62.757
55.017
58.587
15.439
76.796
21.814
28.305
16.719
92.855
32.252
28.52
227.195
19.299
58.808
31.289
300.628
101.124
36.128
17.336000000000002
499.999
65.503
41.39
254.334
87.864
113.616
102.087
34.514
23.666
45.746
18.021
45.660000000000004
499.999
499.999
11.427
32.961
28.241
12.269
32.613
45.016
62.762
206.00900000000001
49.334
124.47800000000001
15.034
13.901
47.278
49.637
12.885
201.57500000000002
13.693
32.266
29.518
100.175
36.698
24.05
15.215
499.999
26.77
12.839
258.486
10.737
32.104
27.165
10.355
80.418
17.944
20.001
24.194
174.584
50.447
499.999
87.062
10.357000000000001
24.567
10.084
12.781
216.674
12.107000000000001
24.293
132.8
499.999
20.490000000000002
104.97200000000001
23.689
264.163
47.754
60.003
45.482
44.433
120.97500000000001
43.174
52.205
167.53900000000002
30.806
41.734
130.428
15.99
147.852
226.538
17.812
36.997
183.36
111.815
24.996000000000002
125.2
231.05100000000002
27.269000000000002
141.552
33.94
17.891000000000002
13.64
499.999
22.857
291.723
486.13
499.999
102.912
19.995
20.281
15.65
237.678
20.791
55.593
45.599000000000004
29.996000000000002
56.491
45.103
85.983
31.814
239.346
37.297000000000004
71.058
23.041
12.764000000000001
28.184
78.727
131.374
54.759
63.021
32.475
72.946
21.229
21.539
198.87800000000001
21.831
37.711
151.373
38.905
28.338
69.82000000000001
78.896
107.35000000000001
95.705
29.687
20.223
16.434
90.681
25.795
34.041000000000004
42.227000000000004
21.224
28.001
15.555
18.955000000000002
24.132
120.641
19.132
36.319
26.011
23.007
31.319
26.553
30.021
90.807
11.454
42.227000000000004
40.643
18.175
41.513
499.999
29.063
14.315
34.111000000000004
60.499
27.319
29.193
111.976
135.043
499.999
20.581
473.317
33.549
360.713
56.293
197.47400000000002
42.214
27.984
21.185
56.973
16.065
12.997
39.858000000000004
35.214
23.575
21.997
19.183
13.002
20.23
18.86
117.645
13.669
138.192
15.780000000000001
44.656
126.632
15.578000000000001
25.341
123.756
42.538000000000004
21.754
36.929
23.239
19.944
499.999
41.543
28.71
37.522
18.203
12.208
39.874
27.265
47.152
38.123
60.544000000000004
56.5
56.859
30.009
89.96900000000001
137.792
17.679000000000002
9.966000000000001
13.290000000000001
48.331
34.379
22.397000000000002
79.804
58.227000000000004
24.067
112.69500000000001
16.865000000000002
16.656
43.233000000000004
8.121
28.761
111.757
70.871
499.999
36.513
43.856
37.515
34.693
18.104
53.796
10.379
499.999
25.417
499.999
155.232
26.614
42.532000000000004
74.95400000000001
40.958
43.617000000000004
27.734
68.702
20.812
92.22
129.498
210.517
18.874
125.655
64.388
71.614
42.207
41.51
29.226
150.537
29.708000000000002
74.284
16.75
9.688
43.133
192.29500000000002
26.238
12.195
56.169000000000004
13.235
17.209
47.737
105.874
10.96
193.94400000000002
40.929
16.57
79.395
68.136
144.578
76.923
23.19
21.073
10.001
60.14
32.660000000000004
237.144
29.514
27.549
17.673000000000002
499.999
10.935
110.668
31.235
10.322000000000001
72.793
37.856
306.117
32.116
50.278
10.113
499.999
26.244
38.354
12.845
13.485
44.452
137.15
238.689
45.924
223.994
20.716
166.004
31.562
18.907
27.423000000000002
191.53
266.872
499.999
9.26
499.999
55.047000000000004
24.288
20.304000000000002
23.899
25.538
25.433
60.687000000000005
23.248
82.834
49.056000000000004
52.226
88.08
24.843
17.515
21.372
148.849
14.633000000000001
70.661
57.656
25.959
42.62
25.647000000000002
17.473
89.241
39.604
18.482
33.423
55.391
35.993
38.954
37.032000000000004
21.456
19.699
58.714
41.316
17.813
95.754
25.13
44.386
95.388
93.602
13.447000000000001
452.743
12.092
354.652
29.595
499.999
19.976
19.863
71.895
414.709
499.999
289.746
22.656
89.242
14.411
44.058
33.103
63.716
20.778
155.718
14.377
83.665
360.348
16.936
143.594
36.604
451.378
99.151
36.321
381.044
17.067
77.09400000000001
26.92
29.35
155.501
18.981
274.289
11.912
57.585
20.522000000000002
153.58
83.476
14.549
129.403
47.226
32.885
26.150000000000002
15.822000000000001
56.43
13.278
22.752
25.798000000000002
59.146
40.892
9.406
32.491
35.128
16.086000000000002
15.951
50.353
21.079
24.87
277.399
41.419000000000004
26.619
80.705
63.196
19.987000000000002
35.106
15.494
202.421
13.609
17.454
48.412
109.869
35.239
58.666000000000004
390.74
19.665
56.633
499.999
38.271
14.128
14.608
31.391000000000002
111.416
18.459
13.06
44.037
15.31
206.61100000000002
181.511
14.909
21.527
13.526
109.327
139.17600000000002
38.671
39.948
131.586
27.795
110.28
14.065
18.813
350.454
31.762
304.716
35.410000000000004
146.622
94.012
36.797000000000004
67.175
121.012
39.655
14.991
36.817
48.377
12.69
26.386
41.533
150.769
51.939
39.488
9.441
22.934
14.225
38.982
22.256
108.256
24.933
63.879
22.353
499.999
28.561
28.445
48.065
68.024
109.657
75.599
60.704
30.951
54.388
21.293
36.638
81.799
49.25
11.671
21.653
15.453000000000001
18.746
26.169
69.58500000000001
499.999
100.072
29.599
72.187
41.227000000000004
110.155
17.654
27.824
27.524
12.028
88.72
30.707
98.663
288.925
20.574
33.851
17.939
16.751
8.822000000000001
55.21
75.94800000000001
36.783
24.091
16.155
8.661
46.668
37.893
10.223
21.674
31.597
23.412
110.771
17.226
23.871000000000002
21.37
237.928
34.903
26.302
39.681
17.637
11.409
42.849000000000004
28.843
31.975
164.868
34.181
91.19
15.257
42.61
35.434
156.608
23.679000000000002
97.014
272.485
78.893
18.150000000000002
14.098
22.76
7.481
349.069
7.7090000000000005
42.792
87.95100000000001
41.94
23.66
16.713
20.05
14.285
198.686
15.148
61.127
35.828
11.859
24.877
37.865
79.83800000000001
83.495
13.099
49.801
152.473
32.108000000000004
23.875
9.625
16.373
23.724
23.246000000000002
9.693
499.999
18.041
66.59100000000001
499.999
31.369
29.847
499.999
44.584
28.655
24.37
45.723
21.927
34.845
360.026
24.764
22.97
18.826
189.058
35.146
14.675
69.264
22.735
32.575
34.746
30.064
39.245
23.316
138.738
26.591
7.973
11.681000000000001
30.165
424.615
23.257
69.605
67.43
16.864
18.91
83.24
13.983
499.999
499.999
23.259
115.96000000000001
164.32
12.079
39.483000000000004
335.091
74.093
36.261
499.999
24.903000000000002
33.368
328.14
114.495
49.252
29.582
18.581
144.52100000000002
19.072
87.614
45.12
21.02
36.228
18.513
499.999
9.204
89.34400000000001
499.999
62.396
16.938
231.03300000000002
21.479
57.196
130.385
89.697
35.328
18.981
120.99600000000001
66.574
112.334
141.785
36.676
32.674
34.543
88.845
36.473
96.063
107.181
127.372
11.482000000000001
48.963
72.14
39.663000000000004
59.300000000000004
23.865000000000002
127.94800000000001
18.131
250.973
80.386
24.136
26.946
21.596
59.568
9.967
162.148
22.006
12.657
35.855000000000004
21.235
121.887
58.079
26.529
316.326
47.407000000000004
31.174
499.999
499.999
58.535000000000004
57.082
21.453
11.339
26.788
33.43
125.76
68.127
24.615000000000002
47.79
32.523
78.19500000000001
284.584
24.41
23.13
61.071
247.818
22.872
43.86
15.341000000000001
32.112
10.669
11.27
42.191
36.347
25.769000000000002
215.61100000000002
10.339
26.747
499.999
115.248
28.046
30.388
12.182
108.19200000000001
18.987000000000002
14.76
134.15
91.132
20.156
58.525
27.353
22.05
134.69
21.248
57.442
87.546
85.683
18.296
71.708
37.476
39.924
118.563
8.486
125.937
29.982
10.484
61.468
143.888
207.911
41.353
48.081
31.494
89.7
39.656
14.815
65.624
14.872
14.451
257.058
132.224
61.489000000000004
293.744
11.06
44.024
80.871
499.999
13.337
63.43
250.491
132.379
40.712
22.211000000000002
12.487
17.059
64.074
17.973
151.517
41.823
25.17
16.105
20.818
444.242
13.561
16.061
28.392
27.765
13.41
50.254
78.293
66.063
113.08500000000001
44.101
25.560000000000002
30.799
32.545
37.249
36.377
24.139
499.999
37.107
36.169000000000004
15.769
119.278
14.541
63.511
18.903
15.001
15.875
30.469
80.552
65.345
10.833
32.874
499.999
67.968
16.715
38.242
63.256
371.675
360.464
24.471
72.93
35.765
11.71
273.735
46.903
33.542
32.326
40.643
98.741
22.158
55.515
36.052
28.908
38.434
93.06700000000001
22.689
17.055
10.672
30.398
43.251
60.667
499.999
26.131
44.188
21.632
364.784
41.133
19.021
74.255
27.338
14.200000000000001
15.192
179.88400000000001
26.845
35.917
30.363
77.447
151.606
50.361000000000004
19.89
499.999
11.895
40.877
25.341
40.39
499.999
38.363
48.333
28.769000000000002
271.773
218.83100000000002
10.529
12.620000000000001
141.68
50.561
47.679
23.595
52.999
380.356
120.85000000000001
29.19
61.858000000000004
39.873
65.995
28.404
11.883000000000001
147.217
119.021
14.747
15.463000000000001
16.019000000000002
19.266000000000002
208.507
302.625
26.976
31.288
32.748
70.58
11.102
33.087
28.901
87.629
29.517
14.671000000000001
35.429
189.106
20.825
47.626
33.972
10.984
340.732
17.712
40.956
22.264
27.573
81.584
61.374
82.863
335.344
64.283
75.132
44.194
29.343
15.066
53.822
94.394
315.931
54.72
155.921
16.469
15.452
34.232
21.43
37.668
151.455
43.474000000000004
65.94200000000001
19.898
42.774
23.065
23.72
107.153
215.38
13.915000000000001
11.138
41.257
32.373
42.194
124.753
19.908
38.012
167.288
87.346
27.081
126.441
8.913
45.4
108.581
111.869
68.97200000000001
22.35
303.293
38.291000000000004
27.484
65.062
18.848
178.276
74.024
182.709
14.769
34.53
39.285000000000004
28.459
33.019
48.515
30.957
9.646
41.967
144.598
27.515
142.901
18.679000000000002
66.13
31.938000000000002
120.412
35.905
95.849
18.38
499.999
304.206
20.826
41.591
21.55
30.52
96.886
208.17000000000002
38.546
12.824
25.655
31.471
19.317
499.999
85.259
31.676000000000002
321.646
32.754
40.584
203.603
499.999
13.585
20.901
10.371
16.085
23.195
9.83
19.993000000000002
16.048000000000002
45.912
13.804
10.669
24.684
12.540000000000001
95.125
105.877
17.224
9.809000000000001
194.448
121.70700000000001
19.582
19.054000000000002
187.735
499.999
30.814
25.947
62.476
28.483
96.507
355.814
18.381
499.999
18.035
33.509
29.053
257.076
32.118
55.798
86.161
40.577
33.194
44.053000000000004
17.194
177.367
10.123
26.27
18.728
12.817
28.582
201.828
27.366
38.332
57.504
25.57
53.02
30.565
89.284
18.001
53.783
28.329
53.396
136.494
63.817
13.71
21.368000000000002
46.428000000000004
50.877
41.398
291.023
29.804000000000002
118.52
24.48
16.785
7.215
63.528
27.929000000000002
142.893
29.124000000000002
37.11
79.747
50.734
23.601
12.519
21.942
193.497
299.125
38.410000000000004
44.998
59.508
27.088
59.39
28.336000000000002
20.793
148.809
15.118
24.725
12.565
111.623
13.096
28.053
499.999
25.684
63.415
28.628
53.725
13.354000000000001
87.34700000000001
64.641
94.293
31.365000000000002
18.686
14.373000000000001
23.149
42.263
12.065
60.008
233.89000000000001
48.989000000000004
19.638
214.17000000000002
42.817
37.832
16.704
64.626
34.08
35.411
20.441
9.892
128.654
49.366
17.798000000000002
15.09
28.271
57.046
362.235
499.999
19.607
159.579
26.695
15.866
499.999
165.026
45.572
30.763
15.158
161.034
13.673
177.692
31.808
38.906
366.081
23.978
13.674
13.871
36.994
16.838
37.348
30.593
456.10900000000004
38.384
73.232
84.822
15.616
33.491
50.83
25.639
114.831
17.351
21.043
22.512
387.201
17.604
239.098
56.082
60.223
70.504
70.104
35.358000000000004
18.786
37.383
71.795
77.712
56.437000000000005
141.227
23.093
28.243000000000002
23.168
144.923
12.843
14.17
31.137
52.886
55.664
57.545
22.094
25.864
69.557
13.474
46.462
11.498000000000001
272.94
49.566
34.721000000000004
24.019000000000002
16.108
63.516
7.11
52.21
64.912
53.005
33.156
29.343
84.143
45.948
21.78
338.237
131.877
25.381
38.545
52.052
69.397
15.548
61.264
30.223
406.889
17.739
29.521
206.96200000000002
59.039
68.555
224.488
22.973
21.245
27.205000000000002
61.402
407.469
61.195
18.605
118.498
112.643
27.652
32.589
30.787
22.240000000000002
22.38
72.909
50.079
15.822000000000001
30.123
52.408
499.999
34.793
408.546
183.107
28.115000000000002
64.368
19.672
21.808
499.999
433.026
8.163
14.839
29.102
93.617
28.073
16.591
14.094
113.468
12.629
32.15
40.591
57.737
20.243000000000002
24.27
43.618
167.476
46.423
26.753
32.999
183.832
24.066
48.892
48.446
38.895
13.1
19.211000000000002
13.26
15.289
82.60000000000001
11.166
25.124
36.998
131.963
13.941
10.949
36.933
206.035
25.134
24.169
20.271
10.071
150.804
50.508
13.648
51.586
28.173000000000002
53.779
45.941
16.877
34.11
23.256
114.793
65.783
19.524
94.538
48.349000000000004
57.832
19.829
263.95
24.757
81.396
20.352
186.84
99.598
250.59900000000002
235.993
17.217
17.139
20.721
35.524
124.11800000000001
15.466000000000001
44.929
44.484
29.846
69.618
359.378
25.579
15.812000000000001
448.149
9.274000000000001
16.539
10.645
16.982
37.733000000000004
260.027
62.858000000000004
9.252
68.849
92.186
268.524
51.71
21.323
41.34
18.71
21.493000000000002
13.342
124.97200000000001
81.622
65.203
48.314
68.898
20.685
40.874
10.412
8.304
25.506
45.37
363.451
177.046
119.306
39.449
499.999
19.555
13.456
30.604
15.401
172.605
122.385
28.655
61.232
80.242
200.859
37.71
11.401
20.307000000000002
22.189
15.052
41.767
37.436
68.913
66.73
15.463000000000001
39.354
97.971
11.114
237.28300000000002
172.68
32.698
91.57600000000001
16.569
14.213000000000001
472.372
359.806
45.948
34.208
18.632
37.289
20.453
116.042
99.164
263.877
14.467
28.483
12.947000000000001
28.753
391.493
71.924
25.740000000000002
88.644
14.393
93.286
11.802
75.868
35.054
12.865
34.591
35.745
9.213000000000001
19.39
55.425000000000004
21.243000000000002
38.422000000000004
22.918
27.846
23.153000000000002
103.883
26.668
62.879
54.885
22.516000000000002
24.211000000000002
407.353
22.759
39.999
107.545
499.999
17.844
18.999
153.761
75.536
21.150000000000002
21.368000000000002
49.379
27.133
23.747
29.063
12.319
62.980000000000004
48.85
345.708
93.639
19.905
162.454
24.988
16.888
13.919
215.55700000000002
20.48
34.792
11.63
80.262
9.942
37.245
25.593
101.242
29.059
21.675
28.356
19.330000000000002
23.215
45.910000000000004
12.316
12.752
60.805
25.416
178.02700000000002
34.749
14.102
38.009
105.081
54.337
38.643
215.631
140.25900000000001
154.362
64.543
113.279
43.234
283.448
64.83500000000001
318.869
30.189
51.326
17.981
13.686
460.981
191.643
17.035
16.359
58.417
110.51
499.999
23.111
83.473
23.995
75.145
484.74
28.427
16.13
57.675000000000004
36.547000000000004
61.106
54.834
102.35900000000001
19.51
27.409
15.25
263.161
66.748
240.973
9.775
26.0
102.684
15.005
31.807000000000002
42.176
25.653000000000002
32.305
29.877
337.99
12.482000000000001
53.243
39.486000000000004
48.435
264.998
23.989
33.727000000000004
16.651
198.123
16.919
22.206
17.52
37.709
31.59
24.399
32.823
51.829
318.11
18.416
40.501
24.796
16.782
29.975
39.913000000000004
10.607000000000001
24.923000000000002
13.236
326.332
90.788
101.83800000000001
15.149000000000001
254.65
243.901
22.764
27.358
499.999
10.312
54.61
17.517
187.583
32.103
431.784
13.719
36.61
31.889
24.153000000000002
71.333
79.96900000000001
154.286
499.999
171.219
118.346
25.09
22.799
48.88
72.425
23.589000000000002
11.309000000000001
10.84
74.331
14.798
499.999
231.727
12.530000000000001
50.975
30.580000000000002
22.742
25.813
113.321
19.325
43.874
60.648
24.07
90.436
187.197
30.284
26.554000000000002
116.62400000000001
56.598
40.497
28.376
40.802
47.732
35.208
66.005
42.103
24.779
77.625
14.442
81.666
119.09400000000001
49.025
29.158
35.06
251.49800000000002
46.154
45.050000000000004
156.079
18.679000000000002
36.098
13.199
105.298
10.922
65.46000000000001
32.324
13.771
425.38
25.761
22.144000000000002
22.558
52.64
51.786
33.487
25.936
19.753
19.373
17.103
18.397000000000002
37.298
8.417
258.394
28.252
42.012
12.419
15.906
58.437000000000005
53.243
13.434000000000001
35.518
12.329
14.789
45.166000000000004
262.606
11.824
33.457
41.647
21.82
20.137
417.41700000000003
39.67
62.972
67.032
15.697000000000001
19.721
55.602000000000004
15.276
16.757
17.518
12.745000000000001
34.298
18.179000000000002
99.305
55.867000000000004
48.529
14.746
18.163
17.181
16.323
59.569
78.121
64.45400000000001
64.82600000000001
101.267
48.343
20.416
78.512
24.438
37.562
54.438
17.013
51.061
20.389
26.07
15.534
40.453
16.332
16.25
71.566
44.495
58.328
27.136
499.999
75.34100000000001
154.441
65.535
168.38
63.182
52.162
15.444
43.936
15.213000000000001
17.368000000000002
42.296
53.283
31.819
130.623
28.353
111.992
21.368000000000002
48.74
499.999
63.833
263.46500000000003
499.999
22.818
461.524
27.654
21.528
31.277
9.202
43.729
146.196
27.214000000000002
16.007
71.408
59.366
12.776
54.619
86.424
67.424
8.726
77.739
19.12
124.031
94.312
49.660000000000004
111.543
78.06700000000001
21.439
19.295
31.555
288.357
35.941
6.82
43.876
120.09100000000001
56.97
19.39
27.013
170.059
91.465
298.73
95.878
144.448
17.185
163.235
18.371
436.879
15.278
19.848
33.776
15.529
98.141
200.865
33.963
113.31
57.308
21.578
35.445
54.652
430.523
35.735
127.387
440.78000000000003
117.901
148.02100000000002
37.991
15.584
499.999
16.909
11.596
31.719
13.042
60.264
21.583000000000002
468.148
18.063
15.043000000000001
17.562
141.17000000000002
56.206
22.438
29.793
70.622
11.167
25.636
17.403
22.986
53.133
16.858
31.177
33.138
29.826
15.314
62.359
17.466
23.686
23.079
17.92
187.335
224.211
77.437
117.962
124.464
63.591
28.102
12.851
15.329
11.159
15.13
33.71
24.848
22.47
33.286
37.151
97.915
131.636
27.619
11.907
101.038
14.078000000000001
17.999
54.619
499.999
17.456
22.295
27.162
40.230000000000004
21.167
132.624
58.051
18.927
44.998
18.106
78.82000000000001
17.811
70.66
499.999
13.384
37.747
27.785
423.437
499.999
19.972
40.995
94.005
9.322000000000001
59.768
17.407
27.445
221.75300000000001
23.157
16.193
38.501
28.475
15.795
61.67
53.466
21.759
17.963
11.277000000000001
136.03300000000002
23.568
40.041000000000004
8.574
36.559
16.421
99.375
11.35
83.96600000000001
277.229
18.836000000000002
39.363
32.508
22.489
20.583000000000002
63.755
62.867000000000004
15.362
89.781
87.09
40.286
262.188
13.468
8.928
35.796
499.999
158.977
23.637
42.995
67.584
19.766000000000002
28.497
41.055
85.641
65.333
23.344
164.463
129.95
20.471
155.27100000000002
32.067
112.054
27.615000000000002
30.938000000000002
172.25
66.001
23.893
33.730000000000004
26.833000000000002
26.284
34.297000000000004
61.615
95.67
89.639
138.453
14.955
18.242
20.368000000000002
51.224000000000004
42.861000000000004
45.942
27.064
55.767
179.389
22.111
51.135
24.892
36.452
13.204
38.854
21.887
18.723
86.24
42.83
16.294
109.21600000000001
12.111
136.998
119.31400000000001
124.07600000000001
39.839
23.941
27.061
499.999
24.192
53.805
37.571
166.291
47.959
96.3
499.999
34.882
18.211000000000002
71.851
16.873
17.347
23.069
53.273
36.886
12.854000000000001
25.701
154.017
13.035
157.114
15.789
77.026
137.374
11.107000000000001
12.723
45.678000000000004
76.19800000000001
38.029
25.923000000000002
9.908
226.654
14.433
43.52
85.171
19.852
45.184
24.985
22.629
96.48
67.539
6.884
21.837
62.752
32.465
115.33200000000001
34.442
18.954
23.475
16.85
14.994
10.654
104.782
14.789
71.359
58.427
22.562
66.182
47.375
56.311
13.136000000000001
40.017
55.225
64.274
9.33
18.449
61.914
68.049
53.093
55.95
11.716000000000001
38.427
361.843
245.60500000000002
41.727000000000004
62.999
45.74
62.02
62.553000000000004
21.458000000000002
441.711
25.62
26.034
223.794
493.17
285.274
63.849000000000004
103.319
17.263
118.489
26.1
77.496
54.968
31.525000000000002
27.483
35.102000000000004
94.584
24.042
499.999
77.138
29.287
130.741
131.969
499.999
19.278
39.203
199.868
30.382
26.009
54.403
59.989000000000004
12.629
18.34
16.482
39.763
116.554
38.245
12.936
44.78
56.889
30.875
28.985
105.44500000000001
103.24000000000001
12.027000000000001
31.342000000000002
499.999
15.779
14.995000000000001
13.293000000000001
37.631
190.823
12.213000000000001
14.586
18.516000000000002
289.758
26.019000000000002
26.526
40.995
43.218
110.162
16.807
17.846
89.242
483.824
44.768
19.571
14.395
27.431
499.999
30.512
13.040000000000001
25.921
78.674
292.529
35.296
19.136
17.785
58.068
18.059
172.42600000000002
222.512
45.806000000000004
66.07300000000001
75.747
16.941
24.073
29.363
499.999
14.359
18.082
21.977
19.904
56.634
17.303
11.587
22.125
32.706
152.302
18.074
92.556
12.039
26.859
499.999
28.02
32.205
17.014
249.88400000000001
181.409
23.535
11.292
46.615
9.058
11.950000000000001
14.748000000000001
22.939
280.964
99.29
20.154
159.657
27.093
499.999
15.691
42.444
12.113
20.490000000000002
24.178
17.573
32.816
20.224
10.805
32.755
126.534
499.999
51.728
12.846
48.227000000000004
45.792
35.414
20.142
45.069
30.674
54.783
224.342
15.273
17.827
17.385
13.061
32.038000000000004
86.846
39.839
10.607000000000001
38.527
22.659
354.663
23.765
69.987
24.025000000000002
46.800000000000004
18.289
499.999
93.592
45.117000000000004
9.424
79.281
43.167
95.791
13.976
12.348
100.235
66.264
8.764
121.172
23.899
70.043
41.152
14.219
28.927
14.524000000000001
21.708000000000002
117.32300000000001
40.844
178.928
47.122
25.252
76.60000000000001
71.17
17.985
73.174
256.403
69.345
223.299
28.791
68.398
161.323
18.240000000000002
15.301
43.807
263.26300000000003
18.192
31.989
113.116
37.427
13.579
16.68
17.647000000000002
45.75
499.999
493.002
29.043
46.086
153.629
499.999
97.046
148.80700000000002
12.813
23.761
79.84700000000001
13.315
99.415
8.485
17.714
66.617
179.485
166.822
335.789
27.75
281.28000000000003
69.435
46.208
18.877
32.065
29.441
30.560000000000002
66.061
19.867
64.983
43.951
78.709
39.974000000000004
129.135
14.192
41.213
9.433
108.991
23.686
11.484
64.303
18.072
27.675
382.336
57.294000000000004
17.492
29.897000000000002
12.832
499.999
26.571
28.239
499.999
52.222
16.474
135.168
26.849
272.289
24.25
43.955
45.96
18.229
41.695
54.015
19.113
21.414
18.306
17.343
499.999
63.239000000000004
14.398
160.291
17.508
132.19
45.574
33.301
15.902000000000001
15.607000000000001
35.881
53.658
13.902000000000001
89.56700000000001
231.711
88.601
73.29
31.516000000000002
21.539
32.194
15.378
6.382000000000001
44.073
304.344
21.299
116.985
37.689
39.421
31.003
29.078
114.325
75.518
90.97
24.022000000000002
23.409
16.5
72.989
24.585
285.52500000000003
71.20700000000001
11.545
129.018
20.242
290.858
93.899
32.59
21.378
14.097
29.706
23.219
102.44500000000001
17.79
499.999
25.583000000000002
12.373000000000001
109.581
35.9
12.394
14.605
33.457
34.25
21.272000000000002
69.301
76.21600000000001
43.042
19.386
46.882
24.281
29.817
11.257
31.363
45.742000000000004
16.56
107.91
142.356
172.447
16.017
117.46000000000001
38.246
45.276
25.874
142.351
26.552
20.322
28.766000000000002
47.565
20.774
63.246
32.12
153.965
134.532
499.999
20.241
21.473
499.999
74.37
218.452
63.178000000000004
109.077
225.138
51.426
48.013
99.691
78.452
27.934
27.687
127.519
58.211
39.241
11.226
45.809
96.767
73.675
16.84
42.694
35.501
25.371000000000002
59.835
39.577
107.497
98.688
370.76300000000003
80.194
26.432000000000002
22.815
58.287
57.917
13.297
91.09400000000001
12.296
12.924
164.999
17.23
30.571
32.51
37.219
499.999
19.758
69.523
51.058
83.673
499.999
13.769
58.172000000000004
47.863
76.684
22.556
8.772
45.551
499.999
11.413
18.629
150.012
33.553
186.28900000000002
15.106
22.466
15.503
27.545
11.761000000000001
26.246000000000002
177.143
27.867
355.068
84.374
77.8
34.871
13.895
499.999
63.772
17.694
50.550000000000004
53.769
499.999
83.991
31.832
90.022
12.857000000000001
198.184
66.026
34.076
16.821
499.999
211.47400000000002
17.94
100.60600000000001
191.833
27.485
86.036
22.411
60.36
165.91400000000002
23.114
61.776
69.159
47.693
48.543
89.456
21.55
28.543
12.073
344.17900000000003
65.706
71.33
13.419
22.761
14.012
499.999
21.0
26.811
12.167
68.57600000000001
347.402
11.543000000000001
96.306
26.536
9.323
14.364
151.89000000000001
25.783
21.11
32.797000000000004
155.953
69.726
19.187
33.237
45.508
159.355
499.999
240.73600000000002
71.535
77.555
17.477
24.198
27.269000000000002
14.765
129.632
44.452
62.92
15.514000000000001
90.562
244.654
62.852000000000004
25.971
25.766000000000002
41.567
20.315
152.671
30.487000000000002
14.907
205.657
82.72
57.953
17.187
30.185000000000002
18.074
276.90500000000003
21.675
100.485
20.27
46.38
12.468
51.003
54.599000000000004
89.73100000000001
37.503
59.879
467.139
18.85
31.681
27.556
167.168
111.605
64.401
29.712
76.72800000000001
39.08
11.358
19.602
8.697000000000001
29.385
12.419
13.917
30.406000000000002
25.766000000000002
151.599
95.351
26.847
33.711
131.073
499.999
21.241
33.878
388.61
12.481
62.493
18.287
119.71000000000001
18.443
16.93
12.911
26.786
33.036
68.263
287.71
29.728
32.492
36.459
37.513
127.96300000000001
17.369
36.807
13.317
94.117
13.116
16.761
28.168
356.90500000000003
18.532
78.435
13.098
31.325
234.608
72.247
42.862
64.295
21.618000000000002
19.977
53.018
14.381
53.78
141.002
265.041
23.962
29.699
18.098
112.801
42.378
290.141
24.853
53.71
98.267
109.931
19.464
31.07
38.257
48.277
19.032
76.051
183.292
36.749
18.639
29.752
15.739
196.237
24.754
55.807
15.145
212.92600000000002
22.459
111.446
171.394
31.591
111.019
124.988
50.565
499.999
286.896
163.846
34.475
27.275000000000002
189.365
35.175000000000004
43.118
15.658
23.3
30.810000000000002
16.685
10.708
47.108000000000004
69.985
15.73
14.977
113.918
12.475
26.246000000000002
37.34
14.282
38.52
100.476
17.177
29.875
32.158
39.848
8.769
19.379
82.346
92.391
39.155
30.339000000000002
197.389
121.17
26.621000000000002
15.421000000000001
81.877
22.081
11.13
47.142
258.113
34.31
175.473
72.583
39.137
62.977000000000004
21.512
38.897
268.838
80.45100000000001
76.97500000000001
104.221
60.742000000000004
22.416
499.999
38.639
85.811
46.696
112.346
12.849
169.77700000000002
47.456
40.705
55.811
54.201
14.944
30.38
11.669
10.808
8.098
103.764
30.094
26.293
51.516
23.517
47.204
26.875
499.999
95.27
33.166000000000004
29.372
21.467
26.727
36.881
108.921
12.958
74.171
25.263
321.093
23.872
11.773
124.909
17.916
162.296
31.583000000000002
174.818
56.683
350.798
72.797
51.803000000000004
51.702
46.539
101.056
171.62
25.473
176.65800000000002
39.165
36.085
163.647
29.354
13.25
27.196
21.763
21.123
10.017
22.175
28.957
95.397
38.414
19.555
397.79900000000004
16.371
25.046
15.117
30.258
24.073
21.215
52.5
152.199
19.864
28.629
49.447
23.694
49.427
26.167
63.116
23.084
11.192
27.422
66.161
46.829
499.999
50.961
32.797000000000004
20.589000000000002
17.585
14.313
59.632
29.04
58.581
15.433
11.056000000000001
27.112000000000002
120.48
13.641
370.755
105.772
17.07
130.15
10.46
98.432
25.482
36.509
30.508
407.324
173.746
14.297
38.299
31.755
23.168
36.667
15.349
113.376
439.187
13.393
110.736
41.103
13.021
32.564
13.743
17.267
12.605
270.531
499.999
12.972
64.979
71.27
24.315
20.832
11.242
84.19200000000001
36.529
57.767
100.178
28.954
11.34
18.401
59.071
36.259
22.174
14.486
150.88400000000001
59.39
28.289
319.437
15.191
47.764
499.999
187.927
27.86
217.717
31.148
143.782
38.82
226.90200000000002
11.641
23.597
57.771
21.859
41.201
273.22700000000003
31.629
8.589
15.335
34.248
32.046
29.310000000000002
18.615000000000002
26.329
11.554
30.509
26.309
37.568
162.69400000000002
8.715
28.637
244.327
17.416
16.198
23.735
171.266
26.191
499.999
66.659
141.916
74.441
48.011
12.41
16.915
48.259
57.51
62.907000000000004
56.924
39.666000000000004
16.668
172.395
30.671
37.65
27.711000000000002
14.622
124.00200000000001
157.243
57.412
15.211
18.724
29.065
60.519
15.659
171.38400000000001
70.456
40.928000000000004
19.322
52.189
39.166000000000004
20.843
40.792
30.718
65.133
31.781000000000002
17.918
14.975
20.951
16.989
27.475
44.389
52.474000000000004
40.435
63.058
34.683
309.969
66.845
26.081
31.782
203.084
116.123
59.496
42.363
21.525000000000002
10.694
31.206
14.962
32.774
85.989
23.999
316.281
75.21900000000001
14.030000000000001
29.671
317.63100000000003
17.165
28.609
62.687000000000005
225.86700000000002
30.52
9.09
13.396
73.32000000000001
14.637
57.974000000000004
17.948
26.822
42.76
460.72200000000004
44.767
182.947
499.999
499.999
113.99300000000001
198.405
12.356
65.023
68.387
49.734
45.759
105.99000000000001
11.987
45.572
22.715
245.138
64.44
33.631
15.635
59.391
8.474
460.077
17.804000000000002
91.264
123.756
59.742000000000004
16.435
499.999
10.66
35.111000000000004
382.721
26.738
466.57300000000004
99.059
27.969
33.348
17.229
25.134
161.87
43.714
28.792
70.88
11.629
24.524
94.813
193.077
33.669000000000004
24.996000000000002
499.999
12.011000000000001
61.976
37.968
247.983
18.747
268.615
43.498
14.598
29.357
499.999
74.157
85.521
19.321
23.547
36.65
17.821
34.482
85.777
23.169
13.441
26.944
11.508000000000001
23.444
23.465
31.412
13.635
40.731
204.417
47.886
29.406000000000002
227.544
8.768
68.549
44.523
9.045
65.553
54.536
15.963000000000001
12.911
333.499
52.404
23.631
99.816
78.027
55.661
21.415
19.57
15.264000000000001
13.248000000000001
105.124
42.018
35.994
96.025
13.385
72.425
16.559
137.364
14.135
17.389
15.311
26.814
127.021
14.911
43.874
16.201
123.04
42.622
29.476
29.62
154.90800000000002
499.999
22.522000000000002
16.048000000000002
18.928
96.86200000000001
31.637
258.095
41.773
21.407
20.438
179.46
13.744
116.635
32.364
19.789
19.079
38.44
71.499
38.741
31.076
23.571
30.625
49.697
12.898
21.515
54.657000000000004
31.853
19.972
14.666
130.26500000000001
17.946
34.887
252.049
25.094
26.749000000000002
138.595
152.113
60.874
87.24
13.991
190.165
90.895
19.347
8.411
13.424
16.281
22.737000000000002
352.984
18.335
72.984
13.098
40.104
24.92
15.943
10.835
32.572
14.291
22.144000000000002
33.995
47.6
78.252
20.669
18.198
48.687
8.929
66.717
21.743000000000002
246.62800000000001
30.206
10.971
41.67
62.725
86.059
499.999
18.32
18.128
31.273
29.580000000000002
20.572
108.811
26.726
386.01
10.599
225.732
15.317
14.706
34.219
33.386
15.842
9.316
27.357
46.528
68.935
342.44100000000003
46.424
157.002
121.922
24.997
33.324
80.01
20.633
239.45000000000002
124.778
17.278
115.641
173.927
13.305
20.219
25.516000000000002
16.814
15.811
203.847
43.551
47.586
49.764
17.634
71.791
30.039
230.18
12.931000000000001
48.858000000000004
104.636
36.61
14.497
10.385
16.042
16.001
111.84700000000001
48.433
18.853
22.742
19.896
11.444
13.19
17.315
12.323
22.823
201.772
87.895
17.607
209.906
43.303000000000004
65.69500000000001
35.557
125.71300000000001
18.813
25.97
21.636
18.347
12.34
16.552
122.648
53.751
393.551
25.765
12.058
288.244
23.47
120.414
46.563
22.195
21.75
30.828
11.802
88.968
224.02
101.614
101.273
43.652
65.272
424.603
55.923
44.041000000000004
281.611
37.828
92.57300000000001
17.864
220.30100000000002
43.342
27.973
65.108
14.405000000000001
64.233
59.554
37.757
18.661
16.382
13.627
34.301
50.369
20.758
27.541
420.755
14.975
27.8
477.43600000000004
30.354
11.437
13.316
499.999
120.12100000000001
21.583000000000002
21.843
18.069
30.937
31.71
100.049
51.02
50.015
33.282000000000004
25.741
39.129
12.11
63.436
230.311
16.858
18.218
63.628
20.054000000000002
29.45
8.405
66.336
46.518
21.076
58.911
183.626
40.363
18.348
19.485
34.304
17.338
42.244
93.328
499.999
14.765
15.297
46.27
85.57300000000001
13.269
36.456
8.559000000000001
325.86
36.63
413.711
86.36
16.714
15.834
35.755
41.953
20.047
19.719
19.488
29.129
44.751
299.354
94.625
308.911
9.623
51.742000000000004
71.739
24.918
13.295
23.134
111.56
198.334
217.996
225.94400000000002
31.384
15.877
499.999
25.634
186.57500000000002
34.174
27.93
10.582
14.829
31.688000000000002
62.231
78.933
49.503
20.189
113.825
49.088
19.503
42.347
99.424
25.135
20.065
68.32900000000001
34.774
63.283
355.293
14.764000000000001
192.15800000000002
26.861
499.999
24.490000000000002
28.219
82.746
27.983
52.519
14.543000000000001
68.584
55.243
145.416
16.651
28.176000000000002
13.639000000000001
23.615000000000002
35.728
38.206
62.493
80.145
34.082
26.138
18.638
40.902
42.539
16.417
25.053
9.768
17.928
24.162
44.918
20.991
74.902
23.306
68.221
38.823
42.055
31.21
85.562
112.395
237.671
35.663000000000004
65.455
56.237
41.353
45.101
499.999
14.283
37.481
499.999
8.912
126.104
34.354
67.682
20.752
50.464
16.792
38.584
25.02
140.67000000000002
38.302
28.215
171.001
28.518
12.261000000000001
22.043
92.246
27.517
25.292
14.891
16.173000000000002
52.199
31.132
29.124000000000002
26.803
64.648
499.999
220.258
35.365
22.662
19.105
17.056
46.847
18.646
69.065
14.806000000000001
38.300000000000004
17.103
21.895
29.509
29.299
200.548
26.239
25.27
9.96
20.629
499.999
26.453
20.598
18.478
62.046
22.548000000000002
49.071
101.929
13.433
23.028000000000002
63.511
81.69
12.583
116.392
36.184
17.568
69.749
56.172000000000004
23.28
207.526
50.323
22.701
16.677
48.231
7.785
103.61500000000001
95.36
107.45
39.425000000000004
17.795
20.769000000000002
27.252
22.591
64.793
65.262
76.322
28.379
34.68
107.503
47.345
20.887
26.994
331.204
57.995000000000005
45.978
12.11
17.95
39.649
11.167
36.39
231.454
86.703
37.386
169.522
25.818
15.02
18.933
59.136
12.554
20.608
13.217
25.47
24.539
359.099
96.924
83.35300000000001
128.228
424.567
499.999
499.999
44.104
35.354
126.34100000000001
14.704
230.38400000000001
45.308
46.273
36.463
19.636
218.6
18.647000000000002
14.992
34.631
103.038
15.803
30.914
131.824
21.397000000000002
24.771
84.102
30.85
269.872
50.417
36.549
51.904
21.836000000000002
120.239
41.543
46.902
70.639
11.234
193.766
261.997
32.044000000000004
95.492
21.742
24.314
491.096
12.328
32.496
48.775
25.077
200.809
247.82500000000002
22.341
58.495000000000005
29.55
69.82600000000001
7.687
24.39
34.498
73.022
17.936
28.783
44.899
40.823
21.484
44.932
15.931000000000001
129.334
27.18
170.501
127.501
155.685
25.964000000000002
499.999
499.999
14.299
116.929
81.833
26.02
22.442
76.537
21.679000000000002
99.922
200.885
42.708
44.282000000000004
19.788
30.924
50.127
68.047
22.527
24.701
330.082
257.009
123.84700000000001
205.363
48.568
51.478
18.63
19.683
26.47
102.044
26.7
32.398
83.068
84.488
11.257
499.999
27.232
11.149000000000001
69.664
113.292
13.13
74.379
54.464
23.908
72.679
33.199
73.651
62.337
207.445
15.608
290.539
19.59
46.073
22.667
87.59100000000001
267.802
499.999
21.490000000000002
39.204
29.283
17.801000000000002
154.613
15.147
51.269
475.902
12.478
14.684000000000001
109.015
220.624
71.587
18.369
30.816
12.934000000000001
21.343
37.034
37.637
154.779
84.424
72.549
39.558
9.481
29.76
427.112
24.482
19.295
54.034
14.419
11.964
37.306
31.707
48.406
47.858000000000004
154.199
16.784
46.633
314.811
18.065
64.306
70.743
16.555
148.372
281.56600000000003
46.271
23.85
480.962
23.348
499.999
298.77
31.788
22.06
125.784
14.335
32.866
52.33
29.977
31.876
39.927
406.355
23.493000000000002
19.049
7.023000000000001
199.109
30.789
19.75
23.478
145.82
36.036
11.415000000000001
24.686
19.212
73.265
431.12
36.125
102.31
7.3790000000000004
62.046
235.833
32.955
194.129
63.537
19.581
46.072
65.426
235.507
20.565
21.501
29.657
119.20700000000001
26.61
47.051
10.272
17.215
22.333000000000002
499.999
13.265
12.094
115.33
20.208000000000002
30.528000000000002
444.342
80.646
24.492
67.114
23.73
35.645
317.871
88.376
45.338
45.635
35.903
390.871
341.916
29.348
289.85200000000003
85.517
56.496
122.98
59.771
28.792
92.94
12.037
74.154
85.11
291.637
24.900000000000002
48.448
36.552
121.754
14.985
16.95
412.868
38.481
82.22800000000001
51.396
11.908
33.156
42.032000000000004
31.861
43.491
50.701
26.478
23.929000000000002
11.454
31.628
77.555
27.136
58.009
17.87
38.104
113.127
11.746
26.737000000000002
75.031
321.27
90.721
44.232
45.221000000000004
17.02
13.876
15.42
43.049
69.544
20.681
33.043
16.256
25.031
12.616
39.848
72.514
88.492
48.205
82.59
285.058
7.2090000000000005
21.145
499.999
22.943
41.109
45.062
30.209
58.653
22.293
30.761
66.69500000000001
31.816
28.918
11.949
20.344
54.644
9.771
82.386
22.89
92.045
499.999
18.148
15.642
18.659
13.373000000000001
246.794
499.999
67.343
15.276
23.145
15.911
41.028
86.265
50.815
285.007
9.370000000000001
298.514
29.6
37.149
181.678
39.38
23.725
17.701
41.538000000000004
39.231
37.586
354.175
64.81400000000001
83.394
17.841
110.845
314.69100000000003
30.147000000000002
22.649
57.638
54.405
21.366
337.169
23.117
12.974
39.466
23.493000000000002
16.631
18.751
42.114000000000004
21.261
53.152
83.053
91.644
210.256
39.626
16.848
20.494
25.902
16.083000000000002
23.937
39.755
14.055
41.512
80.033
21.335
35.611000000000004
20.487000000000002
8.769
304.299
20.576
10.409
81.037
13.213000000000001
17.527
73.001
13.362
19.111
28.606
10.933
33.815
195.046
13.439
30.783
43.74
499.999
59.455
37.047000000000004
123.584
45.228
54.558
34.834
38.244
57.311
15.926
13.555
86.22
18.272000000000002
19.263
13.349
323.648
19.751
15.219000000000001
21.291
28.208000000000002
41.606
35.415
11.669
49.723
31.166
14.323
32.594
13.346
39.405
45.42
28.32
15.188
19.497
34.425000000000004
499.999
19.664
15.52
62.057
31.916
18.957
25.948
23.489
88.543
20.522000000000002
20.446
8.009
65.683
13.945
15.217
21.334
28.566
19.365000000000002
245.995
32.695
26.182000000000002
8.135
11.559000000000001
29.474
85.44
96.186
30.758
15.790000000000001
151.51500000000001
340.67
144.782
32.625
16.881
30.474
155.216
30.717000000000002
39.033
28.371000000000002
316.029
66.35
70.887
459.486
15.994
26.016000000000002
72.06700000000001
17.893
51.599000000000004
37.247
17.011
29.129
22.631
22.362000000000002
105.283
20.903
30.092000000000002
30.224
499.999
136.552
54.27
12.452
204.336
84.754
11.691
80.033
37.802
16.377
429.337
225.108
495.009
17.564
36.297000000000004
51.499
28.237000000000002
92.82600000000001
17.343
47.572
14.562000000000001
25.411
9.861
68.417
36.222
35.685
196.38
39.375
49.192
30.92
56.601
199.451
132.894
19.18
14.388
83.819
72.91
165.703
34.397
278.633
22.558
11.994
10.58
18.056
37.228
499.999
72.197
17.386
19.516000000000002
7.663
68.377
20.188
17.400000000000002
10.273
12.042
100.31700000000001
24.093
35.218
21.712
20.387
14.208
92.311
96.98700000000001
29.242
17.756
54.373000000000005
32.391
98.973
23.071
318.832
11.446
257.098
25.439
82.071
55.029
10.826
98.002
18.76
23.923000000000002
18.848
47.274
60.124
22.437
21.315
35.429
24.739
16.249
79.22200000000001
145.40800000000002
17.526
55.304
58.182
43.955
8.414
24.496000000000002
16.346
60.58
22.804000000000002
43.323
91.732
56.872
63.018
27.576
217.863
53.74
30.714000000000002
118.409
222.346
215.213
107.905
499.999
11.079
26.032
38.588
20.567
26.091
12.384
38.96
39.615
217.909
18.91
23.051000000000002
28.423000000000002
61.257
19.73
417.228
13.372
499.999
9.483
31.255
13.054
499.999
45.07
36.122
52.538000000000004
28.742
129.351
19.834
27.44
499.999
25.447
16.477
102.292
18.847
49.068
81.473
31.397000000000002
20.944
14.412
24.426000000000002
18.084
33.375
30.958000000000002
81.056
53.622
17.024
56.92
86.525
21.92
10.884
45.039
32.08
54.071
40.632
12.265
55.870000000000005
499.999
8.206
10.876
255.912
11.069
18.784
30.009
36.836
17.824
24.945
112.788
8.651
226.43200000000002
33.788000000000004
29.223
98.811
38.352000000000004
169.053
30.129
38.015
20.751
499.999
66.147
333.199
137.581
32.074
30.559
32.805
71.44500000000001
40.842
28.864
499.999
68.583
13.42
17.254
252.022
48.981
17.634
90.619
34.928
63.873000000000005
66.737
13.96
84.748
249.90800000000002
241.917
80.58500000000001
46.378
108.652
49.455
22.192
21.138
121.46300000000001
11.192
35.156
259.717
348.063
23.343
14.367
15.187000000000001
16.355
67.583
19.077
12.595
55.238
28.046
32.103
8.852
24.88
48.527
40.117
53.953
78.265
51.327
16.027
499.999
115.384
11.509
33.384
155.922
42.338
19.966
35.868
10.597
102.97500000000001
67.889
27.606
15.299
51.391
242.038
16.097
16.871
24.243000000000002
30.897000000000002
104.559
72.543
499.999
10.837
14.195
16.665
108.194
21.777
36.988
75.459
284.992
427.171
137.764
23.903000000000002
50.105000000000004
55.376
28.367
175.945
17.204
15.075000000000001
32.869
47.474000000000004
43.357
43.529
82.06700000000001
94.092
19.359
9.041
36.257
499.999
19.928
262.87600000000003
13.005
31.73
21.592
18.251
32.926
17.264
14.378
45.981
85.297
180.89600000000002
21.899
31.2
18.047
11.168000000000001
467.012
23.525000000000002
77.256
77.015
61.826
16.648
82.114
156.30700000000002
36.284
23.544
22.13
39.772
45.53
17.612000000000002
182.305
96.46600000000001
139.334
33.782000000000004
41.801
76.07300000000001
93.744
37.27
34.36
19.359
35.002
27.619
86.768
14.996
17.147000000000002
19.054000000000002
28.482
22.19
58.292
19.236
79.69
35.391
67.61
10.675
41.928000000000004
85.243
25.158
18.971
13.776
45.18
34.094
19.699
73.013
308.219
53.784
30.157
7.683
224.648
37.88
41.328
75.831
175.019
12.305
18.793
102.255
64.089
26.8
89.18
31.446
55.61
185.46200000000002
59.889
16.877
155.648
59.373000000000005
11.272
23.926000000000002
29.856
44.924
10.629
21.415
54.574
125.807
8.648
31.567
28.683
76.979
384.493
76.645
45.973
28.73
41.138
44.334
8.999
132.876
20.107
21.378
87.105
20.262
15.71
40.376
203.339
67.611
20.527
27.988
84.644
24.021
16.053
40.256
13.942
26.993000000000002
31.572
10.512
340.73900000000003
91.773
16.528
24.902
24.488
31.888
11.39
54.737
11.084
27.654
23.592
26.876
153.879
183.47400000000002
22.892
80.116
40.297000000000004
93.23700000000001
61.182
13.01
499.999
37.946
24.856
83.887
9.375
29.335
77.868
170.645
62.691
97.949
107.406
10.089
27.888
192.693
14.222
85.415
499.999
10.946
21.107
28.777
22.684
165.336
19.852
25.518
42.837
20.041
44.808
31.998
62.34
53.803000000000004
13.782
457.178
21.902
13.616
64.349
94.224
195.115
129.465
140.353
499.999
200.362
23.765
18.336000000000002
31.333000000000002
43.626
14.133000000000001
18.094
22.312
229.477
327.692
383.92
39.291000000000004
53.74
29.771
22.982
454.558
30.211000000000002
36.6
11.435
30.717000000000002
22.73
34.601
132.618
24.594
59.757
499.999
29.63
155.576
23.234
97.039
37.532000000000004
29.535
30.337
27.622
149.342
27.552
87.99
13.023
31.503
15.536
26.416
15.057
24.458000000000002
23.712
499.999
446.88
57.491
19.826
29.063
23.04
16.039
15.11
176.461
26.756
15.573
77.658
37.285000000000004
19.197
30.141000000000002
18.351
15.062000000000001
79.517
40.005
10.992
80.203
33.617
60.758
64.842
32.132
200.891
176.901
99.12
20.636
16.204
10.96
334.26300000000003
165.12800000000001
228.64600000000002
69.477
30.278000000000002
61.321
42.413000000000004
40.0
64.059
37.045
43.534
81.362
49.044000000000004
167.639
22.647000000000002
68.34100000000001
55.499
51.018
125.416
66.032
95.772
26.953
25.205000000000002
135.752
339.874
67.84400000000001
19.925
18.18
81.072
421.26800000000003
11.202
48.573
15.327
437.003
108.117
13.253
34.895
64.098
91.649
25.981
21.965
48.925000000000004
499.999
25.015
35.179
32.462
22.309
61.136
25.007
57.1
61.563
40.004
43.800000000000004
27.245
114.568
22.864
24.597
31.884
38.64
94.453
54.257
40.050000000000004
58.577
70.384
48.566
13.634
499.999
54.803000000000004
26.265
155.14000000000001
20.375
26.287
33.665
54.982
26.033
57.644
42.832
30.008
18.635
47.410000000000004
29.155
13.889000000000001
14.021
14.445
36.627
19.134
72.584
47.561
47.533
59.924
60.663000000000004
21.308
108.019
135.159
12.155000000000001
134.169
22.169
59.018
19.068
29.357
27.455000000000002
499.999
118.006
158.93800000000002
30.402
88.44800000000001
499.999
355.117
17.995
120.21900000000001
15.318
18.918
21.343
51.29
20.31
155.084
46.96
175.01
32.512
31.671
45.097
10.312
106.38
159.43800000000002
32.02
9.57
29.765
15.387
37.539
77.473
53.837
34.343
20.238
26.773
85.298
22.591
33.034
73.934
36.106
34.169000000000004
14.696
62.769
40.686
37.544000000000004
181.641
21.373
52.995000000000005
35.135
20.835
18.415
71.642
499.999
23.741
26.036
13.38
308.889
12.817
77.604
21.943
133.291
57.487
22.652
52.938
31.677
36.676
166.025
51.611000000000004
23.971
13.032
34.300000000000004
18.375
29.642
30.278000000000002
58.525
19.473
19.339
50.287
32.735
166.696
499.999
19.033
47.716
28.038
32.626
32.033
22.385
54.326
116.927
44.753
58.162
233.517
210.115
17.588
152.988
37.412
499.999
8.025
247.603
30.614
13.373000000000001
58.855000000000004
12.77
29.965
22.172
231.226
62.724000000000004
18.086000000000002
71.735
39.034
11.325000000000001
42.050000000000004
19.768
38.845
134.873
17.234
67.398
499.999
499.999
133.72
89.33
42.275
47.533
263.052
73.641
499.999
18.202
37.938
278.735
16.706
28.551000000000002
81.158
67.276
10.708
498.10200000000003
39.778
124.973
64.727
67.993
285.924
122.796
14.826
23.966
20.209
23.058
29.521
20.112000000000002
28.885
242.467
12.717
21.497
19.582
9.69
58.377
152.446
59.042
13.703
50.774
223.888
52.161
473.646
87.63
138.784
77.82600000000001
61.523
40.639
88.426
46.481
29.076
35.467
23.937
52.652
62.36
57.949
41.749
39.703
23.501
59.800000000000004
16.354
21.536
169.836
9.618
78.827
17.102
211.579
15.435
54.581
14.596
16.525
24.829
99.019
13.763
24.715
26.298000000000002
8.473
12.756
24.328
90.699
18.893
413.957
17.063
25.565
92.193
47.684
183.412
55.011
38.36
26.871000000000002
49.034
51.722
62.139
48.34
26.958000000000002
26.082
302.397
20.37
257.607
18.662
119.06700000000001
255.386
15.069
16.552
200.086
499.999
35.229
47.429
40.461
15.281
54.811
13.417
49.975
29.132
30.948
33.023
490.872
17.596
44.534
193.118
32.273
35.01
32.963
52.730000000000004
22.452
21.905
70.603
142.106
13.901
26.647000000000002
117.298
46.333
94.528
31.282
13.733
30.065
27.64
37.826
67.255
56.412
12.504
119.563
21.072
138.161
29.001
88.151
291.64
81.29
105.697
30.255
16.597
101.792
12.483
192.09900000000002
499.999
17.362000000000002
41.664
41.594
121.48100000000001
21.413
83.462
23.623
119.52
26.777
13.167
24.061
24.498
37.805
25.09
22.394000000000002
499.999
30.646
24.786
37.344
24.141000000000002
20.726
14.819
31.291
46.262
10.629
499.999
334.337
23.136
40.923
23.382
11.064
27.605
25.693
11.959
22.844
15.845
37.563
149.986
181.973
18.761
180.639
18.273
13.166
10.6
111.426
42.333
27.456
14.297
20.456
43.706
23.895
172.576
87.11
52.84
9.953
95.078
41.089
16.923000000000002
24.522000000000002
30.814
50.476
499.999
34.461
40.791000000000004
25.718
19.645
27.459
26.006
28.984
423.883
362.041
13.700000000000001
17.053
10.314
25.956
252.62
75.97200000000001
89.635
46.047000000000004
86.507
22.496000000000002
12.379
50.892
47.809
23.257
28.267
15.216000000000001
48.749
12.464
33.973
24.649
16.774
499.999
41.26
19.059
30.080000000000002
65.486
499.368
12.483
499.999
42.554
181.88
23.876
453.579
478.284
28.893
43.552
29.740000000000002
227.776
10.585
29.709
18.618000000000002
29.819
178.799
133.791
11.548
31.842000000000002
44.347
197.663
145.505
32.427
10.437
156.882
117.941
153.256
19.151
44.300000000000004
21.215
16.658
81.859
31.176000000000002
17.904
28.842000000000002
20.514
30.538
17.947
112.47
328.937
23.198
31.592000000000002
61.599000000000004
8.083
12.725
20.803
78.256
17.281
37.515
403.611
15.502
24.464000000000002
73.06400000000001
22.19
43.491
49.291000000000004
50.275
19.457
18.366
499.999
51.564
11.35
41.945
22.318
19.997
15.502
171.487
23.404
18.293
28.166
34.218
30.358
59.307
9.929
52.742000000000004
38.527
38.366
19.158
16.706
499.999
69.674
22.51
96.69200000000001
274.382
28.48
118.82000000000001
57.439
24.814
59.293
84.77
14.51
25.358
13.289
15.381
90.686
36.923
268.991
33.279
77.577
62.027
8.069
25.282
268.662
17.791
35.284
76.82000000000001
57.648
119.041
21.057000000000002
23.656
36.757
17.801000000000002
41.955
9.289
499.999
41.835
20.022000000000002
22.058
225.853
56.93
17.274
59.868
37.471000000000004
111.333
39.745
18.056
17.34
124.461
54.358000000000004
19.62
39.135
196.434
53.725
44.78
18.653
11.604000000000001
184.372
54.473
50.803000000000004
20.979
11.99
27.962
13.834
44.18
101.41
44.424
22.979
54.996
14.725
25.798000000000002
19.376
52.321
9.468
30.094
22.288
131.349
43.944
27.938
34.536
11.396
327.704
74.19
133.75
41.859
11.378
47.579
22.45
17.945
13.385
19.537
56.654
10.205
60.991
37.38
18.302
59.227000000000004
69.199
12.995000000000001
20.18
62.550000000000004
90.19800000000001
82.846
26.423000000000002
20.613
49.427
49.898
40.959
41.562
48.937
13.231
216.868
30.366
13.344
15.972
330.07
46.813
136.483
41.92
30.957
29.916
41.217
291.486
18.313
128.969
18.072
200.111
21.792
26.815
39.405
136.922
19.359
12.325000000000001
29.116
92.29
24.79
11.359
37.638
33.62
15.589
65.737
31.058
13.795
148.017
357.307
21.152
16.218
7.908
85.057
17.148
47.327
33.446
31.692
76.995
26.431
36.689
291.458
295.139
39.693
108.772
169.605
14.568
18.269000000000002
40.584
22.673000000000002
93.855
313.392
27.17
61.662
31.060000000000002
24.95
127.654
33.016
136.69
14.81
71.244
13.891
166.64600000000002
74.075
499.999
17.627
40.637
18.508
13.098
55.603
32.982
499.999
13.72
22.717
17.033
34.295
28.933
45.868
60.411
99.93900000000001
40.204
51.551
9.639
20.396
39.933
10.870000000000001
79.355
16.368000000000002
97.352
16.706
25.301000000000002
24.69
241.385
13.913
33.795
22.828
16.964
23.580000000000002
40.434
334.31
147.237
33.406
499.999
499.999
31.842000000000002
47.157000000000004
12.307
38.405
21.192
10.416
95.49
80.363
16.518
236.428
12.4
21.231
299.17900000000003
13.843
22.013
28.239
28.696
40.25
18.12
61.627
41.831
87.363
17.451
27.796
24.727
499.999
35.943
11.881
58.642
21.125
25.663
108.429
29.245
19.218
88.32300000000001
182.622
28.766000000000002
127.029
146.41400000000002
11.621
499.999
61.332
30.819
13.323
181.173
8.617
95.812
60.841
10.574
155.998
11.763
9.939
59.644
84.718
17.34
15.283
75.274
17.32
147.65800000000002
18.187
28.844
116.72200000000001
214.764
26.959
62.426
31.89
499.999
231.34300000000002
18.138
14.674
30.785
15.182
18.879
63.037
187.046
28.26
461.399
307.998
19.232
192.531
13.994
84.909
28.819
26.166
388.641
42.325
37.016
103.381
437.117
40.664
35.733000000000004
17.804000000000002
10.708
19.165
17.889
147.797
47.084
14.977
117.437
15.629
17.195
16.348
12.63
19.826
33.167
120.167
15.649000000000001
12.618
426.772
18.557000000000002
54.13
44.455
39.304
154.362
27.773
40.114000000000004
22.521
26.316
22.814
195.416
25.163
13.369
10.338000000000001
27.113
11.704
33.905
25.102
24.452
37.06
18.37
36.208
27.689
54.81
19.775000000000002
39.265
90.91
98.799
23.414
61.248000000000005
344.499
457.89300000000003
499.999
56.749
23.045
32.716
23.057000000000002
79.602
211.821
17.54
11.11
178.553
16.615000000000002
96.73700000000001
27.6
499.999
236.653
15.019
14.141
44.053000000000004
45.975
31.431
42.492000000000004
13.713000000000001
205.151
499.999
18.562
80.729
12.583
499.999
499.999
36.753
90.162
370.65000000000003
67.468
17.543
24.131
13.372
34.531
15.921000000000001
100.846
19.392
29.159
40.834
192.506
9.247
42.526
84.421
25.414
115.033
93.373
22.129
31.587
26.985
25.441
499.999
30.382
83.618
12.344
56.961
108.519
16.939
499.999
16.239
333.059
14.36
40.929
137.496
13.635
24.248
28.816
19.701
21.054000000000002
15.518
17.525000000000002
22.023
30.62
17.109
38.238
45.226
11.040000000000001
308.106
33.694
155.178
176.251
88.05
20.741
24.376
35.957
160.949
35.017
475.772
81.699
14.979000000000001
31.012
20.112000000000002
139.961
45.847
40.874
25.856
23.476
107.128
13.808
22.525000000000002
20.86
182.436
55.691
15.432
131.25
291.206
28.468
9.414
15.589
499.999
127.516
34.62
220.899
94.769
21.915
499.999
74.665
53.545
35.148
124.768
48.99
16.282
72.521
53.018
65.226
33.004
11.785
285.959
78.455
52.294000000000004
84.477
39.378
36.517
13.555
18.245
39.11
22.82
8.643
183.544
33.209
14.801
32.548
10.36
50.498
30.54
32.778
26.019000000000002
22.656
19.453
77.705
70.157
88.94800000000001
32.973
21.591
20.829
29.561
46.556000000000004
61.039
23.207
113.771
19.580000000000002
64.464
24.816
22.211000000000002
141.201
25.662
36.730000000000004
18.857
38.652
38.868
11.232000000000001
10.63
85.161
31.009
57.718
136.072
26.026
25.616
212.647
77.441
21.27
157.096
17.644000000000002
8.967
62.341
30.189
97.396
17.955000000000002
35.273
262.635
52.831
165.207
21.447
194.35
30.042
48.230000000000004
499.999
109.999
13.266
27.11
160.356
21.196
13.363
15.412
102.559
148.423
153.558
155.296
24.36
15.797
193.205
56.057
13.068
363.277
94.851
10.585
53.258
408.146
16.563
34.233000000000004
22.755
34.489
99.97800000000001
54.486000000000004
18.236
24.026
18.342
46.956
197.341
30.955000000000002
52.767
165.949
19.882
99.331
25.886
24.447
16.767
59.939
12.063
29.979
348.312
34.194
100.624
163.275
8.407
33.841
26.478
35.361000000000004
21.518
13.728
15.962
28.252
19.853
98.11500000000001
25.614
68.413
35.812
55.686
12.479000000000001
201.65
10.764
28.855
21.724
36.882
9.187
18.389
187.921
49.484
34.576
58.909
13.003
368.011
23.178
35.552
360.92
186.973
19.091
31.496000000000002
11.912
217.672
161.362
74.168
55.899
13.615
64.369
14.881
411.692
103.714
21.092
29.096
33.134
23.578
249.386
499.999
27.755
28.189
52.034
40.025
103.038
94.70100000000001
89.125
456.80400000000003
101.786
130.484
37.813
186.231
18.175
39.269
24.54
27.349
19.526
17.854
20.662
68.127
16.25
19.382
393.067
24.478
25.573
113.989
77.133
29.35
26.556
15.992
42.311
57.233000000000004
204.559
203.166
15.445
13.191
126.798
33.152
172.23
24.541
109.023
19.512
31.482
80.549
11.02
42.665
71.26
23.503
88.193
37.839
27.934
499.999
19.161
31.209
24.889
17.407
16.631
58.601
15.966000000000001
38.243
20.033
72.703
17.136
499.999
15.793000000000001
78.775
8.766
49.419000000000004
43.551
24.432000000000002
499.999
36.151
29.11
33.614
168.294
10.407
20.542
9.829
151.311
132.803
274.253
26.286
12.006
50.656
342.628
144.306
38.480000000000004
38.355000000000004
35.52
34.578
30.061
29.22
20.728
12.801
20.715
15.834
24.573
21.756
21.897000000000002
46.005
67.393
33.102000000000004
63.376000000000005
23.8
17.936
47.018
11.841000000000001
57.367000000000004
33.936
14.838000000000001
20.287
192.512
38.56
245.975
15.443
18.55
14.082
152.437
36.233000000000004
35.795
24.685000000000002
19.147000000000002
36.163000000000004
499.999
19.796
219.559
59.399
41.215
15.586
29.377
71.94200000000001
20.388
26.012
289.423
33.242
37.616
129.415
45.172000000000004
35.046
17.826
40.233000000000004
40.423
80.403
28.423000000000002
119.61
159.669
21.963
499.999
15.427
169.129
37.204
27.848
61.050000000000004
18.781
20.641000000000002
56.242000000000004
33.583
34.034
26.631
10.501
68.985
13.346
321.774
13.012
65.353
20.117
26.974
35.53
16.432
107.435
16.734
99.312
55.457
65.32300000000001
91.284
53.096000000000004
57.432
178.526
17.076
23.795
12.561
425.658
45.376
363.714
168.15200000000002
17.975
84.411
43.308
76.915
77.771
22.484
345.874
20.276
35.863
194.8
70.108
9.324
27.240000000000002
16.511
85.78
30.049
44.375
16.75
52.800000000000004
44.279
28.048000000000002
26.034
499.999
48.456
116.367
25.703
271.558
216.879
28.661
25.392
27.155
15.147
499.999
275.342
13.674
180.51
13.476
53.554
499.999
24.768
40.952
27.080000000000002
499.999
20.324
25.101
20.051000000000002
132.679
20.291
27.694
41.444
27.186
42.819
24.931
89.233
38.859
94.647
44.401
40.182
84.267
29.044
13.557
14.49
73.179
38.733000000000004
19.185
499.999
12.297
16.008
16.343
84.0
32.098
63.943
229.80700000000002
15.164
20.317
31.73
79.459
16.739
20.577
13.693
26.498
85.69500000000001
23.692
25.428
36.665
499.999
13.126
12.466000000000001
58.344
44.592
50.528
20.701
13.168000000000001
25.645
499.999
138.566
11.677
32.541000000000004
11.148
42.758
30.419
78.482
33.554
49.528
9.682
16.146
30.261
63.345
61.11
98.11200000000001
20.891000000000002
19.992
27.959
138.83
21.372
27.057000000000002
26.513
212.851
39.219
170.758
61.012
499.999
22.626
129.988
14.838000000000001
20.857
26.654
37.868
20.881
14.161
59.233000000000004
499.999
13.43
21.392
41.598
40.628
34.919000000000004
23.443
64.641
14.236
499.999
151.811
15.827
36.508
59.425000000000004
11.627
44.952
18.753
499.999
106.488
10.337
150.449
36.528
20.091
24.416
499.999
412.521
28.338
26.897000000000002
45.67
18.723
12.079
13.163
25.734
167.51
499.999
115.941
39.403
30.732
106.113
45.862
42.798
17.751
91.557
36.313
31.942
33.386
114.675
96.894
489.718
45.485
41.92
66.165
82.81400000000001
28.646
31.599
51.015
189.167
79.456
9.009
13.39
152.303
97.078
163.189
26.587
20.513
85.129
17.632
457.015
38.538000000000004
23.713
49.663000000000004
35.563
121.264
45.521
15.842
40.528
254.089
52.063
17.337
106.75
20.892
54.258
32.394
26.304000000000002
226.885
34.666000000000004
15.512
53.606
10.184000000000001
80.542
10.71
155.068
18.907
110.127
207.663
153.186
103.515
17.713
22.759
20.382
92.477
19.877
38.613
36.45
19.614
167.067
9.451
19.618000000000002
68.856
26.549
28.762
77.271
499.999
28.796
103.876
24.249
39.554
44.259
35.636
23.305
84.918
40.856
50.617000000000004
15.425
96.932
499.999
19.113
404.87600000000003
499.999
102.48400000000001
17.986
225.39000000000001
19.262
310.596
21.943
29.386
32.053
21.62
34.087
118.492
66.046
40.482
42.206
92.46900000000001
28.248
123.128
54.273
10.991
37.851
11.874
61.754
22.881
19.217
34.194
18.02
499.999
24.17
23.162
8.908
31.676000000000002
15.902000000000001
499.999
35.26
24.444
29.669
261.95
15.995000000000001
217.997
23.189
69.035
338.12
499.999
20.692
16.755
64.764
15.375
33.065
40.229
109.568
19.244
69.163
111.44
57.405
138.647
44.226
78.006
11.919
17.012
162.368
14.426
499.999
334.391
18.227
54.725
95.834
39.202
93.489
29.082
108.602
18.116
499.999
41.672000000000004
42.775
28.576
25.778000000000002
93.755
19.614
17.305
18.503
20.682000000000002
61.536
17.609
41.93
12.911
58.154
45.162
14.414
103.88
17.053
191.969
30.715
15.296000000000001
162.585
26.667
11.256
32.606
29.37
82.275
13.603
11.665000000000001
53.559000000000005
20.69
80.846
198.094
23.391000000000002
27.727
459.16
34.492
28.166
125.542
131.565
24.3
74.132
37.066
20.341
68.014
210.328
499.999
332.668
57.032000000000004
25.759
28.52
14.427
20.841
16.452
15.467
38.345
17.436
219.466
156.611
28.549
13.975
28.087
90.808
14.774000000000001
60.75
21.915
78.095
273.218
43.724000000000004
20.7
81.947
393.462
14.446
51.748
18.955000000000002
19.157
26.409
59.379
29.064
18.383
19.793
15.259
14.848
41.188
37.085
80.168
84.474
23.936
161.061
20.052
14.719000000000001
58.709
22.451
48.087
37.717
198.398
499.999
18.013
31.092000000000002
263.603
328.005
499.999
19.111
15.503
499.999
22.337
45.160000000000004
15.836
10.958
37.085
17.011
107.667
21.213
21.07
355.378
15.702
17.387
33.785000000000004
30.678
46.376
56.506
24.806
190.316
499.999
33.215
45.425000000000004
37.379
12.945
37.204
499.999
9.971
499.999
366.11
146.847
36.499
17.193
24.307000000000002
157.744
16.174
19.559
39.567
88.7
79.342
160.16
23.026
38.914
14.634
175.751
499.999
126.287
122.59400000000001
38.017
56.01
19.377
24.401
71.05
18.207
44.743
145.53900000000002
19.016000000000002
32.21
30.294
40.075
499.999
10.885
41.973
143.156
40.784
30.052
20.75
49.905
54.415
34.107
51.566
499.999
43.373
23.376
36.512
50.574
22.116
29.328
31.159
44.54
156.022
229.612
17.629
15.395
195.933
19.157
22.821
14.942
12.041
41.481
34.655
70.79
30.13
110.819
26.225
245.596
75.794
151.367
16.009
105.51
97.068
29.736
24.759
73.647
8.685
15.192
55.211
33.723
22.582
448.806
41.121
23.613
23.112000000000002
127.4
29.809
139.892
10.703
23.431
124.101
82.229
7.843
296.394
13.393
20.643
62.138
17.181
36.409
15.51
39.084
52.442
37.117
29.17
21.044
311.824
12.095
57.701
30.189
36.332
243.308
64.622
34.622
18.884
54.361000000000004
20.939
11.414
83.263
387.314
11.722
22.693
29.964000000000002
62.599000000000004
13.434000000000001
31.672
101.23
12.395
19.718
22.507
33.819
72.09100000000001
62.969
21.544
86.099
74.752
25.553
19.334
61.730000000000004
94.85900000000001
34.681
136.204
14.841000000000001
27.096
24.499
18.990000000000002
23.255
24.502
147.528
22.489
128.728
64.82600000000001
16.956
499.999
12.444
44.935
66.45
17.059
44.099000000000004
25.439
12.792
30.064
223.46
96.485
30.725
383.509
63.544000000000004
7.58
307.702
29.483
53.796
44.65
55.725
113.315
34.241
474.189
19.057000000000002
9.245000000000001
20.618000000000002
412.512
11.979000000000001
48.179
293.135
39.415
61.99
21.429000000000002
8.574
144.043
36.915
127.662
336.48900000000003
499.999
68.574
89.426
499.999
211.907
12.481
274.11
499.999
65.935
16.47
61.131
16.016000000000002
38.392
38.461
180.67600000000002
24.764
15.245000000000001
148.02
15.163
385.627
15.234
18.534
32.457
14.125
18.436
9.05
54.53
43.346000000000004
14.099
16.829
40.794000000000004
499.999
20.706
95.026
33.475
499.999
22.990000000000002
15.491
11.184000000000001
16.85
36.354
217.372
32.416000000000004
499.999
85.23100000000001
18.648
12.101
54.792
20.283
16.493000000000002
17.626
18.566
17.028
39.786
13.496
14.112
15.870000000000001
93.601
14.362
28.949
17.394000000000002
16.92
59.620000000000005
15.804
50.169000000000004
79.989
75.163
255.65800000000002
11.521
19.579
9.665000000000001
89.712
40.972
85.546
42.531
16.746
36.878
50.001
46.767
67.886
84.807
176.875
124.895
12.819
358.285
17.839
16.618000000000002
49.89
121.337
32.331
68.042
43.01
11.118
152.947
22.297
11.002
34.736000000000004
247.035
49.327
57.327
17.147000000000002
12.722
89.47200000000001
439.994
198.34
24.314
321.53000000000003
37.465
18.740000000000002
16.225
25.888
47.206
18.575
33.647
19.053
242.525
99.033
30.995
20.237000000000002
20.147000000000002
82.036
8.274000000000001
92.485
251.108
70.063
112.139
129.994
144.75900000000001
348.341
71.97
86.151
45.143
13.724
9.564
147.572
44.153
35.741
42.0
128.01500000000001
12.881
85.96300000000001
19.031
8.297
49.071
68.44200000000001
68.806
15.969000000000001
12.713000000000001
83.69
54.539
45.433
65.727
8.620000000000001
150.739
27.157
11.950000000000001
43.218
132.793
360.757
60.177
13.492
33.055
10.517
12.515
409.169
33.811
35.457
115.143
12.947000000000001
184.71800000000002
210.73600000000002
27.28
60.618
499.999
34.969
215.525
60.738
14.723
113.427
19.926000000000002
15.754
27.457
18.592
24.558
151.037
73.293
52.379
58.984
99.31
16.551000000000002
13.981
16.991
125.464
18.223
25.511
66.12
44.941
14.61
499.999
39.77
14.41
499.999
185.446
20.359
16.889
364.07300000000004
63.824
46.342
143.212
70.9
49.084
44.984
98.703
86.796
18.185
21.718
12.040000000000001
120.06
167.238
19.342
60.603
28.966
85.33800000000001
142.34
11.515
80.266
163.108
14.619
22.93
53.748000000000005
13.156
21.207
73.263
14.166
18.604
19.928
51.76
11.403
475.916
16.035
42.913000000000004
281.228
112.462
33.319
22.088
24.519000000000002
64.71900000000001
44.274
17.149
32.752
74.905
18.982
146.72
153.06900000000002
76.71000000000001
198.151
16.134
10.325000000000001
12.802
22.721
11.095
211.757
25.089000000000002
65.496
232.274
21.633
11.482000000000001
173.961
60.139
20.368000000000002
448.149
15.628
17.731
62.768
479.093
55.792
28.283
14.22
156.40200000000002
29.943
50.86
46.761
17.007
36.977000000000004
21.497
55.172000000000004
24.894000000000002
15.453000000000001
17.816
28.881
19.315
13.467
159.416
19.864
47.434
40.617
382.682
72.166
27.182000000000002
499.999
285.44
63.044000000000004
499.999
82.111
80.119
51.545
97.147
103.282
17.401
23.809
19.892
74.745
13.68
81.83500000000001
499.999
84.68900000000001
75.63
20.735
160.876
20.366
42.300000000000004
15.309000000000001
22.262
57.225
161.607
279.14
52.557
11.808
251.574
49.262
22.027
39.38
15.236
37.948
20.449
246.386
28.763
18.834
221.529
8.129
12.543000000000001
56.722
49.784
19.136
75.183
58.001
24.185000000000002
17.907
27.057000000000002
15.599
136.104
29.345
37.474000000000004
27.406
14.756
23.045
57.757
485.624
84.116
17.335
41.731
28.683
51.371
37.32
32.427
37.087
29.32
457.233
66.544
19.608
17.557
332.291
15.787
499.999
13.432
125.558
38.25
11.422
83.747
49.218
145.662
499.999
78.396
15.066
20.240000000000002
48.375
126.639
84.405
156.815
20.953
81.196
14.83
13.256
36.782000000000004
77.363
41.232
17.459
18.36
499.999
46.157000000000004
16.781
107.41
166.232
11.229000000000001
29.229
32.547000000000004
162.568
16.07
135.01500000000001
12.161
29.768
92.977
46.89
29.027
53.674
13.512
148.191
81.035
21.687
14.544
53.004
40.379
17.17
499.999
492.551
31.399
22.051000000000002
41.411
52.992000000000004
33.936
112.712
31.359
65.686
10.083
50.559000000000005
15.984
19.096
34.438
33.185
32.117
14.241
23.085
499.999
61.335
111.765
145.981
10.03
131.804
24.387
131.63
34.343
298.511
39.053
499.999
13.464
28.756
25.165
18.526
91.595
181.606
16.864
19.601
10.885
25.287
73.498
499.999
12.984
46.364000000000004
18.627
32.037
23.87
22.953
64.43
154.739
57.858000000000004
14.194
11.201
40.408
367.072
32.795
42.219
14.208
71.32900000000001
32.196
33.812
11.548
31.467000000000002
33.347
50.799
11.408
11.729000000000001
94.99
265.00100000000003
250.62900000000002
124.616
20.598
22.562
33.847
55.387
18.953
41.211
24.261
33.499
9.464
12.43
68.94500000000001
18.563
118.742
264.512
274.974
30.441
49.881
248.208
87.07000000000001
39.56
33.273
115.33200000000001
21.949
26.683
22.727
40.377
64.615
29.772000000000002
124.529
34.228
447.764
97.839
54.237
16.67
157.538
37.124
35.508
31.508
94.47200000000001
48.036
103.53
41.065
17.101
16.105
10.731
46.14
16.962
51.355000000000004
23.67
45.554
256.713
17.691
55.963
50.821
18.059
219.067
136.042
10.632
24.413
39.986000000000004
37.78
183.476
31.62
25.422
36.871
27.438
18.767
38.626
17.562
11.876
38.248
11.997
55.839
40.874
15.006
140.329
93.06
38.373
10.185
71.20100000000001
18.687
345.427
45.911
34.393
82.36
13.061
94.616
285.54
52.802
91.143
13.787
31.46
93.168
373.29
79.444
19.743000000000002
31.933
22.897000000000002
67.504
11.797
26.335
141.844
33.037
23.461000000000002
203.443
56.46
54.008
157.549
170.038
46.427
22.735
104.682
12.543000000000001
77.116
28.863
23.266000000000002
42.647
13.552
38.139
21.237000000000002
296.674
42.184
22.631
197.975
51.518
45.199
113.553
12.581
27.39
19.549
53.344
21.017
16.836000000000002
115.587
42.358000000000004
499.999
16.284
26.618000000000002
28.404
15.285
31.155
96.203
11.924
99.605
40.694
499.999
32.37
14.098
360.533
13.49
47.449
64.95700000000001
53.346000000000004
117.791
71.733
26.168
10.683
145.361
225.602
23.302
409.507
26.162
74.35300000000001
46.659
380.653
431.339
41.974000000000004
15.886000000000001
89.922
25.639
332.72
68.298
16.081
78.93900000000001
28.406000000000002
89.288
47.682
15.665000000000001
27.476
80.345
43.852000000000004
14.76
22.69
317.92900000000003
16.729
10.096
33.776
68.809
22.002
26.295
72.789
32.149
17.159
17.355
25.069
29.551000000000002
122.878
32.655
29.043
67.708
41.036
38.181
220.731
200.982
154.035
37.452
218.197
17.136
12.071
28.009
17.253
19.240000000000002
69.949
28.123
7.97
109.12100000000001
230.936
11.296
34.011
147.286
46.363
126.07600000000001
54.845
43.097
54.53
32.794000000000004
22.745
59.579
53.597
499.999
30.794
19.259
71.988
22.594
30.187
31.084
39.003
20.695
94.934
28.385
9.916
13.072000000000001
24.385
203.02100000000002
47.651
11.93
22.134
86.687
40.698
151.809
9.119
204.15800000000002
27.146
18.373
40.405
33.021
40.598
68.521
12.837
17.158
25.885
75.541
70.138
37.838
49.415
11.207
95.055
52.953
31.387
30.789
70.536
60.933
65.938
58.416000000000004
37.024
42.048
149.12
39.715
21.144000000000002
22.548000000000002
31.245
499.999
47.551
19.688
80.688
183.931
53.041000000000004
14.739
31.646
60.138
18.664
19.451
31.164
51.941
38.217
232.068
22.251
12.458
117.255
24.638
465.717
30.404
15.258000000000001
122.03
62.983000000000004
145.476
8.756
12.373000000000001
93.012
263.609
13.147
24.26
104.374
20.268
51.323
17.330000000000002
28.204
40.672000000000004
22.757
20.147000000000002
12.318
31.688000000000002
50.726
10.131
34.04
14.546000000000001
66.431
22.332
459.508
19.986
10.08
499.999
81.587
93.294
33.938
64.639
83.721
69.309
405.76
140.956
25.622
89.524
499.999
184.612
16.226
17.285
42.082
10.613
16.064
24.531
11.097
92.896
260.431
35.039
24.909
22.974
17.839
57.443
15.317
11.867
23.074
13.647
50.654
36.056
10.317
15.579
24.974
281.577
22.162
280.108
22.088
81.164
36.01
62.846000000000004
43.116
497.615
31.834
66.906
22.103
60.775
372.087
65.434
12.061
11.738
89.909
77.94
18.529
16.842
13.897
36.554
17.449
44.811
62.891
33.854
53.529
45.944
150.333
27.223
28.148
24.919
16.341
17.674
113.462
315.543
21.209
101.369
103.3
31.476
17.45
34.866
17.857
106.69800000000001
34.006
23.266000000000002
64.004
34.972
42.551
51.375
74.133
41.286
62.933
48.094
10.102
23.941
38.814
25.455000000000002
30.369
28.604
30.708000000000002
348.301
17.718
27.801000000000002
97.589
110.86800000000001
71.979
40.473
15.985000000000001
44.674
70.33200000000001
14.126
11.77
17.009
41.021
37.787
43.099000000000004
19.658
13.193
28.239
234.66400000000002
53.714
72.889
54.164
22.301000000000002
30.704
12.833
104.776
32.642
47.172000000000004
12.043000000000001
15.491
16.499
48.925000000000004
17.611
29.644000000000002
53.882
363.712
86.82000000000001
499.999
79.333
15.857000000000001
19.567
54.914
40.868
8.276
41.126
13.483
54.103
499.999
28.721
214.642
17.71
50.094
30.387
32.179
118.307
52.174
105.508
225.47
19.576
47.985
32.193
16.637
13.675
191.216
12.317
12.277000000000001
15.413
374.466
35.384
14.178
32.044000000000004
29.44
28.025000000000002
27.424
30.98
57.264
71.06
40.684
44.531
24.18
499.999
39.989000000000004
10.399000000000001
115.57300000000001
13.018
15.209
26.308
40.65
84.88
28.244
287.987
44.843
44.885
42.716
23.758
15.109
26.946
45.254
51.126
213.871
45.904
28.792
499.999
57.937000000000005
152.632
42.615
21.725
51.366
60.385
24.29
14.299
15.433
97.538
210.482
33.399
299.398
24.707
51.948
12.405000000000001
67.193
16.4
161.874
66.865
63.668
29.539
28.505
46.485
40.807
183.704
15.81
189.18
56.479
26.915
42.377
22.228
30.643
28.179000000000002
81.3
42.0
113.503
106.763
40.125
27.26
499.999
116.935
29.337
9.369
27.96
106.10600000000001
35.012
29.028000000000002
19.552
129.769
30.167
254.026
27.991
59.078
17.647000000000002
119.882
34.013
15.021
15.142
131.093
18.272000000000002
96.258
63.798
94.229
56.368
58.366
23.891000000000002
11.853
79.56
499.999
15.108
25.941
22.204
11.49
38.517
14.851
379.682
499.999
59.549
33.37
61.81
16.964
85.087
36.596000000000004
43.247
38.909
18.114
37.509
29.861
202.00300000000001
22.06
22.658
499.999
46.332
27.092000000000002
58.611000000000004
99.0
209.774
219.522
15.579
29.006
15.747
16.221
13.329
21.607
37.766
33.601
17.591
70.515
20.657
13.392
19.829
16.474
45.131
28.888
64.148
21.452
34.74
92.459
30.071
196.661
41.218
53.47
24.302
51.078
29.221
327.365
16.692
259.64
437.693
26.426000000000002
260.65
25.028000000000002
460.946
383.021
467.80400000000003
37.408
30.484
105.257
102.691
41.513
10.073
53.28
74.864
22.397000000000002
278.105
37.803
274.77
43.772
131.755
34.62
20.561
21.572
34.121
34.862
285.637
13.588000000000001
86.907
284.723
35.42
13.84
21.115000000000002
203.657
40.086
18.072
8.715
97.20100000000001
30.319
376.759
16.184
25.027
25.702
16.914
12.601
43.193
58.674
499.999
10.666
17.898
12.228
33.566
18.611
12.566
55.007
35.381
131.234
30.223
65.291
27.456
138.373
165.725
21.213
101.661
75.352
84.015
387.121
13.863
26.259
173.16400000000002
101.35600000000001
21.361
204.836
73.842
52.972
20.674
113.245
63.279
499.999
11.855
15.163
327.789
64.649
32.332
86.163
63.617000000000004
54.259
16.732
65.36
29.55
12.875
15.123000000000001
19.202
22.278
33.013
92.625
38.975
17.98
52.277
50.984
17.763
95.898
101.79
39.199
35.008
12.540000000000001
26.346
65.82600000000001
17.496
82.159
33.587
228.042
20.368000000000002
19.901
291.806
10.194
17.516000000000002
29.434
42.682
29.289
9.831
455.33
167.15
74.138
499.999
35.282000000000004
14.416
137.43800000000002
21.844
22.755
13.022
85.318
71.654
71.465
18.174
14.76
33.145
42.606
17.547
102.60000000000001
11.405
17.791
34.389
386.168
100.714
25.057000000000002
28.614
68.84400000000001
17.413
19.108
20.189
9.788
26.477
222.72400000000002
438.56
60.355000000000004
17.269000000000002
28.997
14.562000000000001
38.196
16.455000000000002
13.603
11.974
69.777
33.126
43.605000000000004
27.149
499.999
14.474
12.356
64.752
12.747
131.842
84.59100000000001
20.711000000000002
128.377
48.587
18.136
33.905
422.28000000000003
15.742
31.332
92.45700000000001
23.243000000000002
25.216
449.558
18.737000000000002
15.752
48.32
80.70700000000001
21.341
34.735
72.741
52.654
30.071
83.915
76.917
499.999
11.556000000000001
18.77
499.999
10.493
24.963
60.646
93.357
35.223
18.757
29.167
26.374
66.99
71.923
9.521
13.702
156.028
23.931
186.183
31.38
52.339
146.518
11.461
275.071
103.873
499.999
114.683
205.78900000000002
10.964
466.40500000000003
499.999
29.379
242.94400000000002
24.928
22.166
14.073
26.755
17.175
44.792
18.685
19.854
11.595
11.617
261.538
23.741
13.617
30.589000000000002
47.34
75.687
38.532000000000004
23.958000000000002
18.244
24.608
27.477
38.203
36.265
25.124
23.354
13.721
57.478
83.026
406.959
15.207
19.889
12.833
193.368
14.705
29.156000000000002
31.482
28.66
13.97
14.859
23.354
49.65
36.898
20.523
56.65
20.628
218.513
133.204
38.974000000000004
30.715
116.452
169.0
100.203
258.996
128.30100000000002
19.444
39.392
112.49600000000001
93.072
499.999
77.923
80.23
21.98
16.89
28.584
193.173
65.623
31.95
46.542
179.145
178.312
67.202
9.0
19.256
31.305
28.513
36.692
122.144
229.887
27.459
499.999
47.699
24.199
10.093
293.435
79.057
10.78
19.761
16.948
34.055
22.121000000000002
46.516
38.721000000000004
25.091
29.992
285.592
30.92
23.189
98.943
22.422
28.351
65.813
23.025000000000002
19.232
62.087
43.609
64.868
128.612
62.82
21.371000000000002
45.735
20.754
8.372
18.07
303.418
37.543
54.307
130.348
16.096
228.947
11.613
29.442
21.348
32.910000000000004
36.902
12.236
15.942
25.855
57.315
84.186
25.986
9.637
144.059
114.629
14.81
257.595
30.135
214.984
38.502
25.979
28.157
11.678
19.014
120.836
17.583000000000002
24.338
16.074
36.034
19.345
11.881
13.651
16.519000000000002
21.965
11.003
22.885
132.501
11.282
42.431
50.806000000000004
123.083
18.733
69.118
21.167
499.999
28.869
43.46
38.888
22.0
16.423000000000002
160.291
123.161
32.067
11.938
13.712
20.647000000000002
20.32
53.693
29.189
43.665
97.29
11.791
11.11
63.305
252.155
22.377
205.70600000000002
48.718
32.313
53.535000000000004
16.382
9.871
499.999
499.999
264.379
11.024000000000001
30.965
41.541000000000004
499.999
31.196
38.605000000000004
32.794000000000004
26.814
122.282
110.678
67.295
42.536
20.313
40.271
25.198
25.987000000000002
47.033
23.809
20.515
253.476
25.314
72.639
45.217
61.308
499.999
16.431
79.016
20.175
21.609
125.142
499.999
49.792
37.902
23.665
18.305
19.669
33.836
23.825
65.984
26.074
59.092
66.78
41.654
59.619
19.978
27.127
29.038
28.982
499.999
479.012
394.379
83.057
236.922
73.771
24.085
31.619
22.04
62.284
8.774000000000001
499.999
147.661
24.882
33.398
13.766
57.095
15.171000000000001
94.258
20.779
80.572
96.758
16.041
499.999
33.367
13.939
28.34
27.286
13.712
13.984
33.273
100.178
109.23100000000001
74.205
199.463
229.529
28.943
14.469
193.434
34.277
53.384
14.678
112.845
74.673
18.407
130.831
25.761
54.709
49.45
84.919
15.754
24.862000000000002
9.664
23.009
26.276
23.192
110.08800000000001
13.264000000000001
125.992
9.253
12.863
16.222
71.041
37.186
274.468
18.218
195.264
11.503
499.999
93.572
40.863
12.769
20.334
38.263
65.633
174.63
31.136
20.469
102.241
46.722
32.746
19.985
122.37
18.833000000000002
15.088000000000001
25.627
137.743
24.778000000000002
29.917
14.154
9.05
18.887
499.999
104.081
133.745
326.26
138.48
36.59
105.69
36.635
27.129
25.752
23.632
47.412
17.062
48.885
188.142
46.887
93.23
135.367
27.555
179.272
94.96000000000001
22.249
499.999
186.18
66.59700000000001
27.301000000000002
71.979
499.999
14.444
24.999
99.263
352.46
38.541000000000004
499.999
11.083
499.999
9.287
21.344
25.104
18.829
43.416000000000004
83.437
32.11
179.729
55.805
13.232000000000001
114.002
38.966
66.733
19.403
19.027
29.704
11.571
30.452
29.182000000000002
190.052
30.916
84.629
57.135
74.321
499.999
23.28
24.626
54.870000000000005
104.652
368.244
21.748
248.985
100.186
73.105
205.99
74.025
56.416000000000004
17.636
14.51
15.906
7.8500000000000005
21.229
17.039
313.801
14.969000000000001
110.803
499.999
27.517
41.83
142.916
41.005
46.801
82.154
272.259
18.302
59.28
191.197
116.467
33.475
104.35900000000001
29.963
39.123
18.226
33.81
252.844
103.78
10.069
23.388
36.534
53.842
185.26
32.24
416.228
19.228
499.999
200.52700000000002
34.484
86.191
34.739
46.971000000000004
16.637
16.673000000000002
25.232
9.064
100.07000000000001
14.432
146.08
82.54
45.928000000000004
91.47800000000001
172.241
13.171000000000001
499.999
297.937
10.488
18.405
14.64
111.049
76.263
60.449
9.549
71.07900000000001
15.232000000000001
17.14
42.048
24.197
17.937
44.445
19.217
11.531
244.121
44.565
244.747
499.999
27.794
41.759
53.017
29.62
29.878
469.559
14.338000000000001
15.602
101.9
16.067
21.23
499.999
40.089
40.378
25.256
499.999
25.62
25.583000000000002
17.106
16.768
12.796000000000001
344.457
310.019
19.796
22.527
18.2
43.131
43.925000000000004
161.137
17.372
20.707
203.919
11.071
196.399
17.322
14.811
7.674
21.053
233.33700000000002
204.232
11.562
23.513
29.502
28.43
46.454
25.201
160.088
423.234
22.426000000000002
28.483
60.632
27.011
46.628
193.654
7.782
25.016000000000002
31.638
47.637
50.811
118.809
45.167
34.99
27.204
19.903
36.375
89.551
415.295
42.152
174.436
9.370000000000001
37.006
37.001
23.433
18.78
10.068
28.28
15.765
61.431000000000004
43.482
53.422000000000004
37.295
43.872
499.999
25.812
23.222
174.888
224.422
55.376
74.183
41.535000000000004
11.984
25.595
62.003
14.213000000000001
23.263
29.274
10.639
68.21000000000001
32.057
27.859
11.901
27.792
29.997
499.999
369.596
15.928
23.065
14.315
11.717
22.246000000000002
64.842
30.738
28.258
23.16
37.365
36.907000000000004
17.835
10.317
29.498
51.123
22.223
30.465
138.401
16.509
14.511000000000001
15.549
57.707
7.765000000000001
241.648
29.172
23.787
18.756
22.312
123.887
499.999
82.45400000000001
16.518
211.308
18.049
19.897000000000002
229.784
15.056000000000001
29.289
26.259
171.437
24.229
18.512
15.345
37.766
28.116
15.644
22.13
32.942
21.337
26.150000000000002
187.842
25.107
115.45400000000001
231.113
37.371
56.229
28.264
157.471
43.996
18.655
28.127
51.823
49.262
22.259
33.596000000000004
27.293
57.620000000000005
499.999
83.792
20.013
140.947
24.675
13.103
156.089
15.620000000000001
52.833
9.047
169.769
61.406
17.868000000000002
275.851
362.461
62.95
19.907
104.307
30.988
203.982
24.86
31.268
11.878
422.55400000000003
27.263
48.106
499.999
14.09
23.024
8.084
14.611
52.848
11.463000000000001
41.02
30.107
27.495
15.669
46.721000000000004
35.548
16.734
68.988
496.24600000000004
10.298
24.728
23.19
15.594000000000001
61.701
28.831
14.467
13.775
76.606
68.555
12.322000000000001
80.816
52.207
29.596
28.431
40.582
119.305
27.42
25.896
71.711
42.338
126.23700000000001
135.594
29.977
26.681
25.986
25.569
28.774
51.828
28.945
14.206
45.415
110.918
186.014
21.302
16.793
38.922000000000004
65.851
499.999
27.032
54.117000000000004
18.083000000000002
19.632
31.26
40.036
20.017
105.16
74.242
70.833
50.783
18.114
10.347
49.097
38.432
85.56400000000001
166.874
109.824
23.038
132.279
66.506
67.613
48.963
295.895
36.143
499.999
44.337
20.431
49.995000000000005
49.479
18.158
55.551
15.729000000000001
15.491
441.322
20.89
32.265
19.345
14.59
14.344
89.203
223.52100000000002
17.319
160.873
40.818
43.244
380.432
10.689
54.703
180.774
41.043
10.136000000000001
53.597
72.358
22.566
25.616
82.382
75.97200000000001
18.91
89.608
68.535
9.998
110.458
52.426
14.339
21.1
123.593
17.774
32.848
67.49
96.5
49.17
12.756
10.232000000000001
66.07000000000001
49.317
80.395
14.824
32.825
27.544
14.614
459.914
19.509
28.587
16.884
161.64000000000001
124.092
34.323
62.870000000000005
12.449
23.795
49.909
39.873
23.287
44.315
499.999
20.012
39.889
20.987000000000002
84.685
223.0
74.905
35.614
58.162
9.032
14.882
12.995000000000001
53.597
22.823
37.28
169.879
76.93
499.999
17.885
18.332
36.573
27.7
78.148
36.458
15.757
82.3
64.149
33.857
15.502
28.808
109.35600000000001
25.181
33.725
132.934
46.299
20.121
53.274
20.627
155.40200000000002
14.002
499.999
21.932000000000002
45.747
20.883
11.275
34.01
26.131
111.709
220.356
13.376
136.123
18.772000000000002
27.676000000000002
23.819
16.79
175.242
54.468
31.089000000000002
22.089000000000002
25.401
59.345
103.129
22.28
499.999
71.051
13.027000000000001
355.462
20.629
91.881
53.308
17.005
54.642
359.84000000000003
17.274
18.367
33.735
15.421000000000001
50.672000000000004
28.491
34.994
26.814
21.779
65.644
92.327
14.003
499.999
32.825
329.516
17.217
30.051000000000002
27.551000000000002
15.370000000000001
123.25200000000001
35.745
14.747
13.954
24.808
117.318
499.999
10.562
17.078
89.153
11.824
82.31
248.87900000000002
39.29
20.518
72.273
38.586
16.911
18.033
49.431000000000004
83.102
26.132
102.861
11.926
16.045
84.011
31.028000000000002
15.017
18.516000000000002
17.253
15.619
293.30400000000003
87.632
123.279
82.0
58.236000000000004
14.266
210.743
30.542
25.849
24.361
224.068
17.163
33.341
39.954
17.244
28.421
13.426
206.85500000000002
20.434
68.272
9.189
28.063
45.621
34.076
11.083
67.359
28.929000000000002
52.397
39.845
25.441
44.154
160.995
47.267
22.733
22.486
23.563
53.969
24.791
39.813
196.023
17.73
15.017
30.158
195.742
25.522000000000002
34.098
27.291
68.592
16.874
16.832
62.59
24.154
499.999
39.145
47.606
49.658
58.159
42.221000000000004
47.5
11.005
109.11
83.025
39.302
16.509
51.0
29.294
133.031
22.481
20.874
18.118000000000002
58.043
25.391000000000002
47.271
262.051
263.317
45.88
26.349
17.861
27.264
23.439
25.562
17.098
31.29
44.611000000000004
278.599
14.339
81.37
345.242
26.067
45.489000000000004
139.784
71.054
39.142
499.999
45.449
25.173000000000002
25.650000000000002
74.056
33.587
44.478
71.087
82.784
25.493000000000002
37.727000000000004
18.617
39.948
158.14600000000002
29.459
159.011
407.562
31.973
10.72
499.999
22.854
47.15
35.292
13.967
26.467000000000002
72.131
63.699
31.296
59.747
34.936
492.426
128.022
28.754
31.265
23.951
28.861
78.661
40.004
50.096000000000004
499.999
12.057
485.52
19.837
23.382
50.116
32.071
15.299
15.846
18.426000000000002
26.172
350.819
10.51
72.94500000000001
30.38
58.206
10.921
46.005
35.172000000000004
31.981
32.228
42.353
241.546
15.285
16.047
13.592
499.999
61.996
100.885
22.196
31.916
47.095
25.682000000000002
151.734
47.358000000000004
87.20700000000001
14.682
34.722
35.151
47.979
18.054000000000002
21.301000000000002
65.82000000000001
28.623
13.885
190.586
98.468
11.861
29.345
23.792
19.257
24.187
32.408
40.581
19.023
11.397
11.982000000000001
214.1
185.83700000000002
19.744
43.129
23.247
46.537
19.593
14.101
56.04
60.483000000000004
28.538
22.939
60.264
20.565
499.999
48.504
29.876
23.334
18.855
113.883
281.171
159.006
70.19500000000001
30.162
39.019
488.402
45.405
51.699
7.547000000000001
41.738
24.867
70.776
29.901
91.781
20.146
261.29200000000003
73.834
43.128
106.977
22.286
8.759
16.556
112.33
9.843
128.595
10.084
17.072
17.085
225.371
26.918
77.667
16.15
36.831
25.831
45.556000000000004
23.195
28.439
47.704
20.517
69.708
232.773
55.854
14.042
107.11
35.288000000000004
65.244
12.946
147.984
43.877
354.814
19.981
32.637
46.422000000000004
325.678
59.532000000000004
21.596
44.037
36.387
14.836
66.072
19.877
38.328
109.14
24.946
56.518
35.067
24.358
15.892
77.387
43.766
14.546000000000001
172.421
35.973
71.66
499.999
9.778
33.698
29.457
19.155
42.807
22.015
27.781
19.999
232.11
65.319
36.443
248.40200000000002
110.913
331.41
27.545
14.273
26.992
17.922
24.755
18.125
29.21
14.094
38.826
14.501
29.124000000000002
45.663000000000004
14.806000000000001
164.757
17.259
186.901
39.358000000000004
13.543000000000001
50.4
16.541
55.604
24.454
60.346000000000004
18.217
73.145
14.551
16.29
499.999
16.974
78.71600000000001
27.616
16.306
71.31400000000001
26.642
36.206
18.224
496.692
134.728
175.17000000000002
72.33200000000001
56.802
164.455
53.757
34.165
20.268
14.02
63.190000000000005
22.799
64.536
26.021
39.164
499.999
11.642
13.097
17.314
39.906
34.115
33.322
20.264
9.409
85.798
97.479
499.999
51.615
13.263
73.483
59.781
136.662
44.365
499.999
32.617
26.033
14.019
19.184
20.366
35.288000000000004
137.721
175.497
152.624
430.214
13.643
14.777000000000001
34.195
15.558
22.589000000000002
94.58500000000001
97.25
48.019
24.619
50.007
14.6
88.266
32.186
37.543
499.999
396.794
31.909
10.734
22.215
36.574
19.043
27.186
15.875
36.72
23.754
52.614000000000004
21.568
35.15
15.699
33.101
268.096
46.435
47.407000000000004
8.789
30.854
96.985
14.992
15.817
15.854000000000001
12.417
75.44200000000001
17.766000000000002
8.151
47.194
13.234
63.25
11.453
123.295
30.832
40.926
44.412
499.999
71.83500000000001
98.06
38.249
30.688000000000002
34.097
16.801000000000002
133.338
23.272000000000002
17.753
97.423
383.628
35.671
29.545
129.275
11.398
200.383
110.25
108.342
203.812
79.578
23.577
17.007
30.202
93.554
36.157000000000004
28.149
24.789
268.266
27.369
58.948
90.59400000000001
29.517
52.136
26.897000000000002
21.849
47.514
104.789
33.037
97.53
13.648
31.418
36.243
185.761
19.632
67.502
16.257
16.313
86.495
75.7
14.075000000000001
32.331
107.57000000000001
25.754
308.485
37.561
10.594
24.348
35.136
23.678
377.544
57.795
15.422
88.133
18.973
21.465
17.637
146.282
23.997
499.999
66.165
47.591
25.711000000000002
96.665
320.619
232.17000000000002
19.045
30.529
119.095
21.162
38.154
29.337
91.754
8.332
26.824
78.718
13.646
47.135
488.769
164.554
17.955000000000002
72.572
39.186
322.451
200.79
35.437
15.542
29.668
19.869
24.056
59.097
30.721
499.999
10.697000000000001
15.933
57.683
325.987
42.525
13.532
17.977
131.517
56.098
34.242
10.683
61.004
9.897
13.567
57.863
47.02
34.79
42.533
28.563
17.346
26.895
30.966
41.797000000000004
78.666
15.182
45.7
34.171
57.704
27.34
23.004
20.201
16.422
19.896
29.729
13.933
17.326
95.327
219.195
91.232
25.524
37.83
33.043
21.396
20.931
19.266000000000002
31.684
161.26500000000001
141.257
25.01
24.48
373.298
25.629
42.369
16.505
15.884
36.681
283.244
20.722
22.923000000000002
33.94
15.838000000000001
29.302
18.796
69.934
54.496
15.124
77.895
29.891000000000002
68.999
9.055
496.677
19.51
106.46900000000001
205.886
499.999
20.263
26.734
293.572
18.654
154.1
34.657000000000004
42.77
73.141
59.382
17.312
12.199
44.422000000000004
17.888
28.7
222.068
19.323
51.300000000000004
211.728
51.844
73.598
177.947
89.73400000000001
20.033
84.752
23.981
32.022
51.258
29.48
21.232
62.99
22.008
499.999
21.353
31.945
11.469
25.532
12.19
72.81
57.173
49.225
30.348
23.763
155.899
38.548
15.57
92.455
31.125
72.071
23.740000000000002
85.882
16.85
46.292
19.98
42.618
13.397
220.90200000000002
22.524
42.652
54.044000000000004
17.02
22.183
75.271
24.469
57.373000000000005
27.504
17.469
50.572
58.832
499.999
18.475
18.785
15.458
48.921
107.283
20.139
29.064
85.959
22.155
28.650000000000002
223.714
39.485
29.551000000000002
38.194
357.91
228.647
14.483
22.278
52.836
29.334
50.181000000000004
10.008000000000001
15.704
53.567
19.662
83.613
23.236
17.502
15.594000000000001
10.358
343.095
313.81600000000003
25.494
92.687
27.201
121.289
74.04
16.845
51.725
12.526
87.151
49.516
499.999
12.19
499.999
9.264
47.064
22.461000000000002
12.877
21.805
133.06300000000002
128.02700000000002
34.172000000000004
29.005
26.629
61.485
115.84100000000001
46.639
40.494
19.85
15.758000000000001
15.483
20.401
36.325
9.765
26.531
69.132
232.821
24.293
20.789
11.784
104.275
51.416000000000004
31.652
16.301000000000002
29.115000000000002
37.946
33.688
27.7
18.435
119.798
22.363
499.999
50.495000000000005
15.654
499.999
17.492
28.0
70.95
82.965
10.283
20.091
53.44
43.261
27.696
22.596
49.416000000000004
113.882
41.766
11.388
129.314
400.327
14.492
11.165000000000001
42.652
16.428
18.926000000000002
60.469
101.066
31.964000000000002
11.568
128.534
375.133
33.088
32.694
19.542
50.437
59.316
28.961000000000002
30.85
22.953
79.96600000000001
19.011
25.37
18.577
39.516
23.197
11.450000000000001
57.078
84.83200000000001
35.802
18.686
112.833
52.883
168.217
30.553
26.307000000000002
26.847
11.585
73.393
12.608
19.031
30.532
52.211
21.474
15.02
312.082
379.669
19.051000000000002
88.837
15.735000000000001
26.559
31.858
37.842
21.87
55.209
246.647
9.239
92.39
201.69400000000002
107.379
57.931000000000004
14.838000000000001
41.131
182.436
151.347
60.171
51.393
108.786
40.723
473.785
20.818
136.774
9.421
295.908
28.922
14.026
141.566
185.92600000000002
11.105
28.301000000000002
21.719
10.803
32.965
121.284
12.454
52.36
15.119
35.485
106.173
15.215
87.499
110.363
64.062
36.518
25.697
20.35
499.999
476.63300000000004
24.582
147.911
499.999
7.773000000000001
26.943
137.647
19.351
68.015
35.566
25.373
13.434000000000001
24.77
70.643
111.915
23.486
20.923000000000002
15.5
34.963
20.424
463.778
35.684
15.01
47.225
67.903
35.22
12.137
41.641
65.243
18.746
70.60000000000001
48.354
47.745
21.324
41.683
159.756
86.16
94.044
21.879
22.083000000000002
27.240000000000002
34.039
16.055
131.922
264.493
57.616
14.682
12.764000000000001
73.043
40.022
56.678000000000004
19.379
198.327
47.63
99.134
39.296
66.549
18.64
15.709
17.788
14.9
19.371
26.0
71.691
20.505
55.601
14.667
499.999
29.956
52.11
66.813
80.85300000000001
238.808
33.718
11.265
394.783
17.830000000000002
152.867
35.568
403.408
143.631
16.974
45.644
22.096
72.56700000000001
42.367000000000004
98.008
17.351
51.045
66.54
47.743
41.21
34.549
7.067
24.605
32.156
25.491
24.171
281.34000000000003
15.933
55.378
11.632
37.687
499.999
107.59400000000001
20.781
14.676
21.767
44.593
77.798
45.984
153.802
17.900000000000002
132.786
41.452
31.810000000000002
32.164
27.117
36.371
44.154
357.243
17.175
17.006
27.076
209.661
47.957
94.057
64.794
25.043
26.248
56.107
499.999
16.206
153.562
71.492
19.487000000000002
499.999
31.411
14.744
327.71
86.185
499.999
28.810000000000002
33.414
72.667
29.343
499.999
13.727
81.468
61.396
28.551000000000002
143.704
38.196
13.748000000000001
40.786
461.529
66.404
21.532
26.533
27.448
40.711
27.811
190.151
259.17900000000003
34.744
42.099000000000004
499.999
23.093
61.392
10.73
80.9
17.72
18.516000000000002
39.838
76.715
64.786
71.33500000000001
27.995
14.89
25.632
30.151
27.724
33.779
59.859
33.442
75.099
42.719
22.532
166.137
21.377
21.272000000000002
130.231
46.593
42.164
15.003
19.61
24.464000000000002
102.311
118.941
73.87
210.905
24.552
13.374
49.415
17.217
19.881
23.418
33.464
14.371
102.122
13.493
129.431
36.85
307.671
106.952
24.575
13.879
41.568
86.07300000000001
260.815
44.185
21.484
27.906
265.811
23.878
111.23700000000001
10.099
59.013
115.018
50.025
23.856
104.764
76.852
40.444
26.193
49.589
213.526
30.017
54.311
344.738
28.809
139.862
30.696
28.567
23.163
32.756
9.812
8.887
57.74
34.184
7.968
12.366
16.629
15.703000000000001
45.307
178.892
26.55
66.047
24.89
55.132
13.197000000000001
149.763
37.544000000000004
50.559000000000005
301.451
17.604
47.343
83.422
47.78
41.5
73.266
316.407
12.169
18.93
124.13000000000001
10.936
36.259
455.485
47.747
499.999
9.733
24.172
26.942
42.534
28.582
93.72200000000001
120.82900000000001
499.999
79.46900000000001
50.969
43.374
36.281
499.999
63.915
30.495
48.193
65.41
70.365
104.325
16.998
118.658
20.493000000000002
161.137
52.624
98.349
26.466
26.468
121.491
41.826
44.19
46.339
28.149
45.865
49.044000000000004
43.166000000000004
13.639000000000001
34.832
72.117
11.265
87.52
52.935
52.834
25.122
282.032
58.825
38.564
95.371
20.830000000000002
409.34700000000004
16.385
20.938
41.544000000000004
84.282
499.999
10.783
94.495
161.143
397.772
24.738
24.438
88.928
162.823
22.682000000000002
25.799
25.515
90.621
499.999
26.418
14.618
16.552
53.914
499.999
251.751
196.626
86.648
38.403
14.116
449.483
184.78900000000002
21.567
491.08500000000004
499.999
46.805
90.202
11.499
14.18
27.330000000000002
27.024
32.121
43.184
499.999
28.666
77.07600000000001
169.988
9.804
28.29
17.152
242.638
34.4
63.592
19.357
26.754
34.176
18.837
20.796
499.999
56.550000000000004
37.399
17.609
9.062
27.184
57.163000000000004
20.518
12.463000000000001
172.324
8.719
44.063
16.688
35.408
29.285
46.584
74.303
353.43
499.999
11.527000000000001
31.861
14.558
11.373000000000001
28.85
158.853
29.483
84.087
30.817
25.525000000000002
40.368
499.999
123.066
499.999
45.566
13.732000000000001
58.179
19.537
17.569
25.032
34.543
30.318
88.596
143.28300000000002
16.575
28.878
33.266
39.467
16.563
39.22
192.05
24.794
12.563
24.794
21.194
44.568
55.75
34.939
125.539
20.425
15.207
499.999
14.979000000000001
16.296
22.822
499.999
330.607
50.363
24.469
280.86
90.327
35.845
27.788
9.378
45.588
33.618
27.39
25.184
281.914
141.192
27.5
207.90200000000002
22.768
19.972
14.148
71.434
107.95
36.888
12.861
28.702
14.42
14.962
37.209
23.007
16.977
51.351
21.803
36.257
28.844
152.377
499.999
49.988
70.96000000000001
250.93800000000002
22.254
28.506
15.977
11.778
28.221
29.94
13.312000000000001
38.534
27.324
35.682
14.779
77.911
251.269
13.437000000000001
32.183
27.719
64.158
54.875
206.666
103.765
213.07
499.999
31.087
14.097
19.64
71.282
47.166000000000004
21.868000000000002
28.412
9.109
337.596
31.580000000000002
14.433
21.135
36.509
219.75900000000001
30.446
23.8
17.461000000000002
274.49
12.97
19.735
499.999
14.063
95.259
87.9
52.288000000000004
42.426
28.935000000000002
64.505
89.516
18.678
22.816
32.572
482.588
19.48
30.529
82.547
34.933
53.758
23.377
12.137
440.872
44.836
21.388
12.157
13.498000000000001
32.07
119.273
35.778
30.883
43.601
18.027
40.993
16.089
13.815
76.221
34.601
118.36
9.437
36.199
19.192
29.557000000000002
24.341
49.432
29.412
61.423
201.632
90.922
91.666
16.740000000000002
19.59
499.999
278.004
20.123
15.037
28.732
42.952
74.33
15.328000000000001
39.22
33.681
36.855000000000004
42.622
95.724
77.42
320.819
11.616
24.828
290.50600000000003
26.080000000000002
17.698
21.273
34.465
203.324
21.14
162.971
43.292
378.593
11.905
15.826
38.056
40.031
22.656
17.72
167.567
124.69500000000001
60.856
55.382
92.009
25.773
30.302
98.066
235.066
103.095
99.631
94.86200000000001
22.282
17.886
73.202
21.161
25.96
26.475
50.486000000000004
19.482
422.288
11.135
36.052
499.999
100.2
101.074
42.65
146.513
27.151
57.127
12.083
20.613
33.87
48.598
41.06
25.427
22.349
46.866
101.84
144.149
13.532
111.558
133.506
24.861
21.761
22.631
40.31
175.334
30.885
16.103
69.787
33.395
27.141000000000002
499.999
38.242
32.546
37.047000000000004
47.481
97.248
54.014
50.574
66.002
15.13
21.856
33.009
92.86
55.402
20.636
149.41
29.400000000000002
71.363
16.637
15.081
118.14
499.999
29.599
22.141000000000002
54.195
58.843
488.048
25.844
44.480000000000004
49.924
36.149
46.371
29.684
162.593
71.2
13.243
56.393
32.951
237.46800000000002
11.59
15.418000000000001
13.745000000000001
24.417
262.815
131.92600000000002
52.455
23.376
60.949
271.627
89.297
27.476
45.81
499.999
69.683
27.551000000000002
39.034
56.21
457.951
29.757
76.239
448.90000000000003
40.066
13.902000000000001
44.282000000000004
60.132
24.085
33.652
44.948
68.386
20.286
499.999
53.615
67.806
19.57
31.412
15.207
87.321
22.287
76.047
39.827
19.557000000000002
11.095
20.784
44.559
219.109
21.502
42.061
49.109
499.999
30.959
26.22
26.706
377.885
48.045
228.826
17.63
58.43
67.924
34.976
14.246
129.491
13.184000000000001
66.788
39.175000000000004
11.07
255.647
48.502
26.278000000000002
204.208
335.35200000000003
19.022000000000002
10.305
28.441
24.443
60.161
24.818
177.314
19.626
51.482
14.173
35.686
94.44800000000001
30.949
10.683
26.13
15.325000000000001
37.758
39.406
120.50200000000001
55.316
82.708
15.704
34.933
118.33200000000001
40.461
34.442
224.393
31.560000000000002
25.98
91.634
108.061
66.283
14.548
33.189
24.323
18.66
46.021
52.549
33.1
48.534
45.786
22.328
10.056000000000001
27.51
201.519
17.989
161.258
51.933
19.133
24.325
19.145
48.841
31.642
13.780000000000001
19.386
23.62
35.405
19.381
499.999
27.861
263.649
17.558
24.609
73.34100000000001
27.678
34.327
18.626
98.186
119.51
499.999
31.767
21.395
23.278000000000002
72.09400000000001
27.26
44.784
57.218
231.195
42.871
21.458000000000002
43.377
32.514
15.921000000000001
9.282
41.129
26.308
16.652
20.759
35.947
24.479
155.29500000000002
26.563
17.039
32.842
14.607000000000001
499.999
51.418
155.499
174.924
61.964
22.372
441.392
40.603
22.495
29.161
17.781
32.819
48.241
499.999
15.323
75.145
36.441
23.961000000000002
12.499
38.818
28.556
52.185
12.538
71.986
16.189
29.927
63.243
252.012
371.565
13.789
144.474
47.021
499.999
38.436
23.047
23.763
202.02100000000002
20.856
75.218
21.596
18.043
119.18900000000001
105.078
75.614
47.787
8.011000000000001
40.477000000000004
50.429
52.829
55.588
46.378
56.289
41.137
351.444
13.961
53.083
29.776
28.648
17.256
68.764
92.684
188.703
41.685
27.677
18.652
19.556
22.213
55.947
15.848
42.478
21.525000000000002
162.702
39.522
13.522
78.045
23.619
68.983
42.448
23.334
15.872
499.999
34.203
12.07
91.97
33.539
325.442
42.533
55.756
90.20400000000001
18.266000000000002
21.556
25.987000000000002
80.95
239.064
26.98
499.999
11.104000000000001
36.533
19.067
112.917
138.909
20.501
398.333
72.242
206.981
499.999
100.925
16.547
26.184
193.683
62.487
55.11
21.194
156.102
30.422
119.23700000000001
74.232
45.713
11.695
27.308
20.31
44.115
21.934
19.268
24.045
53.199
46.523
102.665
68.651
82.281
40.729
30.132
48.697
77.568
80.411
48.719
24.345
141.138
103.011
22.408
332.959
37.201
71.995
82.333
63.994
58.909
18.807000000000002
18.753
232.353
27.707
141.66400000000002
344.996
15.328000000000001
10.452
17.563
17.682
73.775
158.798
30.580000000000002
499.999
25.244
134.17600000000002
42.792
206.70600000000002
13.354000000000001
9.895
32.815
29.213
21.686
19.011
11.406
16.4
11.56
93.493
147.764
30.089000000000002
19.456
116.028
19.368000000000002
125.037
15.519
21.503
91.935
16.317
63.131
74.065
38.07
12.916
44.141
28.150000000000002
15.984
16.389
40.664
33.286
16.17
203.137
76.987
35.399
92.178
322.887
14.917
91.33800000000001
163.667
22.282
12.774000000000001
18.244
36.752
37.969
16.907
12.211
105.783
62.508
235.03900000000002
23.509
12.781
13.079
21.244
12.322000000000001
26.869
33.556
17.924
13.963000000000001
55.532000000000004
415.19
485.879
52.486000000000004
113.12
192.366
25.214000000000002
47.132
179.649
15.503
81.97500000000001
11.536
20.905
316.473
20.534
66.45
21.921
29.116
50.746
23.642
201.719
12.34
85.754
43.376
62.001000000000005
50.516
9.3
22.965
19.925
16.677
161.68800000000002
64.777
27.557000000000002
149.814
192.954
23.715
16.869
44.49
31.775000000000002
45.17
191.809
18.766000000000002
59.605000000000004
64.113
499.999
8.803
261.105
34.18
41.182
28.126
16.04
125.875
59.528
8.596
39.318
37.18
108.47500000000001
22.865000000000002
22.533
37.522
210.885
38.703
139.066
17.63
13.721
14.729000000000001
29.189
77.165
14.99
235.645
20.821
50.705
47.668
71.102
29.356
109.697
39.832
63.666000000000004
207.227
154.82
30.73
27.326
21.035
24.909
20.628
36.735
20.005
28.634
86.627
13.096
52.011
30.556
84.357
15.278
11.71
17.82
68.051
14.772
39.472
39.315
17.706
33.273
19.139
23.962
68.276
78.503
44.145
56.666000000000004
48.766
80.32300000000001
76.092
14.105
204.912
426.06100000000004
116.386
23.862000000000002
145.622
9.855
26.595
420.17400000000004
40.293
176.096
14.274000000000001
28.688
20.489
42.868
36.231
499.999
14.287
60.987
136.875
28.606
56.867000000000004
70.20700000000001
29.586000000000002
55.234
27.049
80.406
18.782
47.229
14.062000000000001
33.928
14.494
17.349
10.124
14.671000000000001
37.468
59.0
395.46000000000004
111.54
14.549
486.158
85.19800000000001
39.309
23.101
30.845000000000002
29.276
106.308
70.554
330.181
12.435
46.815
30.587
7.814
62.671
34.480000000000004
499.999
21.477
51.351
195.388
18.103
51.921
170.029
118.994
24.265
18.487000000000002
165.136
32.323
49.488
71.147
20.707
281.84000000000003
100.771
103.005
12.713000000000001
22.267
37.355000000000004
88.612
354.31
40.043
66.866
29.683
59.83
115.889
46.819
54.765
11.137
164.01
64.028
21.741
15.266
27.634
47.128
45.048
243.87800000000001
13.277000000000001
29.733
13.732000000000001
34.08
10.451
29.163
24.013
20.09
62.848
23.278000000000002
30.357
15.69
25.628
38.498
25.202
211.781
36.325
83.151
19.554000000000002
8.959
25.252
19.074
25.277
60.905
197.118
61.027
35.994
289.231
13.15
66.894
40.046
52.173
19.315
499.999
20.899
25.386
58.535000000000004
130.288
35.878
202.511
15.068
23.111
174.67600000000002
13.973
189.238
97.135
72.56400000000001
27.516000000000002
89.46300000000001
14.286
155.967
25.855
36.145
270.619
17.05
18.042
32.134
200.683
472.41700000000003
97.285
38.07
21.859
14.777000000000001
50.230000000000004
35.579
44.068
15.321
17.824
19.215
329.58
58.455
33.49
26.545
52.443
25.371000000000002
63.084
229.11700000000002
31.812
128.482
7.7410000000000005
31.426000000000002
42.236000000000004
60.695
499.999
123.974
46.126
24.648
65.393
106.84700000000001
116.236
499.999
38.061
97.69200000000001
351.297
72.499
34.353
28.396
45.456
30.118000000000002
16.575
11.588000000000001
70.022
28.218
249.25300000000001
21.934
25.472
38.123
13.536
89.193
13.053
19.633
14.11
13.378
41.324
42.952
10.978
20.035
499.999
20.7
188.27
53.726
10.581
23.906
169.213
44.846000000000004
11.578
43.099000000000004
162.675
6.72
21.019000000000002
499.999
188.583
83.161
21.666
15.063
27.045
40.841
18.528
18.686
21.266000000000002
33.584
36.606
317.331
22.434
40.268
81.354
25.974
17.687
57.954
33.694
9.716000000000001
298.757
17.975
340.326
17.348
26.57
20.581
8.672
124.031
27.547
68.41
23.064
78.404
37.988
91.429
499.999
96.062
19.476
27.175
26.603
18.168
271.089
20.257
43.017
31.245
37.737
47.22
30.294
70.09400000000001
72.921
18.385
17.259
194.513
499.999
14.798
44.164
25.338
17.134
152.995
44.04
35.355000000000004
78.056
22.708000000000002
27.92
14.313
20.531
27.432000000000002
30.944
78.224
53.101
28.073
499.999
24.636
43.22
28.445
29.491
11.422
14.774000000000001
16.463
14.17
74.169
31.557000000000002
65.034
10.776
61.03
28.507
66.284
165.03300000000002
73.768
76.229
13.668000000000001
26.36
12.088000000000001
15.700000000000001
60.68
45.153
62.846000000000004
499.999
40.846000000000004
499.999
55.898
28.857
28.332
44.024
34.402
23.706
147.757
23.422
47.147
167.419
24.871000000000002
42.47
16.284
16.633
64.753
31.13
33.228
131.997
95.657
21.634
47.037
109.436
25.571
18.641000000000002
45.885
29.541
499.999
18.818
27.165
51.195
135.211
143.181
457.183
89.227
19.555
25.993000000000002
220.11100000000002
22.859
17.36
143.629
17.041
23.076
10.204
22.918
57.004
72.604
66.895
11.742
36.324
157.635
19.111
52.248
12.164
22.122
19.753
16.25
499.999
233.082
19.514
11.846
35.597
139.572
210.173
179.002
339.491
64.982
92.297
13.163
35.375
25.674
37.037
108.5
153.522
331.308
50.730000000000004
32.44
29.076
43.800000000000004
336.27500000000003
17.366
34.016
202.221
54.563
82.754
84.413
29.019000000000002
26.111
143.685
211.121
317.69
38.569
34.629
14.026
33.136
82.902
32.872
28.817
75.884
17.724
25.219
429.50600000000003
12.63
21.583000000000002
13.424
44.57
15.836
18.626
13.019
60.657000000000004
26.798000000000002
22.627
52.352000000000004
43.223
97.374
15.202
35.162
35.148
499.999
31.523
413.845
41.165
22.942
17.034
151.853
27.919
60.803000000000004
18.381
51.989000000000004
24.421
18.139
40.897
18.196
18.842
17.03
151.836
13.631
76.971
19.400000000000002
93.815
48.338
24.506
14.238
22.563
19.008
25.996000000000002
192.187
15.636000000000001
41.486000000000004
33.061
22.622
59.948
271.75
170.484
9.431000000000001
12.259
15.587
11.346
23.47
18.428
43.079
25.593
19.23
147.918
64.131
21.445
31.704
38.282000000000004
355.45300000000003
38.94
54.208
81.25
17.865000000000002
46.044000000000004
20.271
499.999
88.875
46.991
27.678
17.782
18.025000000000002
21.516000000000002
92.729
122.99900000000001
63.552
499.999
21.458000000000002
13.618
18.178
41.398
21.683
20.514
23.513
49.416000000000004
195.059
11.06
44.477000000000004
40.452
43.49
24.834
42.93
85.44500000000001
75.13
42.232
74.285
21.711000000000002
33.617
23.068
122.174
44.831
13.824
15.824
54.464
22.025000000000002
147.136
81.447
16.409
39.432
40.918
23.146
47.734
22.69
82.32000000000001
17.681
27.814
224.947
103.708
367.088
193.03
19.813
26.204
40.468
430.559
30.617
24.272000000000002
26.151
59.282000000000004
21.253
11.174
23.247
87.148
23.306
22.355
46.653
159.077
26.372
124.035
8.877
134.608
11.416
53.687
94.062
57.71
41.746
31.842000000000002
52.949
35.962
54.969
12.374
390.214
20.881
45.678000000000004
19.234
21.516000000000002
30.182000000000002
29.505
99.559
47.629
61.499
25.601
21.274
18.833000000000002
19.347
17.581
96.334
398.878
499.999
12.086
11.419
26.021
98.054
165.215
17.811
21.808
70.666
79.479
49.708
192.966
157.334
21.249
52.626
499.999
243.45600000000002
332.433
221.615
236.286
205.34
38.51
38.468
59.994
15.856
30.232
27.621000000000002
34.627
120.59100000000001
57.169000000000004
39.46
146.75300000000001
32.541000000000004
66.08200000000001
60.262
106.34100000000001
21.764
100.302
144.61
55.236000000000004
499.999
22.888
28.571
77.962
247.68
52.417
66.608
98.35900000000001
26.016000000000002
49.528
31.112000000000002
21.553
12.047
28.219
10.873000000000001
18.851
28.031000000000002
37.314
33.686
107.796
30.046
12.349
38.421
18.525000000000002
86.599
22.168
158.91400000000002
52.018
15.784
75.08800000000001
83.527
74.737
102.84400000000001
60.912
41.538000000000004
16.782
47.26
95.91
27.313
23.21
28.773
20.322
47.782000000000004
54.309000000000005
28.765
61.233000000000004
420.904
41.169000000000004
33.993
110.807
217.16
74.787
14.804
31.837
499.999
225.13
20.764
77.614
35.836
8.666
55.189
44.019
499.999
80.986
51.902
22.583000000000002
79.846
192.598
63.14
36.804
33.263
59.678000000000004
60.839
19.726
19.178
389.725
46.541000000000004
39.31
14.594
15.082
55.277
22.703
499.999
100.58200000000001
147.01
34.423
496.711
35.348
68.084
280.446
16.973
31.585
20.168
39.439
50.106
465.869
86.738
499.999
73.738
41.84
36.992
23.157
12.464
31.843
249.70600000000002
21.604
47.95
30.532
499.999
499.999
33.857
58.379
13.696
93.093
10.084
89.555
499.999
30.240000000000002
24.082
37.535000000000004
59.365
347.908
54.908
499.999
20.285
28.037
65.789
21.295
99.891
23.26
18.711000000000002
47.344
29.442
29.543
28.877
18.37
499.999
76.73
35.176
200.449
19.263
128.077
102.648
15.164
11.402000000000001
70.131
24.025000000000002
15.842
291.208
16.119
35.498
47.057
26.175
24.483
86.33
16.532
15.09
9.365
39.032000000000004
72.587
32.773
31.233
13.631
56.143
25.636
51.752
212.412
18.101
44.812
22.89
23.434
39.231
20.669
76.382
125.099
23.309
55.117000000000004
80.349
21.236
84.624
26.6
25.683
19.362000000000002
35.974000000000004
11.247
28.216
241.095
10.467
16.31
73.38
79.483
25.872
32.056
38.804
25.115000000000002
28.693
59.27
244.954
75.571
56.202
20.103
274.31600000000003
30.048000000000002
18.45
24.19
24.41
32.223
37.372
20.419
499.999
47.992000000000004
82.94200000000001
36.466
40.08
44.874
18.355
194.026
16.766000000000002
15.396
15.040000000000001
499.999
30.124000000000002
22.534
73.974
57.822
35.82
16.952
499.999
33.26
22.249
499.999
37.343
55.823
29.740000000000002
47.834
34.624
237.622
229.871
13.615
66.157
156.258
16.024
173.644
45.719
110.527
20.42
128.55700000000002
30.373
458.159
21.145
38.397
23.319
37.28
99.806
16.374
66.703
83.84100000000001
34.715
42.102000000000004
39.050000000000004
26.258
23.937
307.472
56.92
30.649
24.803
26.479
15.432
19.534
14.575000000000001
58.974000000000004
41.625
74.07600000000001
6.7700000000000005
216.261
21.369
20.117
89.657
14.348
97.096
16.763
15.136000000000001
202.99
118.422
24.228
207.781
16.972
40.712
23.373
19.424
100.559
69.639
45.465
31.177
32.497
24.400000000000002
48.704
26.011
499.999
438.50100000000003
19.423000000000002
29.909
82.996
51.539
51.689
47.888
209.068
108.095
25.053
27.819
14.417
22.639
52.758
305.58
293.197
499.999
48.135
36.099000000000004
371.53000000000003
27.593
17.061
17.165
48.917
82.687
26.175
8.377
25.296
79.82600000000001
121.952
111.718
40.845
30.027
117.24900000000001
48.864000000000004
101.07900000000001
33.848
23.901
36.865
23.247
153.465
10.566
25.801000000000002
49.831
11.675
26.531
291.54200000000003
62.507
14.108
91.226
29.222
389.317
499.999
27.647000000000002
81.747
13.883000000000001
499.999
21.17
22.804000000000002
188.598
16.655
11.253
22.135
39.878
166.123
117.818
477.75600000000003
109.47800000000001
152.042
8.952
11.69
128.445
70.874
22.593
25.574
26.79
13.47
27.655
243.255
17.008
22.92
216.139
16.740000000000002
21.905
45.07
32.897
394.484
42.351
88.297
13.122
335.557
50.42
207.18800000000002
378.36400000000003
110.755
20.115000000000002
261.75100000000003
56.787
32.273
13.656
109.283
40.289
27.344
87.99
18.792
12.265
36.026
16.948
125.126
13.501
90.61
17.202
106.71300000000001
21.013
69.312
18.399
33.556
19.307000000000002
18.455000000000002
45.962
56.334
19.794
14.458
473.423
23.231
64.808
20.798000000000002
181.678
20.193
77.262
15.42
22.471
499.999
10.577
42.787
11.573
31.314
19.531
107.364
12.953
39.912
341.758
103.598
43.674
20.645
250.886
499.999
12.753
41.317
19.174
54.428000000000004
24.944
108.791
499.999
21.696
20.577
33.066
21.176000000000002
50.882
168.77100000000002
333.946
87.802
14.534
46.505
37.439
19.088
46.299
116.924
264.374
81.421
220.90200000000002
27.534
19.891000000000002
28.741
85.372
123.521
12.358
162.109
18.027
123.91
34.745
85.43
19.907
64.044
100.131
32.033
165.312
59.722
14.724
31.138
416.61
499.999
27.413
12.019
281.023
27.788
51.215
29.239
301.886
8.884
78.08500000000001
499.999
48.9
36.769
40.372
37.698
34.442
18.199
32.549
52.433
28.883
75.705
59.507
198.193
78.61
32.529
15.554
218.138
15.437000000000001
499.999
37.182
45.904
27.221
61.743
165.939
13.724
16.917
19.168
10.247
99.702
19.965
35.091
34.541000000000004
25.82
48.910000000000004
499.999
20.914
40.664
22.519000000000002
30.037
17.466
27.072
31.92
41.953
15.725
24.16
28.706
47.624
46.899
35.35
14.602
14.773
48.017
103.653
32.63
245.512
64.68
38.986000000000004
65.675
23.662
295.986
98.479
15.287
185.49
16.195
17.897000000000002
18.092
21.28
325.903
89.654
240.858
72.31400000000001
104.654
22.713
17.845
11.483
9.156
20.314
10.119
15.183
45.015
499.999
26.305
49.464
499.999
31.599
10.683
26.763
22.44
64.737
173.20000000000002
30.752
21.007
16.313
25.938
96.583
19.351
13.593
10.778
74.175
35.864
34.165
23.377
499.999
41.96
33.529
25.764
153.805
135.485
22.994
9.788
26.745
499.999
60.638
48.161
13.15
106.828
161.436
499.999
32.518
499.999
88.534
11.55
31.658
19.312
20.11
15.548
105.891
376.837
11.815
87.578
65.063
133.321
16.434
39.937
12.767
174.937
71.777
143.821
30.056
53.965
31.084
171.256
14.758000000000001
13.382
65.727
11.364
29.34
364.985
71.321
136.864
449.882
21.381
65.112
8.911
130.456
19.024
17.368000000000002
49.582
67.873
18.279
76.599
328.91
85.401
67.364
17.864
26.092000000000002
52.323
161.257
40.5
50.962
84.112
13.441
26.019000000000002
139.386
33.575
11.969
36.652
18.413
52.703
79.464
19.418
14.971
41.048
71.21900000000001
16.243000000000002
27.867
14.040000000000001
45.104
60.955
17.805
38.667
23.618000000000002
20.306
143.323
233.99800000000002
98.787
15.802
56.912
16.232
161.593
24.201
15.989
33.284
47.149
31.716
17.71
123.99600000000001
13.81
106.077
78.274
12.292
41.256
78.167
256.883
41.142
66.668
30.309
13.164
12.129
226.524
47.779
12.796000000000001
23.365000000000002
33.788000000000004
134.19400000000002
105.773
30.27
29.864
16.346
9.162
84.959
366.685
130.887
19.194
22.902
100.123
103.426
60.24
21.268
63.21
24.035
40.004
17.88
80.547
24.396
117.514
26.085
412.089
37.107
348.46500000000003
174.8
82.151
18.823
19.402
59.17
37.839
22.846
8.503
38.534
42.047000000000004
343.18
55.11
39.934
22.834
13.874
30.408
184.26500000000001
38.548
22.465
67.862
9.185
22.139
137.083
30.957
499.999
499.999
65.246
13.242
29.451
18.214
122.078
26.546
125.065
74.166
27.905
37.396
18.881
29.917
321.121
203.5
120.631
381.25600000000003
313.899
22.244
499.999
174.809
21.872
22.527
22.925
40.898
189.585
18.359
20.183
111.549
110.73400000000001
499.999
31.663
69.26
94.167
21.621000000000002
22.43
60.623000000000005
49.571
69.776
13.915000000000001
186.959
92.098
33.661
40.796
47.357
24.214000000000002
21.715
180.03
40.636
31.617
19.064
70.687
71.565
46.08
40.283
56.013
12.132
29.131
48.88
18.171
97.02
15.543000000000001
75.411
118.74600000000001
76.055
13.751
81.736
14.518
39.536
14.767
24.791
27.534
35.504
499.999
27.585
16.25
42.009
117.693
28.504
46.573
10.282
316.032
55.753
159.109
28.95
16.062
71.313
56.218
41.562
99.45400000000001
152.23
69.296
58.44
16.47
32.939
18.797
11.405
17.8
18.239
27.306
382.269
25.966
44.835
87.56400000000001
47.414
61.34
43.909
200.788
499.999
234.481
44.197
56.183
58.288000000000004
43.589
55.194
22.406
121.857
499.999
33.894
21.889
23.345
14.494
46.839
44.773
499.999
93.569
42.101
39.116
41.802
56.363
25.951
21.55
26.248
70.613
12.502
119.785
39.946
42.924
34.954
34.133
10.77
113.086
130.424
54.833
66.96900000000001
36.123
17.774
11.178
30.419
120.97
17.244
22.753
15.84
46.18
23.643
40.882
106.991
19.053
17.677
28.201
150.19400000000002
133.139
11.585
289.98900000000003
119.413
10.657
27.928
14.566
18.157
71.94500000000001
34.125
89.837
21.943
166.44400000000002
26.579
22.334
32.29
106.206
13.324
161.51
67.526
17.830000000000002
113.23700000000001
78.396
51.787
36.928
9.231
91.85000000000001
54.381
62.719
32.785000000000004
64.486
12.631
14.957
42.06
50.201
25.382
58.079
499.999
40.027
19.206
20.322
33.815
14.673
42.551
17.131
18.711000000000002
23.54
14.832
83.386
37.979
30.331
116.34
13.422
51.774
25.423000000000002
101.113
145.375
442.657
162.072
171.168
22.088
18.535
17.830000000000002
26.059
20.075
44.645
27.55
125.989
20.824
16.779
38.922000000000004
121.36800000000001
52.139
499.999
26.818
29.716
125.311
38.526
10.578
17.524
80.24
66.821
10.015
23.835
19.537
11.474
196.76500000000001
65.42
34.733000000000004
49.887
208.33
175.66
39.447
351.622
10.388
60.796
86.598
20.718
499.999
24.36
307.459
60.889
24.86
265.40500000000003
25.446
35.0
12.964
14.195
11.486
13.105
61.364000000000004
186.829
20.801000000000002
49.437
57.262
17.939
252.424
71.049
17.738
20.855
113.955
9.759
22.400000000000002
37.494
46.793
91.959
16.976
26.82
22.718
82.141
13.025
43.098
31.131
23.425
11.623000000000001
19.709
20.199
31.777
117.15
54.31
100.929
204.096
78.653
102.9
56.781
38.195
91.84
499.999
134.468
29.400000000000002
135.049
59.321
11.702
16.875
142.379
29.577
21.774
70.12
26.045
81.574
41.78
13.808
194.848
24.904
25.974
62.457
30.844
499.999
16.433
15.897
23.386
9.952
78.529
17.884
51.634
47.086
152.118
8.299
60.705
253.03300000000002
68.729
15.036
199.93200000000002
12.942
30.275000000000002
36.753
19.071
48.879
21.218
84.414
18.922
305.939
461.212
28.054000000000002
17.775000000000002
85.688
33.471000000000004
62.644
237.708
28.726
62.046
25.201
14.985
36.555
33.574
34.122
39.128
58.515
107.985
499.999
14.657
10.63
10.113
63.219
21.929000000000002
38.911
15.5
25.702
12.156
18.857
211.862
8.282
10.198
29.312
154.129
268.041
15.031
50.252
34.082
105.67
118.944
20.162
499.999
27.676000000000002
47.923
13.246
26.438
414.248
68.253
11.923
36.025
116.307
127.257
49.645
27.63
8.535
46.522
27.357
15.031
43.72
355.789
13.199
499.999
12.399000000000001
136.227
14.821
20.111
52.09
109.46000000000001
16.805
176.203
14.604000000000001
370.564
142.485
12.228
22.381
65.761
53.505
499.999
40.988
45.82
216.83100000000002
21.759
24.009
31.016000000000002
45.849000000000004
67.81400000000001
54.841
17.842
44.752
162.379
164.941
13.315
53.373000000000005
44.205
40.573
59.454
136.717
78.275
38.611000000000004
47.754
47.702
17.373
42.755
22.345
22.471
24.537
32.097
271.159
12.532
73.683
28.886
49.512
26.127
24.288
38.353
84.096
64.57000000000001
31.373
48.005
39.346000000000004
110.861
16.0
44.088
33.121
10.129
42.21
39.986000000000004
63.122
48.187
68.797
26.511
24.212
20.266000000000002
14.071
208.957
35.851
20.651
18.479
251.973
15.902000000000001
266.823
35.023
499.999
18.085
499.999
28.015
138.02700000000002
22.153
33.037
120.392
16.523
14.027000000000001
136.257
44.356
13.1
14.775
17.324
59.893
40.571
22.29
29.129
13.584
16.367
36.499
17.625
52.061
13.431000000000001
18.902
16.932
41.367
21.654
466.05400000000003
51.299
30.905
75.937
361.69100000000003
17.575
32.069
39.660000000000004
135.874
71.161
72.68
499.999
121.398
162.997
28.243000000000002
39.775
379.023
40.375
14.116
34.807
11.314
18.904
50.464
23.072
29.452
26.571
51.173
99.58200000000001
16.145
171.71800000000002
85.389
15.487
27.177
40.142
24.641000000000002
19.684
29.316
363.76
46.707
200.347
15.773
46.824
58.281
153.356
127.007
11.577
35.491
35.122
67.21600000000001
69.575
40.461
38.102000000000004
15.344000000000001
130.468
93.654
19.061
81.359
35.908
18.294
30.513
25.664
255.352
88.574
38.498
28.173000000000002
349.22700000000003
41.513
76.889
24.941
29.827
20.273
143.446
20.128
252.195
88.932
15.459
165.593
47.272
30.352
24.429000000000002
175.793
31.741
21.222
66.225
53.831
499.999
23.689
41.973
50.031
22.563
24.945
18.915
21.217
25.52
32.843
37.693
499.999
39.301
52.062
35.06
85.96000000000001
78.486
23.067
29.830000000000002
57.415
38.775
25.396
27.551000000000002
13.767
36.634
95.363
54.697
259.493
499.999
25.013
222.584
47.259
16.841
19.093
19.085
499.999
499.999
16.324
26.648
204.088
9.445
18.228
7.953
13.717
298.151
21.708000000000002
175.80700000000002
15.868
68.111
110.521
45.037
36.233000000000004
9.437
37.501
43.245
75.045
19.072
17.694
11.228
152.195
130.893
479.158
41.796
268.037
19.909
50.065
15.23
8.873
27.726
499.999
26.485
20.983
33.464
40.873
10.869
213.49200000000002
16.084
72.795
499.999
355.672
65.572
499.999
67.762
13.43
23.137
41.038000000000004
24.855
30.119
26.158
11.9
329.577
60.023
231.00900000000001
128.481
35.682
27.068
11.011000000000001
11.777000000000001
94.908
103.343
31.229
341.117
162.056
27.419
211.458
10.548
29.819
20.876
13.366
20.758
22.997
16.624
17.826
33.993
156.554
12.868
15.103
24.466
172.177
52.675000000000004
15.241
19.625
71.293
41.01
39.988
20.249
101.177
19.588
89.748
22.17
13.574
34.155
131.334
30.035
31.286
15.301
28.213
32.365
499.999
15.758000000000001
201.919
60.13
208.129
499.999
27.981
43.800000000000004
18.51
13.848
70.96600000000001
33.567
112.662
204.17000000000002
92.4
23.945
26.62
63.887
13.364
8.836
27.601
39.837
64.102
46.338
13.653
246.018
22.052
36.217
22.69
72.628
84.98100000000001
29.427
237.40200000000002
211.464
24.929000000000002
32.688
26.836000000000002
41.404
57.965
108.147
126.61800000000001
48.055
20.735
17.218
40.877
269.074
18.201
45.674
499.999
14.108
15.462
17.693
36.269
66.502
15.112
230.049
59.519
16.808
24.475
47.976
157.746
52.657000000000004
20.797
14.353
126.041
20.413
10.638
13.064
18.629
26.666
38.602000000000004
12.779
15.355
100.497
26.009
106.881
52.504
22.182000000000002
17.411
125.784
32.77
398.831
20.932000000000002
15.072000000000001
31.636
46.776
33.572
10.974
244.084
31.325
27.693
96.751
57.445
284.469
38.349000000000004
29.142
25.276
185.201
44.318
16.451
14.984
74.492
108.70400000000001
108.786
142.05
117.906
20.023
23.809
45.846000000000004
116.206
42.075
499.999
31.987000000000002
17.884
28.574
68.444
18.753
44.498
43.124
17.675
18.059
18.449
42.245
35.639
11.097
59.717
27.575
144.78900000000002
191.254
27.793
22.552
43.488
174.67600000000002
36.946
12.593
27.979
83.203
42.668
58.509
115.741
98.676
57.288000000000004
144.55
82.65
68.44800000000001
53.252
10.455
38.99
31.676000000000002
79.156
23.924
499.999
202.811
11.191
13.031
182.846
20.301000000000002
39.823
12.585
80.621
30.486
32.396
246.762
82.827
27.723
24.525000000000002
266.496
15.307
202.91
15.604000000000001
95.632
114.572
16.803
152.815
34.319
10.708
83.111
28.446
14.012
53.182
91.78
17.481
102.971
137.26500000000001
49.567
42.099000000000004
157.066
27.848
232.132
26.496000000000002
17.182
11.805
37.189
23.723
75.22
106.724
35.503
176.174
51.44
25.584
113.004
34.567
25.478
139.31900000000002
161.15800000000002
46.237
24.129
16.396
31.837
22.811
34.22
229.025
24.629
34.259
499.999
36.411
37.52
73.774
362.25600000000003
499.999
499.999
69.855
144.316
25.396
29.109
22.476
29.989
448.822
37.144
36.832
17.335
15.297
35.47
230.817
33.183
16.468
26.132
41.593
24.592
12.368
210.27
251.546
28.766000000000002
224.887
290.915
373.607
32.03
19.334
298.51300000000003
24.028000000000002
45.409
16.932
499.999
499.999
64.014
151.812
499.999
17.229
7.948
198.93
26.974
17.017
12.798
50.987
67.51
20.367
18.941
16.079
24.815
93.703
48.235
16.121
41.016
37.754
33.529
66.614
13.272
27.945
149.50900000000001
7.987
54.872
76.081
55.948
63.586
189.957
19.132
48.887
75.961
58.315
63.837
87.027
32.072
45.481
42.693
51.368
29.893
47.94
20.035
15.437000000000001
16.742
42.057
22.435
20.307000000000002
102.21000000000001
26.786
470.939
183.004
499.999
23.684
499.999
72.751
499.999
24.132
26.823
106.527
9.568
21.931
10.648
13.698
19.131
26.226
28.118000000000002
416.892
44.598
215.627
132.208
22.204
72.284
209.637
28.983
15.978
9.649000000000001
25.67
12.821
499.999
205.316
499.999
22.551000000000002
21.074
45.571
9.077
31.759
14.372
99.188
9.353
21.851
28.455000000000002
167.347
23.117
28.027
11.519
24.574
499.999
17.846
16.392
499.999
25.818
134.119
33.051
45.583
19.204
370.034
28.14
75.32600000000001
67.742
21.52
86.869
50.5
89.46300000000001
42.862
30.663
16.515
13.303
69.327
95.771
58.871
33.059
29.771
19.789
112.301
81.274
106.60300000000001
86.745
12.414
79.542
44.624
56.702
22.559
14.404
73.936
13.101
29.36
397.76800000000003
15.05
93.41
56.053000000000004
45.64
22.834
34.799
46.25
16.975
17.357
17.017
18.088
32.672000000000004
54.008
36.518
120.055
27.154
54.97
80.144
25.291
33.906
92.044
499.999
494.86
27.571
58.538000000000004
29.847
37.572
10.845
49.884
29.538
69.327
35.326
15.013
15.793000000000001
16.546
29.96
40.376
25.719
62.879
116.633
25.483
377.041
16.328
40.683
45.843
23.559
301.748
21.846
11.997
19.327
18.632
43.634
18.539
19.51
42.623
19.704
30.653000000000002
13.697000000000001
30.727
18.717
22.249
32.825
21.219
49.868
10.08
36.365
52.499
17.568
13.887
202.895
34.613
13.35
166.055
54.942
25.241
43.571
17.407
18.252
499.999
15.543000000000001
23.579
54.636
123.706
19.381
127.598
13.25
42.554
15.102
61.795
36.214
24.488
79.922
20.466
70.925
13.273
33.46
41.421
293.422
23.191
190.369
13.196
107.84400000000001
27.304000000000002
35.423
66.106
147.05
62.921
38.024
499.999
16.063
10.146
21.519000000000002
156.972
24.009
75.294
50.206
150.449
54.527
24.725
19.679000000000002
33.955
12.468
197.965
8.332
78.688
23.869
26.721
19.003
19.515
44.501
39.972
118.413
44.923
62.619
84.851
82.054
12.986
17.781
20.262
499.999
21.13
21.816
48.312
28.523
35.961
9.893
230.299
207.372
20.359
25.877
49.811
211.311
37.686
20.646
44.447
48.731
19.072
18.599
223.142
18.457
9.787
41.789
23.525000000000002
22.578
7.793
12.555
32.647
51.161
22.624
308.998
89.18
109.56
13.404
49.219
13.593
32.651
463.921
11.669
55.968
29.612000000000002
71.581
40.793
28.594
16.703
98.074
23.957
24.481
53.244
43.892
53.778
499.999
499.999
17.635
42.848
24.794
41.889
155.098
27.892
49.285000000000004
19.247
11.318
54.759
52.267
22.463
12.967
254.118
32.156
25.035
10.674
35.687
80.618
35.212
14.881
95.61200000000001
15.893
69.721
15.939
27.658
24.917
78.604
21.448
29.757
83.67
24.802
131.066
499.999
22.929000000000002
166.091
19.889
32.536
74.229
32.271
63.841
15.357000000000001
27.947
30.262
30.174
38.064
10.631
140.352
11.419
24.688
22.298000000000002
87.362
21.782
43.248
28.606
22.391000000000002
134.39000000000001
17.423000000000002
37.065
8.935
24.707
10.227
256.034
229.695
23.830000000000002
29.617
35.877
10.461
143.811
30.205000000000002
42.61
66.315
100.541
24.388
256.502
17.512
68.04
31.223
499.999
499.999
235.725
38.288000000000004
17.963
42.928000000000004
18.854
57.209
17.474
36.410000000000004
90.668
25.896
16.9
348.039
17.622
39.13
78.74
499.999
104.42
499.999
21.776
29.135
16.171
140.073
52.951
30.999000000000002
43.107
22.467
24.156
106.285
22.903000000000002
26.911
49.973
53.783
85.024
62.566
111.218
18.139
12.81
16.128
61.843
27.767
15.233
100.025
15.536
406.628
102.013
19.643
61.017
136.913
39.908
32.99
54.642
43.336
17.29
28.617
33.384
105.07000000000001
68.569
20.687
79.529
391.317
486.98
123.102
225.947
30.115000000000002
198.437
14.389000000000001
272.639
101.39
30.409
70.123
19.044
39.056
15.11
194.085
44.347
200.966
387.67
43.021
20.733
224.726
158.019
10.682
12.533
99.9
447.783
27.425
118.179
18.083000000000002
47.306000000000004
97.668
40.407000000000004
16.841
33.197
16.095
20.233
27.006
7.933
76.081
24.26
148.917
66.409
66.821
112.156
43.122
88.785
194.991
28.722
32.541000000000004
26.418
118.652
418.075
13.517
50.842
364.36400000000003
27.824
34.379
23.394000000000002
15.163
13.542
80.193
39.156
26.375
23.722
80.19500000000001
499.999
13.659
40.339
98.002
242.27700000000002
17.438
20.997
30.327
35.564
18.363
90.483
71.396
63.422000000000004
31.35
25.728
24.253
499.999
15.165000000000001
11.505
14.262
40.137
54.854
15.321
10.249
137.65800000000002
38.382
24.693
47.246
9.901
13.698
46.458
37.165
46.048
30.878
53.67
14.706
14.405000000000001
60.96
33.93
67.804
92.532
39.044000000000004
20.725
21.041
50.131
25.934
31.122
278.50600000000003
32.331
53.168
18.722
44.595
164.363
75.882
30.442
65.257
219.06
51.871
30.097
44.245
15.857000000000001
16.448
29.356
10.402000000000001
13.147
85.013
18.651
58.208
131.638
22.828
122.799
18.439
39.829
44.091
9.58
183.328
23.024
499.999
29.709
53.943
57.443
116.711
16.168
13.47
105.235
225.936
20.150000000000002
17.958000000000002
110.691
23.298000000000002
12.425
79.952
118.93900000000001
22.972
123.399
24.581
499.999
30.505
21.014
62.479
19.43
129.544
14.964
33.983000000000004
222.346
30.382
47.716
91.58800000000001
19.987000000000002
94.796
22.908
48.292
24.375
117.202
499.999
65.203
23.344
13.026
144.116
37.276
56.721000000000004
61.121
25.492
10.998000000000001
52.42
43.995
46.081
28.284
18.681
167.136
21.813
28.909
19.879
28.253
56.733000000000004
36.688
19.097
16.832
31.265
95.586
499.999
499.999
29.473
43.507
33.574
26.614
10.767
28.659
15.307
33.355000000000004
41.007
20.371
13.870000000000001
57.352000000000004
24.671
29.21
118.293
148.988
59.098
21.553
9.021
16.896
321.319
208.51
35.72
14.397
21.523
32.614
262.645
160.464
86.266
42.995
16.827
97.643
13.995000000000001
57.661
29.021
35.526
35.262
13.751
40.089
27.987000000000002
23.688
26.555
44.383
116.485
13.15
40.157000000000004
139.29
16.079
24.087
352.648
32.711
32.848
106.71900000000001
32.588
35.433
28.476
107.468
19.400000000000002
25.209
13.238
20.79
42.408
133.296
104.45400000000001
387.528
65.805
43.634
30.336000000000002
262.574
22.375
53.11
370.346
12.327
29.706
15.395
13.866
61.622
15.736
92.052
28.528000000000002
31.194
43.197
17.72
29.099
13.443
14.303
21.977
21.608
44.116
52.858000000000004
197.508
28.337
108.479
16.394000000000002
28.121000000000002
46.543
12.621
6.84
19.852
20.67
53.112
36.74
45.480000000000004
11.527000000000001
26.854
25.884
173.032
28.606
57.718
46.963
9.301
54.093
55.148
20.615000000000002
28.876
25.43
21.366
56.502
299.019
32.009
50.660000000000004
167.229
19.492
27.674
232.058
45.481
191.061
11.057
18.349
15.603
109.262
18.376
37.551
49.713
40.879
19.87
52.027
11.063
35.489
24.532
107.145
22.101
13.161
15.354000000000001
499.999
85.46300000000001
85.203
25.242
76.243
90.761
28.094
23.134
19.485
22.909
37.093
182.732
125.75500000000001
237.097
55.522
124.724
16.411
45.305
246.08
22.781
22.222
27.443
46.85
28.86
22.234
30.080000000000002
19.929000000000002
17.07
10.950000000000001
18.871
52.642
11.26
43.864000000000004
20.488
280.601
48.226
32.198
23.427
38.06
18.456
19.733
25.985
61.814
121.404
33.964
395.3
61.919000000000004
22.362000000000002
151.338
57.072
20.06
164.399
34.479
9.227
128.692
67.361
10.454
41.02
14.875
16.532
499.999
118.279
126.456
14.947000000000001
26.23
20.627
11.517
16.235
34.726
357.181
179.536
22.413
15.721
28.266000000000002
55.537
26.281
121.236
25.546
361.06
17.008
85.147
29.995
69.97200000000001
103.537
17.907
36.165
13.99
15.425
15.832
47.255
19.652
499.999
187.391
73.995
39.0
16.518
25.95
192.239
46.494
25.363
51.336
33.595
36.84
42.514
39.6
29.318
19.335
16.393
48.626
35.002
38.293
174.624
21.865000000000002
499.999
14.239
23.38
35.292
16.05
499.999
171.03900000000002
38.708
10.81
25.874
29.199
17.491
44.251
370.14300000000003
23.985
35.246
52.238
164.651
27.522000000000002
34.409
95.295
76.436
18.535
35.622
206.367
17.605
499.999
17.594
43.487
33.975
32.492
91.677
25.591
39.18
30.459
16.039
21.277
68.018
25.060000000000002
65.81
76.063
21.959
35.215
35.696
18.53
45.647
14.676
27.587
26.761
33.973
17.486
18.841
19.1
31.13
28.173000000000002
48.746
105.334
19.286
14.813
129.151
77.45100000000001
101.518
32.436
15.537
177.242
69.636
15.973
12.113
18.715
20.878
36.328
277.57800000000003
78.77
12.446
17.586000000000002
40.108000000000004
58.792
179.228
71.68
17.744
21.769000000000002
22.224
117.967
499.999
10.631
18.208000000000002
499.999
38.239000000000004
28.469
16.395
72.58
154.449
33.997
11.547
43.841
186.579
36.865
100.291
29.962
12.143
93.19200000000001
17.82
10.175
37.141
36.256
59.733000000000004
499.999
40.294000000000004
28.009
21.650000000000002
155.92000000000002
264.702
105.539
18.481
130.135
43.505
46.159
23.858
33.764
38.78
15.514000000000001
25.657
355.606
140.663
15.185
21.242
14.25
47.65
17.902
35.987
108.848
21.551000000000002
33.345
125.26
84.392
110.751
26.136
11.835
9.798
51.765
127.411
21.068
428.594
418.065
49.246
25.330000000000002
67.502
190.728
19.19
20.764
20.994
18.449
260.669
29.655
25.533
59.843
47.392
315.608
26.926000000000002
41.907000000000004
64.645
64.724
15.411
124.06
82.142
26.182000000000002
10.426
182.626
43.231
17.287
141.097
8.372
10.959
42.003
20.049
238.794
26.002
470.382
19.687
24.532
118.044
15.636000000000001
51.422000000000004
20.231
24.889
80.07000000000001
54.04
15.313
16.874
20.947
18.086000000000002
131.707
28.89
41.518
12.032
15.123000000000001
22.907
8.117
499.999
111.251
67.415
57.502
499.999
17.606
18.318
264.258
28.02
199.332
51.262
34.542
209.278
92.996
103.76
499.999
19.51
41.435
37.565
51.784
48.243
44.854
37.079
13.363
211.263
27.808
103.44200000000001
22.01
38.017
20.796
26.273
21.986
23.285
31.616
42.029
499.999
499.999
14.673
80.667
180.08
18.34
34.61
19.865000000000002
31.774
25.355
35.14
32.516
12.043000000000001
35.129
206.798
88.834
52.886
30.632
71.58500000000001
43.055
17.5
56.39
67.931
13.669
26.557000000000002
32.805
96.238
47.81
27.957
53.751
13.389000000000001
36.171
49.094
27.353
73.859
58.862
14.684000000000001
32.738
11.882
16.353
19.486
36.437
29.444
15.753
51.186
36.555
311.249
140.779
27.013
80.233
128.672
331.382
54.028
11.587
24.018
14.992
499.999
25.496000000000002
499.999
19.775000000000002
15.089
11.243
186.954
38.886
161.518
44.464
67.9
125.34100000000001
18.086000000000002
357.337
72.642
249.495
46.305
33.467
22.973
18.727
51.646
76.462
25.016000000000002
24.538
44.472
499.999
15.077
46.935
13.263
42.051
212.766
73.093
36.692
17.363
44.76
18.88
20.816
45.538000000000004
9.978
29.865000000000002
94.913
461.652
60.15
51.413000000000004
7.556
36.855000000000004
22.636
30.198
36.61
72.927
34.61
24.853
20.491
158.0
9.823
11.193
50.841
18.982
135.64600000000002
10.878
25.044
42.19
34.941
43.211
32.859
92.288
19.114
42.529
45.847
11.436
78.875
69.368
394.151
9.749
63.17
30.89
23.64
58.845
115.883
34.738
51.846000000000004
24.714000000000002
12.098
9.537
235.37800000000001
216.187
43.581
20.065
28.218
120.769
7.0680000000000005
41.965
27.411
40.69
499.999
139.781
35.873
127.928
41.277
59.074
222.792
20.049
16.592
150.627
93.084
20.894000000000002
53.007
334.104
17.244
13.120000000000001
54.313
499.999
218.947
63.15
21.763
8.523
156.434
27.063
101.797
79.07600000000001
20.418
76.45100000000001
36.77
24.085
14.881
335.291
17.006
69.662
43.898
215.363
44.910000000000004
25.456
23.626
27.511
20.978
12.211
9.909
55.474000000000004
148.363
40.61
63.25
10.972
54.324
26.53
64.559
29.223
63.386
53.218
18.216
21.028
26.118000000000002
38.335
43.924
12.361
59.974000000000004
84.755
139.49
80.661
39.674
144.219
58.84
13.107000000000001
24.921
39.107
499.999
83.362
171.826
56.633
324.05400000000003
19.879
26.524
293.70300000000003
15.628
81.993
473.332
18.809
9.803
30.651
41.606
36.304
499.999
21.907
139.883
141.598
28.592000000000002
98.84700000000001
121.046
28.071
97.438
21.563
34.368
28.095
72.774
42.953
30.154
19.632
35.683
11.641
38.449
20.154
24.506
31.018
22.268
57.637
54.653
42.756
27.825
100.553
31.153000000000002
17.243000000000002
34.815
63.912
27.186
31.983
31.126
17.704
19.819
18.397000000000002
38.678
9.138
42.618
261.482
76.375
21.265
46.005
18.104
24.713
32.076
16.235
35.5
89.931
9.997
105.773
192.086
178.374
162.982
65.173
39.649
484.568
41.748
36.368
35.639
23.989
15.77
327.371
58.445
25.204
19.844
20.675
29.156000000000002
110.869
58.752
16.02
499.999
59.549
80.142
54.272
30.097
12.74
13.299
16.094
59.486000000000004
64.81700000000001
20.131
18.685
201.409
27.464000000000002
23.994
143.674
241.07
131.356
31.861
117.393
28.409
13.522
18.625
49.494
159.785
38.026
40.316
79.908
23.595
23.361
23.471
39.506
46.216
23.764
99.167
30.788
24.241
293.961
12.339
36.779
41.443
39.123
448.303
57.85
64.554
18.273
81.681
14.912
14.405000000000001
101.58200000000001
41.812
24.346
36.81
41.65
499.999
25.063
19.404
11.793000000000001
173.823
54.215
60.328
11.189
25.253
12.987
61.962
52.954
24.294
44.525
36.388
499.999
26.267
60.619
134.641
12.355
25.323
26.54
349.532
12.578
24.548000000000002
13.984
62.072
27.518
60.696
12.744
48.242000000000004
16.067
17.019000000000002
499.999
67.551
19.667
76.154
36.15
51.598
10.308
127.694
42.824
29.039
145.294
77.765
58.343
13.72
20.184
56.167
150.641
216.953
23.72
174.982
109.887
74.514
16.979
139.185
22.59
24.942
44.357
19.446
98.543
48.251
19.827
36.383
140.90200000000002
94.536
16.6
12.628
83.949
37.09
124.711
36.054
311.57
18.562
14.540000000000001
60.737
93.882
18.504
44.69
20.169
80.389
86.143
22.603
12.418000000000001
37.307
499.999
19.669
113.513
16.251
23.924
31.643
43.438
43.283
10.3
10.441
13.174
17.972
20.792
228.643
41.742
39.036
158.344
14.889000000000001
145.284
20.232
16.408
15.144
8.907
59.649
27.527
16.824
45.109
58.931000000000004
45.942
35.85
207.643
17.564
11.485
52.529
12.353
200.92600000000002
14.916
16.608
18.235
40.166000000000004
61.1
25.023
42.778
27.664
17.865000000000002
22.776
11.258000000000001
29.314
24.35
10.891
26.854
49.127
33.821
15.422
499.999
18.073
20.37
12.565
75.021
34.098
46.367000000000004
10.484
17.874
10.273
25.506
56.602000000000004
61.426
39.056
23.149
23.273
55.735
22.114
29.927
160.14000000000001
26.288
37.06
12.475
229.012
10.164
54.410000000000004
11.118
20.771
149.849
22.213
62.58
21.527
63.946
15.657
36.344
26.018
123.19500000000001
35.293
26.353
42.145
12.147
11.605
25.862000000000002
30.126
32.577
14.319
102.903
213.772
32.162
31.882
20.534
99.44200000000001
153.573
37.062
12.892
43.331
200.366
40.816
499.999
65.638
20.657
25.965
18.32
15.55
9.737
25.34
56.536
21.742
25.069
23.78
53.758
16.373
12.989
52.136
145.31900000000002
211.721
14.515
30.91
9.786
9.359
80.018
21.473
17.824
25.641000000000002
22.068
17.076
15.572000000000001
21.712
74.616
12.439
25.482
16.082
53.091
499.999
63.974000000000004
57.301
118.443
16.875
18.193
411.44
52.393
23.066
47.257
27.004
73.255
32.136
16.214
13.096
15.142
499.999
36.593
11.0
68.023
35.083
63.503
13.052
20.302
23.912
13.989
31.152
13.885
499.999
12.482000000000001
170.739
41.132
10.811
65.407
44.945
10.612
43.286
101.748
45.246
122.104
9.302
25.387
25.308
42.755
45.975
23.332
15.778
22.671
36.448
13.134
24.058
59.684000000000005
77.566
38.192
12.643
44.541000000000004
11.558
48.731
46.352000000000004
18.652
46.888
65.674
52.577
17.686
22.395
320.945
49.073
148.86
14.984
25.861
8.312
16.884
287.358
10.26
63.657000000000004
45.747
10.764
19.858
12.594
499.999
46.256
44.172000000000004
46.617000000000004
43.853
18.923000000000002
12.075000000000001
182.178
499.999
57.671
199.122
25.696
116.94200000000001
40.002
24.217
59.446
499.999
33.371
52.672000000000004
216.484
41.585
200.45000000000002
208.808
219.208
25.102
142.498
19.353
324.35200000000003
20.168
223.24200000000002
52.620000000000005
28.983
36.96
258.698
184.89000000000001
39.012
59.129
297.812
11.64
11.307
26.278000000000002
73.982
50.216
32.983000000000004
21.125
23.497
18.088
30.974
17.342
74.366
302.402
21.734
15.489
16.477
20.330000000000002
151.136
294.14
34.096000000000004
61.675000000000004
16.064
15.252
24.689
35.575
35.21
28.51
106.94
28.846
46.211
12.341000000000001
31.292
52.242000000000004
52.954
15.19
24.423000000000002
245.445
251.794
75.804
301.05
499.999
195.737
377.297
25.986
52.497
22.415
73.7
28.893
9.965
36.961
275.755
39.300000000000004
11.121
157.372
11.505
29.933
19.841
20.681
370.64
59.155
23.933
38.291000000000004
66.84
196.363
24.285
25.453
59.023
31.075
8.676
13.615
19.732
13.633000000000001
76.833
21.067
19.845
19.527
30.7
24.184
29.862000000000002
84.82900000000001
17.59
213.979
84.735
23.119
16.994
50.387
94.756
14.728
499.999
499.999
20.76
44.768
15.901
140.616
59.707
47.65
15.969000000000001
132.608
11.581
23.197
37.341
136.536
20.031
32.632
12.703
15.169
45.996
16.207
26.445
12.702
29.909
499.999
28.077
308.189
30.717000000000002
229.728
17.481
35.407000000000004
32.327
31.198
22.074
95.875
386.455
17.432
31.447
31.002
452.91
28.826
35.235
28.252
46.121
83.013
18.799
16.948
19.331
22.057000000000002
58.75
182.757
28.055
12.603
228.228
31.198
499.999
301.588
47.949
49.936
42.959
11.143
15.984
59.852000000000004
29.877
47.016
396.36
21.39
20.828
159.141
56.152
37.179
17.609
499.999
125.598
20.277
19.415
41.322
17.314
411.769
22.115000000000002
35.358000000000004
10.132
13.179
34.516
81.057
42.772
11.370000000000001
177.486
42.361000000000004
44.938
23.835
25.747
10.788
23.677
41.154
38.92
20.477
17.975
36.966
51.725
37.217
27.065
18.187
49.645
14.001
73.517
19.782
138.853
21.761
21.576
28.909
52.062
20.955000000000002
143.574
21.111
19.789
73.575
18.85
61.225
215.685
71.044
30.111
155.17000000000002
20.128
144.067
26.93
25.708000000000002
64.663
335.547
50.208
322.305
32.262
19.149
16.237000000000002
66.272
56.382
164.793
25.43
61.155
13.36
349.183
21.257
20.462
21.292
26.575
30.065
19.29
36.01
29.291
181.042
227.31300000000002
24.071
11.233
104.061
25.491
52.543
124.581
26.04
36.751
19.459
37.023
42.282000000000004
37.837
375.07
302.636
12.612
180.088
28.963
16.241
21.335
107.348
15.176
12.432
38.985
19.043
62.586
28.227
26.048000000000002
35.563
75.047
71.874
17.297
78.14
38.58
40.42
103.69200000000001
18.6
37.050000000000004
31.978
18.638
16.571
46.673
21.965
499.999
14.894
13.450000000000001
31.42
13.052
28.666
209.365
25.753
22.663
31.336000000000002
78.657
499.999
18.257
499.999
14.123000000000001
34.38
37.27
11.841000000000001
13.124
10.696
13.596
17.84
24.268
51.699
29.488
17.444
31.207
315.345
12.381
8.386000000000001
35.929
25.355
36.148
12.897
354.707
20.342
23.215
46.729
84.191
499.999
28.605
28.242
79.04
23.162
51.76
169.95000000000002
60.767
14.852
11.981
112.21000000000001
17.372
58.416000000000004
21.358
126.293
16.939
69.371
28.381
65.766
48.242000000000004
17.095
81.03
11.253
50.6
29.519000000000002
62.935
51.537
15.09
235.168
213.643
45.376
20.462
78.965
28.349
47.097
16.608
30.651
144.405
15.849
33.038000000000004
188.549
28.125
30.924
23.346
21.316
20.782
19.007
36.056
40.338
31.826
57.595
26.142
68.72200000000001
24.425
8.991
17.253
462.455
15.648
49.365
14.338000000000001
499.999
78.005
37.112
32.095
38.314
22.873
27.426000000000002
58.14
33.468
30.902
15.382
499.999
17.292
35.071
22.875
14.472
16.032
75.514
37.455
499.999
66.262
143.066
154.764
50.499
149.255
22.581
21.386
34.730000000000004
16.871
70.749
83.764
20.267
466.55
110.647
27.764
133.038
163.678
15.85
54.088
112.644
37.195
236.333
99.958
53.097
23.748
18.892
60.095
21.979
16.426000000000002
205.238
126.76
26.004
51.763
65.903
66.45
15.181000000000001
31.893
14.515
26.768
83.109
120.245
81.519
27.587
103.491
23.726
20.472
46.01
117.196
46.764
274.77
78.858
423.297
12.286
32.302
36.344
9.581
202.699
19.244
56.57
223.448
39.931
177.269
43.625
37.532000000000004
132.747
182.043
499.999
49.589
19.798000000000002
46.114000000000004
34.295
71.441
499.999
64.453
55.826
23.581
54.339
16.337
78.657
38.275
172.81
110.235
23.015
34.194
21.257
50.125
24.522000000000002
19.094
16.676000000000002
435.492
35.317
27.312
147.87800000000001
17.487000000000002
24.874
57.288000000000004
76.004
11.245000000000001
26.809
148.085
39.348
34.26
81.852
17.087
24.486
195.911
32.176
137.51
195.068
13.878
21.642
93.873
201.234
30.907
20.636
24.513
23.166
24.211000000000002
11.212
16.724
24.54
18.452
16.268
18.256
21.458000000000002
32.655
9.452
47.881
36.093
165.531
21.252
11.585
28.542
71.105
9.071
123.337
38.984
10.675
17.143
55.422000000000004
42.675000000000004
20.716
174.816
169.135
9.702
26.822
16.943
42.421
94.961
24.745
60.147
122.31
19.696
24.499
39.132
21.41
20.149
18.585
79.258
41.889
58.785000000000004
7.856
499.999
35.068
49.047000000000004
28.541
19.351
86.35600000000001
24.535
23.597
46.359
43.646
26.462
52.871
15.823
147.758
18.635
17.987000000000002
15.162
41.212
25.779
26.954
43.112
31.074
23.981
21.262
499.999
40.928000000000004
28.104
115.958
10.952
9.408
10.495000000000001
16.602
17.454
28.150000000000002
178.769
16.171
62.646
21.981
51.65
17.132
8.195
69.613
9.001
20.012
499.999
13.068
74.023
13.487
34.248
38.932
23.336000000000002
32.194
22.153
20.075
23.488
499.999
35.401
11.473
13.25
114.135
19.407
428.416
410.254
8.295
15.159
19.148
41.625
12.321
33.988
25.374
25.122
22.725
28.031000000000002
31.196
51.498
37.736000000000004
36.835
499.999
134.441
25.476
30.447
27.413
20.458000000000002
63.331
19.207
152.359
499.999
143.669
253.53
16.4
499.999
25.721
368.63
11.677
13.874
78.126
44.426
11.938
137.062
19.38
15.589
28.217000000000002
499.999
80.747
9.819
43.124
227.554
98.852
17.555
28.019000000000002
37.178
62.9
16.211000000000002
53.649
18.893
31.056
286.181
14.258000000000001
23.494
21.195
24.006
27.886
461.349
74.898
32.085
54.502
40.408
42.77
23.643
18.745
454.336
38.896
74.62
7.965
19.536
49.372
63.008
8.661
43.129
44.432
92.875
31.827
13.665000000000001
35.388
10.373
18.986
22.616
41.706
35.795
36.572
42.480000000000004
78.254
62.684000000000005
21.59
48.587
8.762
34.151
31.401
168.522
33.992
16.736
20.456
38.788000000000004
8.526
231.008
35.454
25.635
168.36
26.335
47.687
20.777
276.302
84.196
268.795
25.903000000000002
14.185
55.985
48.2
58.159
29.583000000000002
50.794000000000004
23.659
23.41
17.92
17.067
22.931
469.65500000000003
499.999
64.114
244.692
58.571
14.98
134.005
22.465
86.607
30.856
499.999
124.017
114.786
42.732
367.616
182.498
33.957
280.048
25.584
169.55100000000002
499.999
14.831
47.934
20.508
82.242
182.729
127.136
85.233
78.513
27.056
134.917
106.45400000000001
75.013
28.611
14.038
20.913
39.094
15.144
77.911
48.492000000000004
208.52
119.223
63.703
33.445
31.218
14.233
192.733
390.70300000000003
43.99
35.379
84.99
16.831
499.999
76.151
34.245
102.738
10.639
37.703
18.535
35.635
33.08
48.507
286.237
19.475
15.959
79.122
14.078000000000001
31.818
10.776
25.574
18.493000000000002
15.338000000000001
25.508
26.873
27.743000000000002
113.453
56.828
15.303
26.617
104.545
111.416
29.741
26.954
23.67
154.45600000000002
33.676
24.712
9.845
13.492
28.45
38.907000000000004
19.281
16.615000000000002
22.268
37.343
29.092000000000002
15.285
16.805
303.866
227.627
171.598
54.496
32.39
20.184
37.647
32.493
122.887
499.999
10.941
102.989
34.054
20.544
8.101
14.322000000000001
82.182
25.517
103.105
29.166
26.617
7.891
34.403
12.886000000000001
11.386000000000001
20.713
43.957
45.497
30.177
34.473
139.464
34.663000000000004
195.745
10.702
38.695
51.988
58.763
64.32300000000001
48.087
59.395
49.936
73.904
19.636
35.268
386.633
14.211
499.999
484.803
499.999
19.146
58.018
30.815
57.758
20.436
29.109
20.465
40.427
16.028
133.02
9.787
110.305
84.307
153.348
9.893
34.666000000000004
20.035
22.219
23.332
103.64
45.221000000000004
49.977000000000004
28.421
79.87
26.631
32.296
12.543000000000001
56.406
23.719
85.346
9.6
45.163000000000004
98.604
17.725
160.726
14.002
98.414
499.999
14.985
51.097
91.488
196.945
33.152
25.638
15.934000000000001
40.61
18.901
43.729
47.931000000000004
29.839000000000002
25.195
18.111
17.075
20.705000000000002
150.07500000000002
49.455
62.019
36.412
65.077
13.308
32.548
84.17
499.999
87.523
23.166
32.627
148.855
111.505
145.029
19.877
32.797000000000004
17.687
65.366
12.914
23.45
79.147
211.117
56.283
57.588
26.111
28.179000000000002
14.535
31.429000000000002
22.52
37.269
64.742
17.508
35.904
9.105
79.944
26.764
28.778000000000002
15.906
42.935
18.457
43.95
27.348
83.739
52.826
45.402
499.999
22.848
499.999
499.999
57.536
10.785
61.316
32.56
23.597
12.823
23.883
127.242
152.564
30.007
37.52
81.095
19.787
41.397
18.682000000000002
278.635
28.485
163.73
38.426
30.371000000000002
70.115
340.837
80.04
32.818
113.31400000000001
187.19
13.988
128.888
11.644
26.6
177.286
214.773
20.214000000000002
42.276
121.443
32.618
11.517
183.80100000000002
136.757
128.764
16.497
23.507
38.800000000000004
20.031
24.145
15.944
106.97
15.858
499.999
163.686
53.735
56.529
18.463
176.38
58.742000000000004
36.237
10.372
38.817
74.62
60.259
58.836
144.984
29.139
10.417
10.93
23.798000000000002
18.689
249.796
70.545
10.72
68.563
19.685
19.269000000000002
27.267
122.616
10.109
69.141
14.525
242.01
31.303
18.933
18.126
51.036
10.941
16.319
19.848
317.65000000000003
29.093
27.691
328.39
182.136
207.56
124.587
80.108
112.132
36.001
99.46600000000001
26.762
34.59
110.675
10.335
57.836
93.955
17.927
249.263
33.135
17.018
80.977
10.938
19.542
30.276
12.423
290.357
18.176000000000002
71.526
250.96200000000002
40.934
79.811
147.653
241.59900000000002
23.388
14.119
50.183
12.280000000000001
499.999
47.065
6.199
59.336
27.319
20.964000000000002
38.077
79.705
34.915
30.196
111.857
25.976
26.895
393.216
10.005
51.123
25.004
11.575000000000001
15.707
62.228
28.882
160.023
71.058
27.691
18.38
36.663000000000004
42.279
50.381
19.172
47.524
30.036
162.481
12.851
127.572
18.673000000000002
179.157
52.938
20.926000000000002
36.233000000000004
216.475
38.934
18.755
45.771
29.824
33.545
499.999
9.317
374.258
30.687
16.737000000000002
70.126
499.999
12.838000000000001
21.71
38.174
16.304000000000002
351.343
8.577
17.518
83.146
22.907
113.403
56.682
69.974
342.098
86.87
47.151
10.309000000000001
28.443
29.765
18.975
24.206
130.969
44.174
19.224
17.411
499.999
48.36
129.037
113.21300000000001
95.467
113.022
19.406
19.069
93.56700000000001
12.66
19.693
13.988
27.903000000000002
10.668000000000001
91.093
149.174
24.864
187.14000000000001
46.312
42.147
330.67
30.527
88.467
498.116
301.23
446.459
11.753
38.52
168.326
27.298000000000002
97.521
66.69800000000001
14.806000000000001
499.999
34.924
14.106
29.215
71.059
28.306
20.882
60.433
103.792
17.969
17.818
22.259
25.589000000000002
43.621
63.803000000000004
392.766
18.665
30.89
40.357
16.444
61.485
280.059
22.988
91.923
49.532000000000004
56.518
199.794
357.466
31.283
10.790000000000001
71.28
125.294
20.482
23.588
30.403000000000002
26.447
11.538
31.863
15.471
20.367
33.753
19.679000000000002
50.03
179.199
86.522
16.041
230.619
57.534
117.059
59.285000000000004
17.837
39.148
13.115
42.244
9.417
12.454
30.294
16.415
18.457
21.897000000000002
52.186
65.768
30.537
30.314
35.991
46.828
38.456
27.782
13.415000000000001
61.477000000000004
16.282
80.399
9.251
93.807
252.731
41.505
31.2
259.721
36.137
33.116
84.84
29.639
13.742
40.725
121.279
14.169
40.637
16.239
21.893
14.428
26.239
175.257
41.88
14.275
147.236
65.599
261.344
13.497
9.132
41.386
60.565
49.645
75.444
187.562
411.039
211.531
57.0
18.354
499.999
165.27700000000002
16.945
54.863
59.269
32.534
21.455000000000002
18.536
20.104
50.832
11.808
18.252
197.123
43.207
50.796
8.914
19.481
16.928
35.82
149.388
85.135
16.963
30.524
18.977
28.580000000000002
87.25
33.207
9.818
251.101
30.303
105.26
28.808
37.834
25.173000000000002
201.79
34.897
17.37
19.781
42.271
39.4
25.672
23.435
34.012
65.944
27.291
17.427
59.375
78.031
43.778
14.612
67.48
38.109
69.552
10.268
210.335
249.864
24.585
12.621
45.496
36.17
409.187
8.964
34.568
17.465
17.336000000000002
25.519000000000002
101.089
27.781
19.069
27.261
43.513
75.871
34.917
484.29200000000003
12.219
9.922
37.898
24.582
14.386000000000001
72.529
499.999
21.228
35.972
43.788000000000004
26.75
15.146
25.268
53.595
16.955000000000002
15.854000000000001
21.229
37.831
21.689
15.684000000000001
40.696
38.031
16.369
41.469
22.929000000000002
103.914
13.105
19.769000000000002
28.55
24.07
20.675
30.107
16.568
13.115
200.894
254.673
77.431
15.964
45.633
28.782
276.979
23.442
148.799
56.838
20.062
22.89
20.34
25.886
108.388
17.042
11.546
14.493
17.943
67.547
75.63
42.934
80.266
499.999
26.352
95.178
18.62
17.068
75.06400000000001
13.834
80.409
194.847
65.732
161.812
31.93
221.722
25.215
45.03
29.844
49.115
11.097
12.448
14.831
24.558
23.531
119.398
223.104
140.107
18.315
77.292
499.999
18.396
42.65
38.002
24.240000000000002
32.674
35.306
13.643
39.743
16.296
14.69
38.652
162.529
19.792
42.312
30.051000000000002
24.033
21.228
71.898
34.848
10.247
46.847
104.794
60.44
11.761000000000001
48.44
27.46
8.715
13.093
50.118
41.978
10.994
331.891
196.95000000000002
120.074
71.386
31.855
20.219
48.161
19.945
499.999
113.024
16.382
11.552
12.368
138.684
13.691
30.827
84.387
46.581
193.487
11.790000000000001
22.031
35.160000000000004
40.946
15.736
40.808
45.332
92.85300000000001
175.21800000000002
86.999
66.549
31.924
11.452
22.655
53.956
18.993000000000002
62.561
11.024000000000001
13.115
32.93
56.827
18.895
13.972
499.999
105.142
14.673
18.379
14.865
66.032
49.771
27.123
130.616
23.34
135.236
15.216000000000001
19.572
49.29
17.292
36.856
90.419
128.31300000000002
28.992
37.558
34.932
33.036
30.008
26.488
94.927
94.73700000000001
19.772000000000002
20.465
142.886
13.982000000000001
318.955
17.433
375.07800000000003
45.092
20.837
348.781
331.326
54.055
33.931
33.897
41.124
31.826
102.135
23.468
499.999
36.084
27.491
15.292
35.833
45.529
188.177
68.404
14.812000000000001
18.92
62.062000000000005
399.233
39.369
23.629
85.432
16.923000000000002
51.693
17.71
63.071
251.788
38.703
59.307
43.24
326.13800000000003
20.205000000000002
17.464
9.985
15.795
27.794
73.58
40.93
46.956
258.312
11.313
16.349
59.546
43.15
15.523
15.232000000000001
64.241
42.26
441.856
46.856
32.078
28.208000000000002
82.928
11.781
33.838
499.999
32.246
13.326
23.032
33.788000000000004
61.563
18.080000000000002
13.307
27.268
20.992
28.868000000000002
56.32
499.999
17.396
11.924
27.562
12.064
32.771
63.691
117.828
236.132
50.345
41.02
23.093
14.577
17.247
18.567
18.787
16.666
12.549
41.151
12.981
123.113
22.962
18.061
39.222
69.526
45.997
10.705
15.277000000000001
317.21500000000003
20.177
19.315
35.793
49.07
28.513
159.327
35.871
27.861
30.419
49.671
11.364
82.246
45.817
18.91
11.835
84.934
161.292
30.400000000000002
86.415
57.225
62.109
255.961
48.687
169.036
80.464
22.678
13.237
37.995
329.80400000000003
30.628
64.757
29.297
17.267
65.749
26.821
151.089
24.655
59.432
27.245
499.999
22.034
72.17
80.566
54.977000000000004
107.3
18.343
25.97
408.68600000000004
175.871
35.362
13.034
23.398
41.143
21.106
9.446
11.133000000000001
20.788
40.661
28.342000000000002
17.595
33.804
19.267
128.153
22.356
499.999
34.19
90.491
63.436
93.492
23.269000000000002
20.795
11.958
30.977
57.751
33.574
180.91400000000002
28.421
31.309
30.211000000000002
132.58
15.506
13.964
22.966
15.827
71.392
423.087
69.19800000000001
7.928
29.389
101.436
161.423
28.194
54.988
15.294
21.842
45.755
243.324
42.345
22.947
90.165
22.849
22.213
67.07900000000001
60.407000000000004
67.624
379.213
36.668
39.537
21.071
63.548
38.805
64.723
14.055
203.327
138.479
331.176
122.145
150.869
113.542
23.289
9.063
18.753
20.669
31.505
26.874000000000002
35.725
41.389
26.64
55.163000000000004
13.803
28.967000000000002
16.55
19.029
178.043
101.82900000000001
14.716000000000001
93.31700000000001
194.214
15.021
499.999
33.423
20.014
19.253
22.062
198.15
99.47200000000001
136.46
30.015
152.083
221.275
34.964
91.136
20.841
61.614000000000004
15.646
12.367
181.044
9.568
50.608000000000004
22.943
17.552
499.999
51.865
305.49
52.631
60.645
30.856
18.321
21.595
20.108
38.416000000000004
60.462
11.396
499.999
127.18900000000001
80.864
27.193
49.233000000000004
28.951
42.091
49.47
20.893
29.727
86.027
22.394000000000002
74.648
10.334
12.709
124.787
14.842
29.729
34.94
59.687000000000005
110.172
67.194
18.811
43.456
499.999
21.736
24.683
22.193
16.895
70.339
24.363
30.683
15.017
22.403
29.493000000000002
28.766000000000002
36.947
29.642
15.781
32.35
25.02
103.982
236.203
410.298
17.854
172.388
18.477
48.335
30.414
9.629
17.267
23.846
19.052
39.745
23.621000000000002
35.244
257.692
12.394
29.297
499.999
34.417
197.84300000000002
14.387
24.368000000000002
135.387
13.647
154.78
23.004
21.833000000000002
214.767
18.248
14.599
17.364
57.882
50.939
10.771
47.773
38.863
51.723
18.135
84.764
75.808
56.632
51.07
71.616
10.383000000000001
106.524
27.574
29.142
38.582
87.47800000000001
65.205
253.121
16.29
122.263
14.436
52.605000000000004
499.999
35.438
499.999
53.317
57.5
110.47500000000001
114.819
19.103
45.565
145.911
69.895
241.761
38.261
390.83
60.243
29.628
12.376
15.977
29.839000000000002
61.1
18.726
11.465
19.717
19.794
350.982
34.214
62.328
27.637
10.862
138.37800000000001
499.999
97.348
499.999
31.832
174.552
34.294000000000004
105.022
44.864000000000004
25.958000000000002
75.259
135.472
23.586000000000002
39.35
85.745
10.105
31.173000000000002
142.1
14.271
212.151
162.681
499.999
15.772
174.906
44.283
99.242
109.153
8.135
62.055
195.899
134.181
69.363
24.592
24.996000000000002
42.789
109.661
87.904
32.980000000000004
322.712
74.783
39.64
59.71
15.158
499.999
17.434
26.51
44.115
27.53
32.888
47.666000000000004
115.101
13.416
72.94800000000001
26.0
32.889
29.191
20.501
35.374
22.464000000000002
28.558
13.411
20.724
348.03700000000003
64.81
20.225
406.396
32.631
141.755
16.116
30.19
15.487
499.999
24.212
109.605
85.59700000000001
40.077
60.344
129.09
18.517
25.791
29.165
38.734
189.58100000000002
66.226
72.669
17.519000000000002
38.921
26.547
19.202
19.886
140.763
27.958000000000002
26.692
24.495
251.774
22.443
30.443
37.759
119.217
40.366
151.83100000000002
156.216
17.462
73.658
55.615
33.047000000000004
39.175000000000004
150.538
13.595
109.96000000000001
48.882
32.839
338.849
52.922000000000004
14.791
499.999
20.182000000000002
83.104
499.999
129.717
36.104
40.216
40.59
16.107
36.438
103.584
13.764000000000001
21.517
93.111
72.953
107.316
14.324
82.755
62.738
24.11
10.587
11.674
21.46
37.169000000000004
86.33500000000001
37.917
140.00900000000001
58.26
61.099000000000004
75.71300000000001
24.046
24.359
15.736
28.056
32.272
16.986
210.178
54.649
102.662
57.964
42.415
47.215
59.496
15.839
33.527
9.854000000000001
21.425
24.435000000000002
19.555
9.346
50.161
57.267
50.635
26.477
17.878
35.366
44.473
15.353
430.055
34.69
16.296
26.717000000000002
19.41
51.193
23.944
37.162
391.196
66.20100000000001
73.15
21.905
65.886
21.647000000000002
31.731
14.944
183.144
65.2
17.333000000000002
26.03
15.535
138.052
20.842
8.605
61.149
34.194
372.98900000000003
10.896
25.143
177.662
40.593
21.129
57.76
25.86
90.08200000000001
58.911
44.439
35.845
171.987
32.755
16.843
14.586
48.904
22.219
62.289
148.27
73.799
122.07600000000001
30.814
99.852
26.098
20.278
63.477000000000004
104.399
16.882
268.307
22.843
27.549
303.824
18.153
71.688
91.499
233.165
28.536
140.912
170.33100000000002
69.407
104.968
18.951
71.069
40.092
65.81400000000001
47.886
11.131
230.826
25.389
16.42
12.327
46.049
19.675
33.457
22.259
28.684
90.465
58.408
21.162
76.885
15.116
66.126
30.793
17.477
65.08500000000001
13.002
21.935
24.096
61.917
31.248
106.312
15.438
28.94
319.86
20.833000000000002
499.999
17.828
60.758
13.261000000000001
41.904
47.381
48.46
183.967
411.64300000000003
49.132
178.44400000000002
19.947
36.85
11.261000000000001
16.191
27.675
20.863
36.788000000000004
43.097
23.268
20.748
17.841
25.923000000000002
499.999
40.691
58.823
87.129
10.762
20.135
15.492
20.027
93.834
43.029
37.455
97.613
131.333
19.490000000000002
499.999
33.617
21.249
11.302
128.629
52.319
481.396
35.277
237.233
31.44
47.569
114.908
79.813
45.273
58.04
27.654
25.449
499.999
25.516000000000002
499.999
43.501
71.612
24.255
16.795
63.971000000000004
11.086
16.605
48.258
70.334
60.334
42.2
146.157
14.342
16.832
499.999
17.754
39.403
82.44
18.612000000000002
49.574
101.075
19.268
499.999
73.684
57.385
80.279
28.215
18.832
37.088
21.618000000000002
17.53
132.996
37.292
99.71600000000001
405.327
26.67
12.017
22.067
27.598
499.999
23.386
79.631
13.511000000000001
44.676
21.04
125.176
88.563
48.944
499.999
27.315
19.186
35.885
212.995
359.939
70.562
55.412
112.393
185.663
373.865
31.056
22.792
29.075
24.900000000000002
116.467
80.178
20.267
223.741
327.692
11.212
296.182
43.123
410.112
37.839
20.594
50.786
27.425
19.69
13.575000000000001
35.137
44.375
17.194
29.151
21.802
255.323
11.139
195.892
34.041000000000004
88.789
16.188
35.405
15.715
15.829
21.740000000000002
54.848
31.467000000000002
19.443
138.412
40.093
30.576
180.97
20.853
22.966
60.606
499.999
106.794
124.896
465.05
71.136
198.662
9.113
7.654
68.516
32.94
23.737000000000002
15.67
26.068
27.650000000000002
91.41
499.999
436.802
18.363
8.508000000000001
29.555
26.889
26.341
53.469
95.934
48.46
10.982000000000001
43.359
92.62
39.324
150.65800000000002
101.10000000000001
52.354
183.332
76.07000000000001
186.543
169.917
22.027
9.717
67.123
104.33500000000001
257.124
23.603
59.056000000000004
16.277
28.666
499.999
20.968
23.56
67.552
12.449
27.527
61.988
499.999
34.478
37.802
166.523
26.618000000000002
499.999
151.808
499.999
237.693
35.486000000000004
127.974
93.34700000000001
40.376
30.408
15.482000000000001
99.125
35.017
62.402
423.832
12.616
62.693
394.50600000000003
22.429000000000002
32.927
29.5
28.431
206.238
21.735
32.176
107.303
48.869
72.71300000000001
104.877
126.11200000000001
28.846
25.006
35.179
270.132
69.93900000000001
499.999
37.138
30.458000000000002
18.399
14.595
349.503
15.780000000000001
24.579
10.289
110.074
68.849
499.999
283.507
36.132
51.296
39.896
11.16
12.096
14.348
155.269
18.849
21.127
28.651
78.909
44.536
174.796
22.943
41.259
31.86
15.805
74.792
56.824
14.865
37.641
120.691
89.685
77.639
46.95
8.798
13.959
53.017
499.999
72.32000000000001
46.943
24.46
24.211000000000002
13.783
35.219
29.060000000000002
29.809
46.419000000000004
54.299
132.04
50.367000000000004
28.150000000000002
40.255
37.4
32.335
26.555
27.024
17.278
8.245000000000001
13.404
22.101
20.099
214.46800000000002
14.186
499.999
12.119
216.665
54.827
29.278000000000002
34.17
46.551
20.68
17.206
20.358
21.155
12.369
42.806
36.998
50.902
69.133
137.922
19.02
90.19200000000001
42.673
27.400000000000002
11.795
18.898
499.999
52.192
92.81700000000001
113.87100000000001
49.559
8.579
20.67
499.999
25.447
20.694
17.807
15.045
186.375
28.647000000000002
44.156
28.035
12.118
48.297000000000004
19.452
42.64
251.233
12.997
37.081
36.981
25.607
39.176
499.999
20.0
212.449
193.267
20.202
94.173
14.303
69.726
109.286
73.021
12.353
109.19200000000001
30.211000000000002
75.925
37.633
66.44
21.13
39.142
12.929
24.668
47.681000000000004
35.145
58.981
225.525
51.134
76.884
16.435
120.205
90.055
222.568
17.162
395.363
113.404
44.424
21.472
31.947
15.469000000000001
21.906
16.202
150.62800000000001
45.311
25.342000000000002
12.66
29.816
12.83
38.102000000000004
73.664
21.063
44.179
41.637
347.68600000000004
30.368000000000002
38.550000000000004
32.657000000000004
40.263
131.36
53.306000000000004
15.736
22.91
15.227
41.848
142.876
24.045
227.604
24.639
12.870000000000001
13.878
35.106
363.176
137.037
59.703
22.597
109.01
29.47
54.118
50.137
22.442
230.68800000000002
30.72
61.814
38.305
16.567
41.935
17.561
58.254
98.645
69.66
63.482
10.452
42.31
16.333000000000002
53.443
24.581
49.825
28.803
440.382
155.429
40.215
333.184
499.999
12.518
499.999
14.829
31.079
24.921
24.219
499.999
111.422
39.999
19.574
16.512
52.969
499.999
21.667
12.322000000000001
36.671
12.985
28.331
98.294
97.892
27.758
216.137
15.745000000000001
277.869
54.89
77.011
32.862
67.254
72.601
45.686
298.174
32.893
123.462
19.367
239.50900000000001
17.031
279.197
43.889
45.46
80.035
28.598
19.753
25.165
24.043
14.501
39.334
329.035
221.687
18.266000000000002
42.421
15.537
91.305
42.306
175.784
87.622
55.581
26.139
14.474
24.662
95.146
211.602
17.397000000000002
18.764
7.7090000000000005
51.136
46.63
73.797
40.697
25.618000000000002
23.898
10.615
65.188
11.572000000000001
15.596
18.941
17.506
84.215
17.19
38.933
39.664
43.713
27.149
59.814
16.217
35.708
130.435
27.675
27.909
33.899
78.43900000000001
62.582
46.454
38.168
34.018
239.868
50.534
28.718
11.562
13.137
10.785
203.032
17.474
12.469
17.68
22.417
73.69800000000001
108.88
14.362
50.442
93.537
154.223
499.999
25.573
47.625
29.381
25.238
310.517
28.595
24.84
36.134
88.927
67.049
30.666
41.374
23.268
39.404
34.349000000000004
75.997
19.757
15.377
43.913000000000004
30.240000000000002
42.361000000000004
137.738
499.999
481.90000000000003
121.459
51.902
272.181
12.912
126.623
87.834
27.788
352.605
33.048
346.577
58.681000000000004
163.817
184.153
43.717
31.92
52.615
16.829
17.564
22.873
29.363
66.95100000000001
11.942
12.605
32.319
11.193
270.584
33.723
60.918
13.224
71.407
174.122
69.678
38.458
62.813
51.851
112.325
80.389
46.599000000000004
31.899
13.307
21.93
39.775
73.519
12.92
68.676
33.986000000000004
37.015
111.899
24.097
23.872
40.814
77.208
18.465
56.046
190.354
47.332
39.206
62.190000000000005
35.968
160.543
54.979
22.622
76.009
41.444
25.816
287.927
28.810000000000002
31.762
18.122
102.036
10.198
18.881
42.726
51.704
49.688
40.726
39.537
115.663
18.67
52.176
15.531
8.264
64.853
8.751
26.617
22.764
21.805
291.582
23.969
19.025000000000002
39.973
90.417
20.263
66.621
119.36
368.971
498.487
12.366
22.704
278.38
499.999
17.432
32.711
19.825
24.808
239.104
13.741
12.491
34.824
20.37
124.251
53.703
28.503
152.162
26.496000000000002
13.18
62.066
26.03
160.744
69.236
373.234
157.439
148.115
50.776
94.304
27.773
13.245000000000001
150.842
162.435
37.596000000000004
499.999
11.274000000000001
42.813
11.138
499.999
55.426
80.404
170.481
15.139000000000001
23.2
18.268
13.474
23.176000000000002
154.967
76.217
22.174
22.35
79.71000000000001
23.443
67.26
46.097
36.402
16.28
123.22500000000001
33.468
46.480000000000004
27.595
37.733000000000004
14.242
37.471000000000004
82.657
61.307
40.696
116.973
33.443
30.093
35.117
18.319
91.233
19.423000000000002
33.308
58.833
18.266000000000002
11.073
15.226
90.473
191.132
40.848
89.81400000000001
32.221000000000004
44.592
25.732
58.963
150.342
75.491
11.508000000000001
27.632
26.667
13.023
48.657000000000004
66.861
218.28
223.042
14.916
35.228
47.416000000000004
19.868000000000002
70.273
21.922
36.443
31.41
343.16700000000003
23.394000000000002
43.145
43.329
9.46
12.382
20.475
17.554000000000002
18.185
278.059
43.368
162.275
32.64
15.267
25.785
35.07
30.785
13.467
117.73
61.829
29.395
32.646
17.740000000000002
75.321
72.158
49.232
126.459
76.581
37.435
10.993
141.399
24.036
56.973
26.359
29.849
20.024
18.18
18.404
37.765
140.017
77.554
48.168
40.353
17.788
16.969
20.737000000000002
32.96
39.569
20.791
93.452
46.803000000000004
31.028000000000002
69.018
60.659
47.535000000000004
52.193
17.994
19.683
27.717000000000002
18.526
25.692
17.954
26.975
35.79
32.075
15.139000000000001
58.746
14.646
301.845
195.46
65.821
113.127
29.499000000000002
13.732000000000001
65.298
25.740000000000002
26.84
92.71900000000001
310.15500000000003
27.59
87.667
31.056
30.444
21.311
499.999
20.993000000000002
130.02700000000002
423.07
26.929000000000002
29.197
32.074
128.26
84.46600000000001
20.254
17.138
23.984
31.895
13.175
43.963
141.203
96.866
51.386
27.377
111.22800000000001
9.09
214.689
16.505
26.436
62.333
182.193
16.914
15.915000000000001
34.407000000000004
169.583
26.84
57.926
25.011
47.255
167.974
54.369
39.982
14.736
230.785
98.187
18.224
10.255
29.857
16.69
66.922
39.993
10.296
31.152
28.297
56.997
93.911
11.263
29.824
106.58
21.482
28.426000000000002
37.261
499.999
159.77700000000002
26.372
319.8
19.242
15.689
24.804000000000002
92.318
50.866
24.613
20.904
270.825
27.584
32.354
53.454
28.802
33.522
20.431
46.304
62.587
19.54
48.882
66.978
40.252
33.608000000000004
46.651
40.355000000000004
8.077
25.396
18.784
22.711000000000002
17.441
17.575
32.685
37.435
25.844
21.009
34.15
30.22
52.730000000000004
499.999
22.382
44.774
12.108
12.577
14.248000000000001
347.849
499.999
18.094
33.638
51.44
42.203
25.716
30.719
67.932
26.392
31.46
86.342
10.685
44.659
12.291
260.537
19.055
87.653
94.288
51.131
38.138
8.636000000000001
32.056
12.673
13.575000000000001
24.624
56.951
65.193
36.478
10.555
499.999
20.571
27.971
29.583000000000002
453.625
25.747
283.509
43.904
125.721
100.992
30.196
24.836000000000002
13.897
75.098
64.392
206.459
84.43
32.174
499.999
50.078
38.115
19.78
12.694
29.676000000000002
27.701
59.099000000000004
52.332
52.364000000000004
117.52
34.13
110.07600000000001
68.095
33.418
160.815
93.697
96.279
43.136
77.787
77.119
18.429000000000002
29.48
478.255
117.32900000000001
27.810000000000002
230.595
10.052
19.836000000000002
16.164
87.542
46.799
34.121
80.07600000000001
25.466
237.261
28.623
18.848
83.513
7.966
15.583
416.229
129.63
18.029
19.740000000000002
80.07300000000001
22.908
149.076
63.238
92.215
13.530000000000001
72.476
24.715
34.861000000000004
283.37
36.9
62.592
275.5
38.941
71.846
13.221
29.045
68.203
12.14
42.58
25.304000000000002
37.502
26.337
19.985
291.127
229.156
222.139
39.985
36.463
7.014
55.967
29.427
499.999
58.977000000000004
12.847
28.060000000000002
13.17
38.056
32.168
23.761
114.903
270.156
11.988
32.631
20.465
16.657
499.999
10.652000000000001
10.063
16.542
16.753
25.704
337.04200000000003
280.671
15.578000000000001
32.826
54.812
73.72
158.165
29.775000000000002
13.527000000000001
26.611
18.937
32.643
48.225
19.238
35.819
212.195
25.662
24.412
81.384
41.122
17.475
24.224
30.908
52.721000000000004
58.230000000000004
106.676
74.892
25.831
302.688
200.376
35.173
20.217
83.098
18.447
32.066
18.919
38.058
33.028
116.635
346.449
126.693
25.321
23.112000000000002
210.012
36.299
38.037
47.016
17.246
26.957
68.237
261.73
54.141
41.572
23.17
11.168000000000001
112.135
42.354
51.127
54.44
17.292
25.771
389.313
12.854000000000001
15.101
24.008
294.866
38.044000000000004
276.082
204.65200000000002
11.251
24.155
151.725
123.034
117.044
14.074
103.929
28.387
32.125
20.459
96.413
16.593
18.784
77.136
14.529
21.09
52.394
11.852
31.929000000000002
17.574
34.11
44.576
27.503
44.546
26.743000000000002
50.541000000000004
42.577
67.763
33.716
84.495
29.515
23.748
46.234
27.123
29.656000000000002
15.19
169.93200000000002
13.512
11.003
55.93
147.478
82.381
286.976
11.743
58.347
20.759
76.763
42.635
88.98400000000001
14.415000000000001
83.063
21.765
14.934000000000001
255.478
93.34400000000001
50.147
55.592
42.648
22.914
11.763
137.12800000000001
85.119
260.97700000000003
44.57
12.652000000000001
135.555
20.7
102.387
76.647
28.347
230.17000000000002
102.477
29.664
31.305
18.027
106.753
13.971
67.309
65.745
12.781
17.582
13.325000000000001
24.725
26.234
16.369
27.962
47.471000000000004
44.705
15.477
159.553
123.06
9.697000000000001
13.118
499.999
10.159
40.385
28.576
45.402
16.753
179.925
35.074
23.285
15.563
144.32
29.798000000000002
98.161
35.252
254.853
61.53
33.967
45.562
209.461
65.11
11.887
8.095
55.718
33.29
49.276
26.326
14.298
12.602
85.233
56.197
37.817
26.071
25.826
9.413
62.891
50.17
22.02
54.891
160.519
17.728
30.402
15.024000000000001
12.917
28.541
40.949
50.282000000000004
65.071
114.432
21.101
11.092
453.77500000000003
499.999
477.24600000000004
10.978
33.429
19.266000000000002
78.879
54.062
188.775
330.55400000000003
13.482000000000001
24.919
28.849
22.981
23.066
284.931
24.897000000000002
9.784
27.425
8.855
31.895
29.2
30.729
190.00900000000001
20.279
22.874
31.097
18.73
23.25
19.057000000000002
18.087
228.614
88.45700000000001
24.235
48.686
15.472
97.507
110.047
10.794
10.747
29.614
46.348
11.155
34.592
40.402
16.773
10.866
73.691
16.191
11.889000000000001
25.252
30.034
19.328
183.625
17.471
380.744
49.073
60.620000000000005
15.964
13.537
49.114000000000004
29.788
34.832
180.236
38.721000000000004
31.769000000000002
47.748
17.953
26.8
58.511
85.70700000000001
19.852
222.203
33.049
38.878
49.512
496.534
38.364000000000004
118.461
10.967
91.619
32.858000000000004
417.423
16.298000000000002
28.889
17.227
56.153
93.873
64.968
32.773
15.854000000000001
21.512
26.346
23.036
39.187
27.496000000000002
186.845
61.072
29.042
40.788000000000004
41.702
238.078
14.972
102.32600000000001
132.561
32.859
50.421
15.087
499.999
15.259
111.145
20.276
15.756
136.189
121.679
39.38
91.75
99.928
163.85
97.208
48.584
14.081
37.969
30.207
59.591
280.668
109.223
30.218
231.549
136.821
48.411
42.088
38.017
76.275
29.674
358.01300000000003
20.379
32.539
38.687
44.569
13.506
24.734
45.825
375.86400000000003
43.316
27.963
71.56700000000001
117.289
52.009
22.746000000000002
225.477
34.108000000000004
96.746
46.733000000000004
31.553
61.45
61.605000000000004
27.569
84.20400000000001
133.464
59.129
135.621
17.003
25.861
77.086
28.848
27.326
22.107
56.178000000000004
25.665
32.451
55.591
95.423
70.641
48.714
76.772
18.809
238.91400000000002
73.244
23.228
52.120000000000005
126.286
75.55
11.39
19.253
260.12600000000003
324.79
24.789
438.14
37.279
22.42
23.505
50.515
14.827
8.906
19.112000000000002
26.252
20.135
11.126
73.03
155.928
29.791
156.297
176.806
59.6
17.072
8.225
35.938
17.237000000000002
19.53
27.194
13.003
12.665000000000001
120.173
51.088
34.685
18.084
216.08100000000002
156.126
74.53
17.72
20.102
13.949
34.434
18.161
15.175
28.843
23.532
72.919
31.476
171.385
14.258000000000001
33.822
261.047
136.614
12.996
101.42
134.359
24.66
24.167
13.291
39.904
28.863
58.800000000000004
64.36
48.671
77.146
44.37
12.664
22.403
16.762
101.61800000000001
12.31
21.277
20.261
405.005
28.959
39.133
60.837
19.17
20.899
36.521
42.406
93.858
72.59400000000001
20.984
323.196
193.368
33.411
441.51
396.97700000000003
179.605
49.541000000000004
39.42
21.135
29.083000000000002
12.503
41.361000000000004
265.722
24.82
42.12
14.744
499.999
17.163
9.306000000000001
22.066
48.176
35.859
16.555
23.157
23.019000000000002
155.213
157.919
49.907000000000004
110.894
23.551000000000002
11.366
105.602
28.628
36.155
21.249
197.39600000000002
57.887
37.287
13.911
54.277
19.068
19.079
22.742
11.776
18.885
11.544
11.651
24.542
18.127
429.01800000000003
40.055
62.659
24.339000000000002
63.284
20.089000000000002
23.937
30.2
20.351
97.159
39.382
19.322
17.861
499.999
499.999
19.663
22.889
75.747
499.999
48.288000000000004
104.274
80.33800000000001
7.37
102.327
18.671
488.72700000000003
181.772
499.999
12.693
103.797
28.292
120.269
14.031
66.525
279.565
45.634
19.558
42.161
38.352000000000004
44.021
34.616
20.469
25.707
71.334
350.726
12.909
27.774
14.904
117.881
103.126
47.969
184.727
25.28
87.694
183.952
84.172
46.884
21.126
53.464
499.999
13.302
18.873
42.295
21.118000000000002
12.23
19.532
87.619
55.299
45.929
37.979
308.157
48.745000000000005
40.822
90.81700000000001
499.999
29.143
46.474000000000004
15.041
21.240000000000002
69.922
12.993
12.531
53.541000000000004
13.543000000000001
51.951
27.405
19.752
470.368
36.075
78.763
42.426
123.221
15.247
499.999
35.109
9.929
71.967
206.572
97.389
16.871
32.251
41.312
48.194
24.18
37.092
15.078000000000001
283.694
18.154
17.206
32.558
117.846
499.999
326.69100000000003
130.522
20.877
13.118
45.812
130.739
499.999
25.283
43.27
178.03300000000002
160.349
54.874
10.652000000000001
9.902000000000001
8.844
86.531
20.442
31.385
12.290000000000001
165.574
46.607
62.087
157.228
23.566
102.357
22.495
15.891
9.135
14.583
29.304000000000002
267.855
19.799
80.756
40.59
499.999
30.486
52.698
40.079
12.185
20.857
71.46300000000001
319.54900000000004
15.621
28.273
13.184000000000001
14.313
166.00900000000001
112.25
9.884
35.773
31.558
12.088000000000001
17.185
93.32600000000001
58.229
146.323
155.925
11.467
17.846
42.891
72.46000000000001
17.799
35.254
41.468
21.068
39.098
106.425
22.481
14.5
214.683
103.257
29.715
31.855
160.055
31.949
118.07600000000001
66.777
78.626
26.714000000000002
23.107
104.184
46.843
499.999
499.999
306.195
15.780000000000001
20.094
18.138
22.2
12.344
43.896
123.296
49.504
20.686
42.453
17.872
20.2
14.620000000000001
24.792
29.867
55.667
159.375
30.492
25.626
48.879
48.06
31.629
499.999
314.773
40.021
7.808
14.122
116.233
15.811
52.596000000000004
36.857
18.559
13.406
101.03
90.259
15.308
165.492
123.982
19.498
96.82900000000001
50.147
45.206
23.118000000000002
15.295
27.508
30.657
20.531
35.931
32.229
40.062
32.416000000000004
256.332
41.745
30.580000000000002
34.047000000000004
9.664
78.934
32.621
247.162
31.781000000000002
41.461
31.899
22.02
38.159
28.778000000000002
109.351
451.842
38.149
17.695
87.97200000000001
370.291
34.864
110.968
32.26
274.958
11.297
11.867
12.505
105.569
499.999
19.572
59.723
162.435
101.413
13.379
21.543
176.107
76.871
8.809000000000001
139.309
96.217
93.061
20.88
27.026
254.77700000000002
266.109
19.39
21.052
22.238
15.842
499.999
499.999
167.987
43.977000000000004
31.534
12.518
135.81300000000002
296.369
19.946
75.763
46.736000000000004
32.409
16.608
306.436
23.553
189.53300000000002
100.258
499.999
35.928
64.631
23.721
50.636
482.895
499.999
15.413
53.32
30.303
28.941
54.32
21.161
49.404
55.15
15.892
56.459
44.205
91.176
30.264
499.999
34.038000000000004
14.975
16.457
52.620000000000005
43.266
113.653
59.036
21.72
395.716
83.44800000000001
17.725
92.182
27.027
120.669
352.729
23.715
27.455000000000002
26.362000000000002
190.915
23.711000000000002
25.008
80.674
98.924
36.027
43.408
97.297
14.445
17.781
39.135
18.45
59.744
73.063
20.268
41.312
13.022
24.673000000000002
40.243
38.169000000000004
33.954
54.89
49.721000000000004
12.773
17.172
172.669
47.511
31.720000000000002
50.247
12.697000000000001
271.271
22.519000000000002
30.593
42.562
45.58
112.99000000000001
62.845
43.335
124.735
16.842
14.619
261.361
17.152
32.199
8.981
12.55
31.556
26.286
31.355
30.583000000000002
39.861000000000004
499.999
12.943
17.723
242.737
18.775000000000002
13.605
31.141000000000002
486.262
20.164
67.386
104.2
69.91
78.458
176.892
16.063
20.897000000000002
76.833
48.538000000000004
499.999
43.203
20.653
14.955
16.047
90.754
274.898
110.278
275.92
98.452
106.59100000000001
180.869
43.785000000000004
43.682
80.515
32.777
20.812
81.373
13.066
64.449
22.345
56.85
12.675
52.153
83.413
66.277
17.679000000000002
176.358
14.63
21.975
21.316
83.284
73.041
56.129
20.397000000000002
55.066
89.271
25.282
88.447
67.423
20.597
60.858000000000004
36.735
119.61
29.469
45.586
35.194
17.678
11.124
25.44
37.048
26.289
148.185
208.81300000000002
52.796
499.999
44.646
11.438
30.401
47.522
25.997
199.803
14.458
11.61
136.584
26.255
42.525
37.938
58.848
16.281
32.117
499.999
13.659
20.653
21.939
104.026
33.394
48.160000000000004
499.999
15.191
48.733000000000004
26.259
33.649
31.400000000000002
261.999
48.794000000000004
12.503
125.866
11.678
49.53
46.668
54.154
24.235
46.068
27.655
26.299
76.196
82.156
152.675
33.399
21.583000000000002
28.958000000000002
36.537
499.999
40.734
132.995
281.201
148.431
13.557
24.284
27.685000000000002
70.669
21.344
499.999
24.615000000000002
11.276
20.223
22.035
21.339000000000002
18.815
13.204
163.641
45.839
40.43
119.946
10.704
192.31900000000002
13.338000000000001
59.023
180.284
56.992000000000004
499.999
25.832
42.711
30.385
60.246
59.972
54.735
138.412
214.876
63.197
73.294
55.203
39.048
12.613
14.968
374.524
17.372
57.964
39.682
32.256
12.307
303.984
23.298000000000002
233.649
68.23
35.412
128.703
52.106
18.244
392.152
402.927
15.993
374.657
69.291
88.449
14.349
136.851
67.4
17.806
15.467
257.817
36.794000000000004
103.17
15.216000000000001
37.125
43.807
19.463
58.323
11.578
499.999
44.706
40.152
34.551
53.071
18.796
26.742
43.753
279.129
23.91
31.221
183.241
29.679000000000002
27.177
14.768
349.158
296.329
207.292
57.038000000000004
13.396
16.653
28.352
19.023
44.412
25.755
12.353
17.062
90.456
413.71500000000003
41.13
123.19
15.851
159.491
38.36
46.67
18.591
19.03
19.251
367.86
59.082
56.229
179.345
64.539
49.11
27.645
16.769000000000002
29.656000000000002
70.27
23.95
23.251
43.803000000000004
36.035000000000004
12.005
13.691
18.951
22.038
97.05
23.694
216.424
25.364
45.836
36.508
119.422
69.369
142.77700000000002
57.266
63.958
104.663
23.085
56.756
227.602
54.994
20.448
17.834
14.649000000000001
35.864
9.009
107.44800000000001
212.209
50.27
50.638
129.457
64.44
42.932
34.811
13.643
60.618
209.65800000000002
139.669
17.884
53.359
19.8
23.697
198.80700000000002
42.946
23.102
19.897000000000002
24.931
26.907
23.406
29.705000000000002
100.902
49.29
36.405
19.577
63.585
10.218
9.212
35.841
15.209
39.657000000000004
77.399
37.349000000000004
40.065
33.226
53.550000000000004
17.047
30.222
79.032
21.69
21.487000000000002
51.064
44.565
16.12
21.556
18.444
22.232
499.999
24.128
33.647
101.452
38.843
23.706
15.559000000000001
52.434000000000005
51.103
38.763
39.417
56.168
16.926000000000002
28.692
243.089
128.175
499.999
53.57
34.33
9.67
26.413
14.549
151.47
56.231
203.124
26.946
28.875
208.369
26.653000000000002
20.607
333.434
53.870000000000005
308.424
33.561
499.999
96.709
431.801
41.188
31.644000000000002
61.033
112.397
29.336000000000002
84.432
34.202
19.124
78.679
71.17
344.082
33.412
44.117000000000004
115.892
21.998
24.245
18.564
11.566
25.17
10.834
16.497
174.518
16.94
7.835
36.078
64.795
15.657
12.72
12.576
26.984
19.715
224.858
39.089
195.936
118.741
26.3
83.888
85.543
96.04
26.724
45.11
69.04
66.241
17.739
23.774
59.197
25.176000000000002
18.569
73.69500000000001
12.934000000000001
74.254
55.791000000000004
499.999
77.377
12.396
454.177
92.635
8.866
191.707
94.187
15.008000000000001
55.105000000000004
22.014
56.259
177.705
39.641
23.946
15.343
11.67
24.231
16.69
9.358
64.552
101.637
33.805
187.12800000000001
203.641
26.478
26.314
40.06
19.006
15.283
65.375
10.790000000000001
13.963000000000001
85.861
43.698
26.59
131.511
58.176
42.327
35.849000000000004
49.718
11.242
42.028
165.497
40.931
65.668
19.632
10.027000000000001
14.882
22.624
114.861
70.231
46.712
17.771
167.894
19.17
28.219
102.406
59.67
136.325
57.087
16.407
19.642
45.694
103.663
137.911
37.678
241.73600000000002
24.805
9.734
45.992000000000004
153.124
15.725
22.931
19.204
159.056
27.273
237.558
17.913
440.806
254.369
13.593
21.373
72.574
20.271
17.274
393.261
21.764
412.338
45.356
27.54
15.086
32.776
146.655
202.911
399.651
111.528
35.03
26.735
285.72
46.336
25.975
10.824
38.461
30.761
127.19200000000001
20.674
126.68
14.784
280.53000000000003
376.617
38.979
115.70100000000001
16.8
20.512
22.61
138.457
21.663
59.978
36.405
23.425
71.791
150.994
29.967000000000002
27.354
12.141
15.435
12.837
26.227
31.465
54.146
29.354
63.307
40.007
316.392
36.01
41.946
499.999
407.48
38.4
79.947
57.485
8.673
49.815
24.900000000000002
128.6
23.931
71.058
176.976
13.503
15.463000000000001
21.224
20.304000000000002
10.077
25.183
18.27
20.486
10.736
95.31700000000001
9.657
121.718
29.227
239.347
30.352
59.888
141.449
169.833
66.20400000000001
29.722
14.598
15.637
28.524
48.915
65.06
12.551
10.418000000000001
34.819
14.077
10.450000000000001
15.222
45.416000000000004
37.498
47.144
19.47
42.943
128.824
289.875
16.013
14.863
43.833
15.629
14.362
88.831
20.221
12.887
18.733
128.276
225.095
62.083
133.351
13.586
63.506
109.857
132.393
22.257
499.999
15.763
479.624
39.752
74.132
25.146
57.208
19.644000000000002
171.02700000000002
39.219
38.493
13.489
46.858000000000004
40.325
17.353
30.309
78.456
159.266
22.044
82.634
14.028
106.157
230.06900000000002
36.461
36.814
64.263
28.313
47.301
48.464
39.708
58.977000000000004
22.436
13.947000000000001
41.451
21.0
67.371
20.013
139.863
39.626
31.085
40.9
321.677
11.152000000000001
44.725
69.063
89.483
37.204
21.293
51.448
91.342
33.041000000000004
24.121000000000002
317.24
19.841
60.079
74.56400000000001
53.062
46.502
240.472
22.608
14.027000000000001
40.206
26.271
28.136
12.137
33.329
24.099
16.865000000000002
35.233000000000004
144.351
24.951
13.298
499.999
28.12
17.004
50.911
47.344
17.231
19.463
25.072
11.143
42.506
21.292
20.758
84.429
64.896
22.268
20.746
108.048
24.498
22.354
18.535
129.433
58.712
37.285000000000004
230.372
72.278
12.054
64.926
8.203
162.604
226.788
20.101
15.943
38.682
25.653000000000002
71.06
56.369
39.703
36.193
16.013
27.548000000000002
28.708000000000002
17.527
275.355
169.297
27.658
20.521
97.174
19.18
18.408
499.999
14.509
62.734
21.462
50.193
38.62
19.814
226.464
27.934
49.619
41.411
100.59100000000001
499.999
20.363
62.257
38.414
95.406
34.453
26.803
216.053
21.556
39.892
113.217
439.69
99.889
211.288
11.607000000000001
67.488
22.5
115.324
89.776
36.712
21.715
15.294
21.442
13.55
21.246000000000002
11.915000000000001
25.838
86.71300000000001
42.665
499.999
32.061
157.017
15.093
159.387
43.395
22.177
41.441
172.927
15.685
28.884
8.281
118.524
51.867000000000004
413.68600000000004
42.774
67.987
24.488
55.33
30.317
41.085
44.63
25.866
40.475
50.358000000000004
20.080000000000002
13.181000000000001
32.389
13.006
20.372
202.925
63.942
45.561
20.747
60.772
58.394
125.792
37.37
29.336000000000002
73.482
45.515
40.76
16.990000000000002
113.892
10.725
54.318
32.734
49.452
38.571
20.822
30.874000000000002
45.512
319.699
21.273
55.980000000000004
24.617
41.975
13.524000000000001
31.628
20.709
148.308
125.37400000000001
21.746000000000002
17.535
499.999
11.125
26.118000000000002
32.117
10.641
13.872
33.01
13.451
199.592
60.119
92.729
14.334
60.837
192.45600000000002
52.466
189.33100000000002
41.289
50.036
21.011
111.379
18.546
34.122
37.642
71.071
30.78
191.519
119.873
21.439
499.999
32.532000000000004
14.999
37.723
35.608000000000004
59.785000000000004
30.983
53.161
32.444
169.548
143.52700000000002
40.321
14.736
23.240000000000002
15.24
76.981
16.298000000000002
13.301
266.479
17.679000000000002
12.014000000000001
34.29
42.745
56.444
19.951
117.799
92.19500000000001
17.693
26.21
192.697
59.167
84.47800000000001
42.222
55.647
37.473
55.643
65.94800000000001
48.881
20.276
20.236
15.725
236.246
62.063
20.624
22.95
100.046
10.33
221.548
422.2
18.945
25.087
57.33
26.589000000000002
49.358000000000004
110.688
11.738
21.134
123.278
87.403
22.892
14.611
20.271
17.122
499.999
24.05
245.957
24.361
40.401
13.911
32.623
41.377
17.653
14.55
44.698
27.563
20.087
35.802
29.483
14.001
33.514
67.643
61.77
199.49
13.263
19.049
10.571
18.626
54.094
42.988
48.014
239.073
14.904
75.461
21.553
23.438
40.413000000000004
24.688
44.957
31.415
36.406
338.148
14.551
35.426
26.083000000000002
18.578
321.308
86.505
358.96500000000003
14.537
22.627
17.569
10.697000000000001
294.60200000000003
19.688
31.063000000000002
171.395
20.157
499.999
36.516
20.244
199.48000000000002
13.851
45.539
92.964
36.901
15.852
30.531000000000002
42.895
76.96600000000001
9.331
23.241
65.786
212.47400000000002
133.25
42.765
18.843
18.804000000000002
23.697
18.429000000000002
10.617
40.823
21.235
25.77
40.237
47.986000000000004
499.999
15.043000000000001
44.631
103.429
92.581
17.501
22.249
42.651
29.665
22.328
28.788
131.674
42.434
29.969
29.288
114.33800000000001
36.481
17.8
44.568
24.248
44.933
11.099
63.992000000000004
51.206
173.191
14.341000000000001
19.872
145.427
27.229
47.254
249.778
21.275000000000002
23.123
25.481
30.262
122.006
499.999
32.43
73.677
23.878
91.968
10.544
18.676000000000002
44.87
14.864
143.671
15.105
23.56
48.216
499.999
53.105000000000004
11.835
142.331
25.62
15.274000000000001
67.769
384.558
39.502
23.35
26.424
18.858
50.493
60.92
101.11200000000001
36.351
90.926
26.554000000000002
96.43900000000001
90.005
37.207
22.185
68.94200000000001
28.617
25.342000000000002
137.677
17.551000000000002
32.74
146.351
189.445
152.901
53.739000000000004
131.15200000000002
119.019
31.43
19.594
85.45400000000001
267.159
35.660000000000004
101.131
26.757
499.999
36.648
60.098
8.318
13.457
14.242
47.09
446.261
30.718
44.012
14.326
77.935
63.562000000000005
35.723
21.198
28.052
48.68
11.755
29.489
13.767
26.452
66.786
36.062
19.409
24.472
47.74
124.229
78.066
20.415
499.999
90.657
126.248
17.679000000000002
33.766
42.314
111.127
19.083000000000002
26.027
21.052
13.293000000000001
307.02
58.249
37.593
44.679
21.325
27.811
35.635
16.365000000000002
11.121
13.708
16.628
207.466
38.498
117.165
46.762
155.173
71.53
20.736
24.102
22.024
167.842
16.831
89.092
35.575
32.95
77.486
499.999
15.094000000000001
103.311
39.656
19.065
69.645
44.795
65.13
84.943
9.33
205.659
115.525
71.327
22.676000000000002
166.041
18.485
26.951
27.568
10.85
41.064
30.292
20.89
230.633
36.132
23.152
218.967
9.69
14.98
8.848
91.638
16.02
15.686
26.177
52.278
40.24
13.153
39.435
33.437
18.809
64.247
21.818
37.557
16.335
20.546
13.805
15.636000000000001
18.294
62.559000000000005
20.88
40.369
71.922
54.86
30.835
80.029
30.229
36.175000000000004
42.235
34.394
25.726
80.935
36.381
22.251
19.723
31.61
37.797000000000004
105.027
21.188
239.719
15.492
12.801
340.512
321.349
26.979
28.627
12.581
17.339
69.29
499.999
15.451
25.722
499.999
36.26
22.439
144.449
19.258
91.255
99.514
35.804
13.016
13.224
260.97700000000003
19.296
23.245
82.305
141.244
48.393
144.667
53.592
27.846
32.095
33.166000000000004
62.541000000000004
12.887
61.297000000000004
25.513
113.742
12.703
22.778000000000002
109.651
28.029
52.032000000000004
211.964
471.659
67.254
30.554000000000002
20.916
32.118
39.39
219.01
324.853
46.964
25.273
125.259
20.846
499.999
66.123
92.851
49.535000000000004
11.034
205.429
33.554
33.228
16.5
14.743
10.594
221.465
68.277
126.20100000000001
341.188
27.127
34.589
94.502
19.57
33.516
175.34300000000002
43.727000000000004
27.775000000000002
244.779
52.814
25.728
16.45
42.02
14.48
167.911
10.438
39.338
499.999
201.894
28.298000000000002
29.841
8.156
69.379
14.594
44.737
17.892
26.247
49.869
16.168
17.326
39.801
88.95400000000001
19.357
18.549
38.017
42.171
16.308
115.401
29.373
10.945
72.646
208.476
14.389000000000001
30.693
169.316
21.0
23.188
49.939
84.313
499.999
22.992
167.062
14.482000000000001
46.794000000000004
59.801
26.663
33.245
17.44
12.016
75.123
22.172
9.382
38.506
43.208
14.017
15.884
32.934
25.188
21.939
40.947
86.825
48.458
34.876
26.589000000000002
33.349000000000004
182.611
86.657
96.83200000000001
43.928000000000004
38.308
453.548
24.797
82.935
12.141
14.633000000000001
68.651
68.694
499.999
22.636
53.855000000000004
34.659
68.82600000000001
19.42
122.10900000000001
78.34
185.20000000000002
14.029
499.999
28.182000000000002
27.573
48.83
32.039
13.071
18.041
60.635
35.781
30.091
121.197
21.458000000000002
266.559
349.836
17.602
12.926
18.549
37.452
16.858
13.012
72.134
27.328
12.593
70.256
39.039
31.314
39.17
35.741
121.405
18.699
161.968
19.493000000000002
10.358
67.129
16.964
499.999
17.6
25.374
61.071
16.575
34.167
40.917
24.799
15.34
23.566
27.936
74.812
144.541
499.999
229.09900000000002
26.941
34.415
51.735
8.265
19.045
39.923
21.376
65.128
197.032
34.634
44.978
25.306
92.96000000000001
25.73
39.021
62.748000000000005
60.578
40.649
12.929
341.312
84.664
58.087
14.387
11.15
14.515
7.996
15.782
19.37
499.999
32.503
216.987
28.52
499.999
12.354000000000001
399.532
370.193
204.65
52.075
16.731
32.842
22.23
21.814
107.723
43.216
15.881
12.77
31.487000000000002
159.776
9.596
64.471
35.581
53.362
25.172
17.898
32.432
14.739
61.756
47.473
360.40000000000003
71.177
26.105
311.028
72.696
56.285000000000004
10.091000000000001
13.766
25.71
117.789
88.054
25.428
31.12
10.649000000000001
18.867
32.376
22.080000000000002
95.25
16.224
25.977
137.345
322.747
12.773
113.81700000000001
14.654
45.242000000000004
41.979
35.152
18.135
37.978
26.983
50.282000000000004
499.999
33.782000000000004
12.549
14.161
16.404
84.818
499.999
146.739
242.58
18.706
41.709
15.596
111.611
63.144
22.235
34.106
45.613
129.678
33.631
59.062000000000005
28.177
62.426
126.651
248.32500000000002
107.772
10.436
14.869
118.60000000000001
42.657000000000004
14.437000000000001
72.274
24.583000000000002
16.921
223.256
27.017
23.273
61.252
35.381
159.827
88.124
21.006
12.072000000000001
120.72500000000001
51.796
499.999
14.571
17.05
30.916
20.872
26.377
35.888
38.135
81.631
27.333000000000002
177.129
21.674
27.365000000000002
26.602
167.953
214.428
27.482
57.159
91.28
50.299
79.71000000000001
16.626
10.234
91.268
16.278
28.813
44.953
59.237
18.468
28.193
23.367
17.488
162.118
30.946
65.67
416.55
18.506
31.975
30.304000000000002
403.61
12.467
20.672
26.353
17.776
17.445
20.333000000000002
13.206
291.21
15.727
25.873
15.221
20.109
149.722
43.797000000000004
28.165
43.267
25.405
21.844
63.398
77.507
20.636
186.57
19.716
252.555
159.963
14.279
499.999
7.025
13.688
20.932000000000002
83.74
45.078
32.543
59.699
89.84400000000001
20.995
41.587
67.056
39.982
124.702
200.287
28.779
23.153000000000002
325.52
21.612000000000002
17.203
28.119
42.341
33.359
13.107000000000001
14.65
25.551000000000002
101.63
17.558
499.999
41.981
20.364
208.434
31.650000000000002
80.277
27.868000000000002
23.313
35.428
22.002
26.268
47.96
114.485
65.873
37.538000000000004
14.1
138.597
444.911
40.178000000000004
41.666000000000004
55.309000000000005
49.308
13.01
43.316
368.809
146.59
40.949
272.356
63.24
16.878
17.538
27.567
129.276
28.663
15.132
15.624
174.766
126.12700000000001
52.78
54.14
68.73
21.485
15.207
27.169
15.731
41.519
9.726
102.762
15.789
24.541
17.616
22.716
21.807000000000002
122.56400000000001
11.73
39.629
66.263
22.188
499.999
39.424
30.087
13.289
46.164
14.627
38.437
18.255
27.106
23.002
126.773
14.6
143.653
68.88
41.942
15.381
180.326
27.326
155.034
52.633
49.416000000000004
18.02
499.999
499.999
35.872
243.066
30.826
57.645
19.633
13.545
18.44
24.556
69.991
12.369
13.273
33.079
47.909
393.629
17.181
12.929
13.829
466.426
29.386
25.785
19.938
12.469
67.911
17.596
54.896
36.37
70.215
21.589000000000002
31.395
52.125
14.906
41.019
165.39000000000001
50.523
56.069
43.034
19.73
96.217
27.725
249.906
19.633
55.542
178.04500000000002
64.632
14.568
12.248000000000001
127.139
419.476
16.516000000000002
18.666
249.097
28.696
18.103
30.946
17.276
40.550000000000004
9.989
18.8
149.696
14.464
117.019
21.186
15.471
60.621
40.995
19.197
75.008
21.317
38.854
41.042
18.713
25.328
197.459
14.892
499.999
99.093
17.462
23.995
20.946
25.93
12.123000000000001
142.18800000000002
18.89
68.887
158.635
49.354
51.595
94.167
13.358
50.038000000000004
147.48
74.059
25.319
14.982000000000001
15.571
62.714
19.588
302.91200000000003
20.827
16.613
70.572
211.94400000000002
41.481
435.29
64.607
213.96800000000002
49.832
28.44
8.847
13.58
17.464
125.37700000000001
55.272
14.154
36.738
99.125
51.485
65.144
43.359
43.692
34.927
87.316
45.726
19.376
16.454
11.348
74.447
69.158
26.395
70.928
47.019
20.246
59.230000000000004
40.02
70.356
18.933
37.597
14.221
63.959
395.978
265.13800000000003
90.24
14.588000000000001
19.751
25.519000000000002
122.09700000000001
32.261
20.019000000000002
84.11
20.824
51.673
36.919000000000004
125.282
78.69
42.622
24.347
9.587
17.056
38.042
13.815
17.638
51.18
37.621
30.747
27.868000000000002
98.45
499.999
54.959
15.051
80.188
29.791
28.384
15.814
43.081
166.178
17.559
16.702
186.20000000000002
13.707
140.272
58.17
40.552
499.999
26.944
128.288
149.04500000000002
12.892
15.762
29.650000000000002
48.004
224.70000000000002
32.373
20.992
38.406
109.295
30.514
10.256
18.163
20.649
16.936
30.737000000000002
216.382
23.725
9.252
17.307
13.751
30.240000000000002
35.662
14.419
289.872
41.741
24.084
15.428
139.52
20.578
30.235
9.736
32.02
141.373
78.287
445.05
21.642
15.819
25.131
46.251
281.818
116.251
25.565
17.908
196.222
15.035
57.588
499.999
499.999
22.241
37.003
499.999
14.125
34.193
82.146
33.36
25.315
48.224000000000004
53.31
70.058
35.277
39.593
41.093
468.48
27.072
173.975
36.284
24.358
98.33200000000001
28.491
47.852000000000004
93.549
74.734
26.431
29.959
15.588000000000001
347.34000000000003
296.187
13.954
25.271
20.589000000000002
7.8950000000000005
37.979
14.905000000000001
18.822
308.404
28.059
10.189
34.357
206.053
34.284
18.397000000000002
8.842
499.999
93.532
42.102000000000004
35.238
33.82
499.999
83.223
17.757
10.742
138.489
41.638
9.370000000000001
17.357
19.547
47.494
440.115
176.752
41.431
40.441
346.843
23.903000000000002
20.06
75.08800000000001
85.78
15.762
15.586
45.775
157.834
11.431000000000001
30.069
44.608000000000004
13.103
30.417
38.75
21.415
18.838
78.663
77.319
27.588
20.532
62.978
77.284
28.538
22.197
66.83200000000001
191.678
20.456
39.379
18.618000000000002
11.847
242.312
40.087
38.955
35.038000000000004
17.036
8.511000000000001
45.467
10.88
17.177
24.38
300.595
15.225
38.09
91.105
256.032
93.562
38.414
23.612000000000002
34.151
10.442
166.617
31.376
26.202
23.469
131.541
14.43
111.736
9.854000000000001
89.182
15.428
443.646
23.959
101.251
9.666
53.233000000000004
81.60600000000001
185.181
29.219
70.074
12.499
26.679000000000002
11.444
149.103
24.153000000000002
362.923
27.887
27.008
16.964
29.813000000000002
32.344
25.993000000000002
357.868
56.546
31.675
48.242000000000004
324.147
83.22500000000001
42.905
240.961
148.25900000000001
56.689
109.417
86.324
40.038000000000004
24.301000000000002
30.525000000000002
53.874
22.809
10.5
23.037
12.766
14.66
26.787
50.127
499.999
39.665
20.77
64.791
12.945
27.591
24.655
63.184000000000005
49.435
86.929
207.196
438.56600000000003
64.736
42.304
55.423
19.547
38.480000000000004
44.617000000000004
25.781
23.204
46.067
62.230000000000004
104.771
41.489000000000004
176.177
456.913
17.213
11.199
20.868000000000002
72.932
30.381
53.102000000000004
150.0
55.278
12.318
102.888
499.999
499.999
51.644
20.45
17.506
21.119
16.06
70.892
24.166
16.506
51.456
15.288
88.985
86.008
11.987
40.265
38.392
24.739
348.034
15.606
27.116
58.358000000000004
499.999
10.981
35.732
67.289
35.265
499.999
33.407000000000004
19.244
48.123
28.376
17.675
26.562
448.075
17.419
130.597
17.215
147.17000000000002
74.528
38.408
48.655
25.487000000000002
19.86
7.884
49.641
19.324
20.367
180.80700000000002
39.952
40.086
50.489000000000004
23.342
35.668
28.589000000000002
37.221000000000004
47.023
350.57800000000003
17.871
16.666
77.95400000000001
144.79
24.17
56.868
92.887
499.999
26.267
17.222
19.339
15.173
14.282
160.75900000000001
43.6
27.374000000000002
21.085
21.333000000000002
209.585
18.336000000000002
17.339
50.008
23.557000000000002
30.865000000000002
67.626
13.182
17.472
267.19
50.178000000000004
499.999
30.647000000000002
148.156
36.598
43.603
119.515
91.252
493.642
51.844
90.498
224.353
21.676000000000002
11.983
36.523
95.705
37.985
35.181
39.998
107.712
65.07300000000001
24.564
18.396
17.827
33.694
89.257
35.283
14.964
62.875
342.8
16.289
48.133
23.357
24.432000000000002
48.011
32.43
15.737
45.289
38.109
67.58800000000001
90.215
34.537
22.001
25.933
20.830000000000002
84.95
118.191
150.47
44.692
24.944
13.780000000000001
26.202
103.031
59.410000000000004
11.879
130.997
56.633
15.902000000000001
177.349
14.451
38.512
87.60000000000001
33.508
40.641
45.666000000000004
499.999
37.691
47.436
31.316
174.245
29.298000000000002
40.757
43.272
57.159
374.16700000000003
26.409
25.163
112.438
75.82900000000001
18.692
342.031
55.948
29.98
39.354
11.811
165.417
30.302
18.080000000000002
68.96300000000001
499.999
19.967
26.588
60.491
25.816
15.048
120.558
79.267
71.45400000000001
57.904
13.268
12.744
37.119
62.050000000000004
72.17
62.908
29.87
56.523
28.695
29.723
28.228
23.485
294.604
181.1
139.812
32.478
43.51
35.599000000000004
13.683
28.91
15.134
52.237
25.683
12.383000000000001
63.178000000000004
19.543
103.757
56.034
96.183
52.411
61.819
19.578
23.168
23.848
45.875
290.065
30.035
250.717
23.490000000000002
20.11
230.078
14.066
36.839
15.102
79.392
36.061
499.999
58.67
17.846
44.484
27.986
50.232
17.981
18.393
75.657
22.778000000000002
499.999
128.734
35.11
27.288
216.69400000000002
18.817
15.876
16.771
24.078
22.883
87.267
18.643
47.095
41.083
45.51
43.64
19.009
423.911
17.621
25.354
25.624
33.517
190.436
13.935
422.814
499.999
23.391000000000002
11.983
17.297
33.532000000000004
21.446
12.222
15.929
14.642
45.315
143.019
496.427
20.68
20.566
67.135
29.979
86.271
485.848
13.317
55.814
122.688
94.91
18.927
40.719
15.648
60.254
32.416000000000004
30.114
47.165
14.756
45.439
279.325
499.999
36.534
152.506
28.574
149.428
127.308
10.521
75.983
70.715
16.655
12.261000000000001
26.977
64.94
20.13
148.882
39.385
29.258
499.999
30.579
108.98
75.443
14.192
107.848
28.755
14.459
43.125
106.953
166.204
25.968
17.494
31.05
30.379
18.618000000000002
55.834
39.391
17.512
218.546
105.378
32.043
66.274
28.584
24.871000000000002
36.864000000000004
204.758
58.223
17.855
51.462
29.292
63.926
18.382
109.016
443.536
386.173
18.085
16.187
28.771
77.97500000000001
76.167
21.413
58.412
74.356
64.063
25.39
164.17600000000002
16.854
24.344
52.498
38.599000000000004
17.06
39.136
98.446
21.595
19.791
87.895
86.515
25.217
46.615
39.08
42.008
55.795
497.116
31.269000000000002
201.842
36.1
8.814
26.909
166.891
188.928
25.868000000000002
34.06
31.096
17.482
102.857
22.374
15.18
42.636
31.659
18.265
63.471000000000004
21.787
18.844
38.547000000000004
55.204
8.466
12.536
171.858
12.994
29.67
391.942
10.662
61.410000000000004
33.34
47.618
19.757
260.879
25.075
52.641
39.463
13.789
15.375
112.15
46.13
31.359
15.832
25.272000000000002
11.965
43.926
21.524
290.036
102.013
21.337
42.171
67.984
15.313
15.962
41.661
23.092
17.711000000000002
25.749
227.255
27.716
56.704
17.435
169.18
22.761
188.249
27.914
13.349
41.015
26.484
120.119
103.523
39.413000000000004
118.08500000000001
98.82300000000001
11.852
63.254
109.139
24.008
44.629
59.619
61.937000000000005
7.026
28.641000000000002
61.03
17.605
19.46
154.38400000000001
178.853
25.279
10.99
26.721
23.755
24.763
25.740000000000002
148.239
107.526
24.097
71.336
41.926
23.677
19.602
43.214
117.85000000000001
40.596000000000004
32.331
14.876
162.221
83.10600000000001
22.955000000000002
499.999
10.783
320.724
421.652
15.85
17.668
39.819
95.623
120.348
29.305
62.018
21.515
29.277
139.132
14.365
43.006
130.858
18.958000000000002
23.506
17.704
23.91
227.181
72.562
358.986
27.466
20.311
69.535
71.17
57.189
28.471
440.755
50.194
29.412
14.787
26.986
22.741
78.306
32.628
222.82500000000002
36.337
26.123
32.084
157.239
21.629
73.59100000000001
20.217
18.229
32.555
19.834
18.545
81.29
15.229000000000001
209.542
110.182
330.419
65.777
499.999
11.079
27.68
20.664
12.473
27.477
16.742
45.075
46.088
32.612
59.441
15.13
16.513
51.759
218.032
121.555
28.679000000000002
37.827
36.205
239.374
53.814
100.779
34.718
14.126
222.96
279.095
37.979
22.861
8.592
34.38
15.723
45.792
11.038
52.643
21.874
18.89
118.215
17.612000000000002
74.465
25.789
10.168000000000001
54.306000000000004
72.904
55.004
499.999
9.997
183.162
499.999
64.58200000000001
62.373000000000005
107.758
499.999
21.806
41.281
50.42
26.595
20.728
14.034
107.273
20.233
28.461000000000002
222.841
188.675
15.595
45.735
222.894
55.483000000000004
194.87800000000001
499.999
94.22200000000001
46.84
16.43
34.378
265.955
23.637
79.773
42.933
50.273
170.899
34.142
40.144
32.927
24.513
18.063
269.954
499.999
131.481
9.986
499.999
42.193
35.483000000000004
84.919
350.628
62.480000000000004
36.023
76.411
55.112
24.822
78.953
20.339000000000002
25.544
16.879
180.903
13.491
339.777
158.869
12.155000000000001
17.006
26.66
7.9590000000000005
20.081
23.081
26.61
31.372
15.809000000000001
37.612
69.404
38.4
32.883
106.041
101.74300000000001
97.614
21.165
58.249
75.434
14.514000000000001
46.825
106.992
24.504
17.338
55.688
14.063
18.246
433.87600000000003
67.476
14.579
40.531
55.01
16.298000000000002
18.921
181.106
260.188
18.551000000000002
88.019
7.898000000000001
156.912
23.789
27.282
499.999
55.922000000000004
147.506
246.51500000000001
35.315
78.257
29.574
14.173
57.958
13.563
61.521
74.486
70.687
25.963
11.613
30.095
23.411
18.572
33.759
51.966
19.04
9.087
403.933
350.24
499.999
79.206
15.068
13.878
35.224000000000004
14.469
23.28
114.049
8.311
23.3
48.447
65.614
17.79
105.522
212.059
24.923000000000002
62.792
39.619
230.835
25.284
17.708000000000002
19.725
395.937
15.144
22.381
17.319
12.774000000000001
38.413000000000004
53.605000000000004
22.039
26.262
19.513
157.208
22.236
14.483
10.541
30.884
14.794
7.932
59.379
15.761000000000001
499.999
73.986
11.568
27.494
23.41
15.531
477.058
19.603
42.742000000000004
80.08800000000001
43.189
9.952
40.944
12.934000000000001
499.999
14.824
23.264
72.84100000000001
23.889
85.06
31.45
55.484
11.988
14.218
87.526
18.01
24.064
27.17
106.711
31.576
60.183
247.917
36.828
14.675
11.866
13.431000000000001
42.944
27.715
499.999
53.817
11.802
43.412
24.917
15.789
147.879
499.999
38.09
47.886
202.221
23.330000000000002
14.127
499.999
36.927
280.642
11.341000000000001
153.25
24.185000000000002
78.65
23.2
392.372
16.543
55.856
16.909
76.289
56.543
59.445
24.113
36.403
24.21
11.678
102.119
48.278
24.929000000000002
25.651
142.718
17.464
17.296
49.075
77.887
48.406
19.828
32.734
38.004
40.794000000000004
31.409
40.788000000000004
53.646
499.999
57.499
20.725
233.34300000000002
15.553
20.778
24.422
40.679
38.511
67.699
57.353
112.015
43.326
223.53300000000002
70.506
21.101
180.049
19.861
115.95100000000001
23.666
131.594
90.271
34.185
56.965
17.496
499.999
499.999
134.175
40.332
28.984
50.937
305.591
499.999
12.563
114.87
55.444
19.374
72.647
268.357
132.972
45.962
16.051000000000002
35.196
150.90800000000002
368.246
23.601
18.626
40.138
21.659
111.24000000000001
53.305
23.285
16.909
18.883
19.118000000000002
20.584
22.240000000000002
118.22200000000001
26.77
499.999
13.285
97.107
33.224000000000004
13.094
406.442
16.251
11.765
16.581
80.001
11.964
206.711
121.739
53.782000000000004
47.232
24.096
13.259
30.714000000000002
19.958000000000002
234.207
15.665000000000001
38.383
13.902000000000001
51.476
35.56
13.432
29.46
59.766
22.542
18.929000000000002
26.75
23.524
20.629
11.924
38.6
19.261
33.47
37.512
58.458
380.967
52.085
8.083
47.565
19.699
24.296
37.56
50.18
55.804
64.777
205.627
49.342
499.999
15.8
30.671
29.241
94.98700000000001
20.813
31.84
22.875
22.54
47.24
15.993
100.68900000000001
64.12
40.745
13.83
42.522
17.622
23.259
14.027000000000001
27.093
130.411
26.601
17.983
10.661
202.547
18.273
114.058
44.178000000000004
121.471
334.497
14.513
24.919
120.60600000000001
246.376
36.995
136.985
29.602
40.422000000000004
22.136
393.86400000000003
49.336
11.508000000000001
13.86
191.72400000000002
27.291
31.862000000000002
29.701
16.655
32.266
15.234
16.763
17.717
112.035
64.32600000000001
16.039
33.652
28.807000000000002
21.923000000000002
156.06300000000002
21.400000000000002
10.902000000000001
47.719
18.172
14.678
17.162
39.156
117.608
10.622
25.941
20.418
24.239
37.545
36.511
55.910000000000004
30.841
57.325
367.907
499.999
313.872
16.262
107.032
98.456
57.685
37.524
356.19
46.209
16.208000000000002
124.867
8.446
478.254
14.138
162.186
70.56
164.69
127.892
77.208
24.745
22.06
22.674
24.787
16.143
47.06
499.999
108.747
42.658
77.546
499.999
14.146
24.581
19.107
60.46
32.108000000000004
15.353
24.071
17.328
499.999
32.777
31.971
239.52100000000002
53.946
148.391
19.54
48.28
79.134
22.174
99.391
39.154
23.238
23.104
32.095
75.373
38.135
22.573
67.279
10.319
24.275000000000002
328.487
13.071
56.268
15.192
39.383
309.363
33.337
103.633
83.571
16.421
80.258
108.836
54.491
15.246
45.97
499.999
70.319
22.509
88.747
24.666
45.349000000000004
26.536
25.874
122.778
116.58
14.25
28.847
90.517
213.708
12.076
68.69500000000001
135.162
20.313
47.765
48.449
21.14
50.25
26.688
34.111000000000004
84.479
25.592000000000002
34.096000000000004
17.398
399.641
20.314
7.869
66.233
141.834
261.915
27.79
13.84
32.873
499.999
499.999
21.657
116.031
13.703
27.367
44.332
38.793
35.702
33.255
31.004
499.999
499.999
56.257
74.281
15.19
19.479
33.37
219.934
10.267
17.544
95.413
116.414
252.90200000000002
58.385
15.978
76.702
22.748
260.81600000000003
13.787
23.145
26.811
43.264
19.168
49.192
17.389
25.172
50.933
17.801000000000002
20.457
134.883
29.235
10.887
39.050000000000004
26.651
30.191
15.016
25.247
17.499
29.768
35.406
16.325
66.037
374.684
19.402
28.023
37.338
41.451
277.218
25.786
238.901
48.305
29.087
15.202
19.284
73.544
499.999
86.171
22.248
50.421
36.884
499.999
25.075
28.263
19.979
50.251
61.986000000000004
80.449
85.71000000000001
349.464
13.818
58.215
13.701
28.341
66.633
19.407
72.558
36.926
14.128
16.243000000000002
93.97500000000001
23.999
32.572
104.164
59.017
21.22
499.999
18.354
224.727
30.905
26.608
32.701
91.268
22.998
28.371000000000002
16.916
19.152
19.408
61.079
70.937
32.246
25.339000000000002
25.872
27.721
28.722
17.727
52.85
57.995000000000005
40.332
14.076
23.359
90.852
21.989
62.678000000000004
82.289
18.44
38.972
124.59
131.39600000000002
391.462
21.375
23.073
19.959
11.373000000000001
499.999
35.246
9.886000000000001
53.087
22.003
100.753
23.591
16.464
36.394
277.698
11.843
46.394
401.583
13.532
25.405
35.213
499.999
28.085
205.638
192.954
21.647000000000002
26.502
28.664
19.675
258.234
252.84900000000002
70.234
69.56400000000001
15.104000000000001
29.015
66.996
10.553
47.737
8.644
111.061
442.485
75.83
18.874
10.17
41.169000000000004
34.545
111.48
31.647000000000002
25.069
194.02700000000002
369.421
21.606
22.117
29.422
17.974
34.395
19.687
6.9430000000000005
21.549
18.252
18.672
12.824
35.427
54.277
46.672000000000004
31.388
120.711
39.219
17.819
70.84
117.94500000000001
16.330000000000002
24.868000000000002
499.999
43.335
71.146
61.259
499.999
85.735
14.796000000000001
27.607
499.999
17.502
18.474
207.169
86.217
19.138
16.462
26.389
46.235
14.85
99.949
29.259
192.317
58.644
263.226
104.778
39.584
143.345
77.131
35.673
316.031
32.885
97.149
17.033
23.021
38.375
499.999
30.673000000000002
25.428
281.456
32.068
50.924
89.128
34.754
9.853
17.236
12.42
30.077
75.112
26.316
40.167
34.709
51.071
21.917
67.768
103.462
47.825
53.784
31.787
17.139
499.999
303.656
12.667
42.935
63.912
74.592
14.027000000000001
20.315
25.59
39.107
127.43
94.804
71.22200000000001
13.518
173.75
9.078
30.073
184.994
30.641000000000002
37.453
58.660000000000004
27.392
53.357
64.91
37.119
9.975
21.765
499.999
65.603
32.09
119.709
87.45
14.506
335.46
21.665
57.176
90.998
25.077
83.268
21.351
9.306000000000001
33.004
20.302
13.019
24.139
61.437000000000005
55.274
33.286
21.429000000000002
65.06400000000001
8.267
107.483
75.423
78.583
11.118
38.185
188.952
13.507
56.108000000000004
381.43
74.60300000000001
445.897
15.866
424.974
13.998000000000001
12.607000000000001
62.751000000000005
52.496
26.310000000000002
499.999
36.374
39.821
22.990000000000002
26.315
207.13
22.324
499.999
56.509
23.049
66.45100000000001
12.988
17.436
499.999
28.946
18.344
34.805
36.962
26.954
10.642
38.912
67.57300000000001
15.091000000000001
44.518
12.461
21.5
301.583
25.965
9.701
229.443
20.651
11.415000000000001
41.762
41.544000000000004
57.793
63.43
36.352000000000004
91.289
44.18
62.247
33.14
80.343
20.882
14.757
20.336000000000002
16.073
275.51800000000003
33.856
24.067
475.94100000000003
15.156
29.393
20.036
35.148
332.0
95.645
62.236000000000004
37.78
74.24
21.485
12.39
18.737000000000002
21.03
129.445
339.54
29.222
20.745
23.403000000000002
70.414
76.496
37.807
53.785000000000004
292.693
108.921
181.763
50.027
17.357
67.139
11.978
13.625
31.042
76.903
36.514
125.055
53.379
21.488
39.776
51.898
162.091
169.888
56.647
18.389
29.901
17.274
41.32
64.315
43.453
27.156
13.903
204.237
74.535
22.846
24.69
49.894
47.039
38.023
17.936
339.896
24.993000000000002
125.661
20.23
7.55
26.864
55.757
23.952
24.563
26.361
29.661
10.829
20.351
40.183
13.696
26.472
23.851
45.153
23.542
28.438
61.313
16.757
50.154
12.037
33.558
499.999
25.643
37.474000000000004
11.975
91.953
43.219
32.962
23.218
23.642
28.514
47.976
26.622
322.426
25.377
499.999
10.016
10.933
31.383
162.18
39.274
30.749000000000002
20.299
499.999
34.353
97.155
26.764
20.328
28.312
106.742
396.121
23.886
24.48
13.855
18.703
99.96000000000001
276.481
10.245000000000001
52.015
64.874
144.15
33.208
499.999
23.335
15.235
32.619
499.999
24.904
34.503
15.371
252.94400000000002
22.091
65.73
50.767
13.716000000000001
499.999
81.631
137.422
23.169
80.19500000000001
16.258
20.325
13.38
16.005
51.476
25.55
36.682
28.114
17.963
28.465
10.624
499.999
61.999
32.958
12.828
18.579
83.667
36.660000000000004
19.499
11.700000000000001
33.412
499.999
47.316
32.044000000000004
14.612
12.331
91.015
115.503
16.231
34.927
38.944
499.999
318.331
12.391
188.561
18.024
13.686
21.382
24.139
17.39
243.454
26.089000000000002
16.435
9.613
42.033
25.927
8.073
60.846000000000004
65.358
37.151
13.112
20.299
49.415
56.781
17.807
38.982
49.11
22.990000000000002
44.763
39.629
150.071
15.089
34.787
9.461
499.999
54.393
137.809
43.979
107.986
16.612000000000002
32.501
91.559
499.999
27.94
40.246
24.027
77.718
30.385
49.335
59.315
207.88400000000001
59.177
92.34400000000001
32.993
122.93
40.947
111.7
12.587
31.489
499.999
16.631
14.048
29.088
315.628
194.33700000000002
32.336
9.296
131.887
26.141000000000002
12.782
20.434
499.999
9.004
275.846
111.665
24.556
284.046
48.208
223.41
93.572
40.668
83.364
47.503
48.899
32.116
15.715
91.508
499.999
23.816
96.348
76.641
108.757
59.152
146.044
13.739
18.209
75.58
42.204
32.161
54.913000000000004
61.659
202.061
52.161
22.022000000000002
9.76
168.906
252.84
28.561
24.576
167.696
83.406
36.437
16.291
14.762
12.232000000000001
25.545
120.85000000000001
29.535
27.478
71.01
25.63
71.867
37.561
29.512
37.024
499.999
144.587
18.809
41.696
499.999
19.271
31.861
36.546
14.502
37.714
69.899
30.652
63.583
17.66
58.889
16.733
14.343
119.48400000000001
13.188
48.635
22.309
13.058
15.5
19.681
21.877
60.561
11.197000000000001
259.16700000000003
135.202
18.39
76.387
22.845
12.425
33.665
46.534
57.928000000000004
43.058
14.93
75.727
25.878
89.458
499.999
18.692
168.222
14.926
51.894
210.257
160.798
23.177
11.912
17.919
499.999
16.635
308.394
37.914
31.454
34.194
60.105000000000004
206.229
451.42400000000004
18.021
145.613
106.927
20.486
201.452
499.999
25.748
309.434
20.126
21.105
38.537
80.209
18.283
27.536
17.35
65.164
17.459
13.251
14.025
471.704
107.45100000000001
14.437000000000001
27.749000000000002
15.428
43.452
76.66
69.855
9.631
499.999
29.735
19.28
25.788
16.3
203.788
486.653
72.388
97.822
323.781
44.318
165.514
13.366
126.169
12.818
440.732
56.313
90.98400000000001
499.999
23.699
19.099
16.065
22.463
25.398
69.46600000000001
38.214
15.081
19.967
16.995
131.31
19.686
13.017
30.78
32.103
10.809000000000001
91.055
19.174
28.954
37.584
19.028
30.421
39.349000000000004
68.508
48.247
499.999
19.144000000000002
16.431
110.18
21.214000000000002
22.639
12.285
60.572
57.179
47.679
73.524
54.14
31.722
138.478
27.127
116.007
36.974000000000004
499.999
16.716
14.932
85.06700000000001
77.889
22.753
104.396
14.084
21.263
34.951
23.28
30.764
35.357
35.631
21.075
32.17
45.558
42.843
11.755
22.584
92.882
83.651
15.788
19.171
24.634
52.518
170.685
17.698
42.632
63.45
105.35000000000001
7.9670000000000005
35.959
267.968
47.488
10.788
27.68
36.62
132.717
47.129
262.95
56.304
29.404
81.98100000000001
32.323
12.9
12.426
18.045
499.999
10.221
499.999
45.643
12.456
34.212
279.348
47.555
36.651
87.848
20.656
103.318
48.426
185.554
19.423000000000002
45.181000000000004
19.384
41.059
32.8
182.197
35.819
53.475
10.773
25.024
499.999
284.07
42.359
211.511
11.318
35.741
22.185
12.692
11.923
10.173
86.187
54.699
16.81
68.955
18.222
32.017
82.887
36.597
69.776
139.369
8.119
29.856
30.405
16.681
48.137
29.629
43.457
499.999
40.082
164.349
117.34700000000001
420.238
264.282
44.851
10.079
441.942
15.191
29.217000000000002
32.877
27.132
105.852
67.66
21.858
181.405
26.224
11.752
141.645
499.999
11.485
122.405
480.754
30.888
8.763
16.148
119.769
52.99
25.165
73.686
20.647000000000002
21.59
47.300000000000004
55.464
32.152
80.022
28.422
25.232
72.408
92.165
74.412
71.468
31.425
15.429
11.084
28.445
67.464
79.964
128.741
24.948
43.142
22.223
70.19500000000001
41.335
20.081
17.212
21.054000000000002
20.361
88.449
25.198
16.116
34.604
20.97
13.856
20.619
13.545
37.932
180.78900000000002
52.357
24.827
420.721
19.125
146.358
15.0
398.68
15.567
101.0
18.882
35.146
24.115000000000002
41.905
30.791
15.194
35.2
21.1
12.266
63.136
17.263
45.364000000000004
41.724000000000004
52.121
11.96
16.789
49.173
14.769
66.403
8.94
19.344
32.053
33.195
35.081
83.361
97.718
11.033
18.224
200.679
13.923
19.399
7.449
29.248
37.119
57.967
54.809000000000005
27.962
21.485
90.001
141.061
19.6
225.235
101.375
499.999
43.111000000000004
13.254
477.185
16.825
50.756
160.693
24.003
499.999
16.229
24.228
124.907
32.036
30.436
189.84900000000002
30.342000000000002
18.762
60.453
42.124
12.019
499.999
83.018
55.404
247.149
31.537
14.878
39.764
40.621
356.187
243.703
499.999
46.859
174.15
14.829
19.097
11.869
20.283
17.413
18.943
201.728
23.729
112.001
33.263
18.012
41.324
57.821
30.463
100.374
15.522
30.371000000000002
30.09
23.274
30.791
46.393
21.809
43.0
74.456
19.548000000000002
31.279
24.355
26.297
19.244
26.543
134.716
450.604
16.211000000000002
64.71000000000001
83.217
57.648
11.084
216.769
13.326
17.697
221.761
100.534
27.192
60.184000000000005
19.865000000000002
331.455
92.158
16.408
203.32500000000002
369.716
64.94
67.892
79.199
125.12
47.141
53.439
16.124
9.302
7.958
106.49300000000001
11.571
151.306
98.058
21.478
35.12
53.612
20.208000000000002
13.422
23.382
12.481
72.84400000000001
15.351
20.837
21.907
13.973
499.999
499.999
42.65
24.194
118.427
24.04
18.457
115.324
20.738
21.798000000000002
19.879
30.874000000000002
37.761
13.396
14.338000000000001
25.214000000000002
14.576
13.214
359.03000000000003
499.999
116.367
14.978
22.388
135.6
9.43
35.204
20.551000000000002
21.72
68.343
23.613
18.18
17.654
93.694
208.85500000000002
156.735
117.379
54.411
29.801000000000002
25.524
71.142
18.059
17.031
19.745
17.341
51.883
275.982
14.035
499.999
31.792
68.342
17.956
35.551
14.917
65.59100000000001
18.327
79.296
36.667
367.72
14.031
9.84
72.157
22.134
168.037
499.999
32.985
16.832
32.446
499.999
13.925
35.766
17.675
24.261
28.304000000000002
19.216
55.598
268.536
36.843
24.842
17.938
21.127
34.287
34.746
18.567
163.342
24.944
22.2
23.176000000000002
105.122
89.922
44.181
39.907000000000004
23.455000000000002
30.01
71.962
150.763
23.315
463.343
6.022
15.296000000000001
16.107
33.262
24.382
55.511
15.752
499.999
28.47
20.080000000000002
48.776
22.599
49.663000000000004
459.706
29.199
23.109
33.93
27.357
26.209
31.077
15.522
32.578
13.303
38.299
71.5
35.291000000000004
23.336000000000002
29.650000000000002
8.745000000000001
25.095
20.509
41.075
40.133
39.782000000000004
11.98
30.705000000000002
21.187
21.636
41.718
72.169
72.967
80.815
106.36800000000001
15.795
72.113
22.203
28.805
27.518
16.218
23.969
47.905
29.384
9.975
35.527
15.029
192.151
33.648
52.044000000000004
15.849
54.605000000000004
16.611
24.739
18.394000000000002
20.235
64.141
14.957
43.713
26.069
38.116
13.439
22.527
62.188
73.112
40.672000000000004
19.788
26.407
45.065
17.911
210.189
36.407000000000004
16.535
153.655
26.969
91.628
41.965
31.528000000000002
22.81
40.716
363.242
24.44
499.999
17.227
499.999
499.21500000000003
29.916
285.841
8.769
83.627
22.691
499.999
19.827
72.514
312.003
233.693
18.977
17.564
79.768
33.5
28.11
34.392
76.046
15.784
21.423000000000002
11.897
66.172
25.157
50.208
499.999
499.999
18.173000000000002
43.0
22.432000000000002
28.845
38.611000000000004
122.437
25.633
499.999
69.167
19.263
12.762
289.261
19.522000000000002
28.213
40.418
229.463
10.917
22.891000000000002
137.909
124.06
17.926000000000002
113.196
63.7
32.232
18.786
14.117
81.404
11.193
39.115
471.39300000000003
24.188
499.999
29.382
56.063
68.135
55.451
16.661
45.708
28.310000000000002
499.999
104.553
33.230000000000004
15.746
56.711
30.63
28.337
33.695
45.435
16.479
26.515
499.999
51.715
18.455000000000002
17.446
22.699
89.384
31.961000000000002
27.964000000000002
129.627
46.671
179.976
59.983000000000004
40.476
452.199
499.999
11.521
111.373
27.581
11.277000000000001
499.999
13.36
84.339
7.787
66.921
277.079
50.459
61.882
26.318
34.829
20.77
15.264000000000001
11.114
96.158
127.968
36.865
44.37
30.265
35.155
20.61
15.869
27.26
117.61200000000001
19.67
28.014
54.031
25.580000000000002
105.23
29.95
38.696
38.794000000000004
20.706
27.843
12.047
15.667
23.565
76.47
380.813
67.196
41.385
15.549
55.467
499.999
82.601
102.257
86.79
14.022
9.035
17.356
58.427
16.365000000000002
97.153
267.226
87.715
27.446
15.278
16.668
11.625
54.2
51.412
61.5
12.620000000000001
20.164
378.358
27.216
14.896
29.951
11.417
30.467000000000002
17.659
21.367
17.857
22.43
17.222
23.385
71.268
149.749
13.82
33.381
23.166
20.448
25.289
130.716
54.384
45.443
32.624
140.737
23.246000000000002
12.450000000000001
107.07300000000001
27.809
12.703
313.219
51.109
104.485
11.202
32.569
46.036
19.633
51.467
210.031
24.744
20.237000000000002
499.999
12.922
42.438
100.908
18.362000000000002
48.681000000000004
11.38
20.049
38.445
20.449
237.165
379.814
21.869
14.996
19.464
28.706
54.298
34.023
146.969
133.659
23.632
122.401
20.229
60.931000000000004
58.146
16.817
248.50300000000001
24.954
86.553
20.064
131.87800000000001
66.406
37.848
17.664
71.911
53.525
172.118
14.618
39.112
20.535
53.653
34.14
57.676
48.829
155.526
24.376
230.39000000000001
181.876
15.475
111.48400000000001
17.815
16.103
30.277
70.218
23.268
46.915
47.612
31.238
9.431000000000001
77.862
20.588
499.999
284.565
29.894000000000002
21.436
499.999
45.644
32.74
41.367
44.931
14.911
15.325000000000001
96.837
30.351
25.224
55.944
35.723
39.6
161.38400000000001
115.261
35.839
98.726
38.826
32.435
499.999
499.999
18.39
43.535000000000004
52.585
25.936
37.185
47.017
96.385
12.455
13.055
22.175
58.423
68.081
19.356
31.598
58.154
54.369
36.278
20.517
83.395
29.918
25.02
153.192
31.698
64.505
108.294
14.236
55.72
13.684000000000001
29.53
79.95400000000001
8.097
31.665
41.479
52.086
25.897000000000002
15.909
55.879
18.524
18.976
42.817
117.712
171.359
23.219
34.182
22.062
18.68
17.029
499.999
60.568
28.077
27.568
286.151
12.982000000000001
22.164
17.684
18.953
87.758
88.20100000000001
46.757
13.328
21.619
20.038
329.766
26.327
21.439
56.249
16.996
90.931
25.176000000000002
72.32000000000001
47.656
20.697
36.687
20.014
28.836000000000002
100.702
21.816
24.919
78.406
27.05
32.054
24.591
33.248
46.007
87.9
19.024
12.285
27.006
16.39
19.661
17.48
27.37
19.143
95.10000000000001
29.585
28.144000000000002
21.219
36.849000000000004
264.646
24.192
19.995
56.079
43.953
35.884
499.999
35.293
14.811
102.803
39.959
30.405
97.687
16.489
53.994
26.539
499.999
38.01
53.206
61.479
12.284
21.129
22.743000000000002
37.898
27.990000000000002
72.516
9.877
206.61
50.15
25.554000000000002
67.175
19.431
22.089000000000002
13.177
126.274
60.647
13.403
20.501
19.663
105.345
12.48
59.759
44.791000000000004
54.896
54.308
102.988
53.983000000000004
25.295
30.199
34.055
259.31
79.923
499.999
94.718
11.031
27.924
499.999
31.914
22.892
95.20100000000001
58.409
36.427
499.999
32.874
21.013
34.713
15.206
73.354
85.674
18.426000000000002
20.961000000000002
139.127
23.606
33.669000000000004
59.049
21.785
22.804000000000002
32.535000000000004
115.81400000000001
20.221
55.596000000000004
12.764000000000001
165.48
499.999
46.904
26.393
15.746
13.384
10.458
29.893
23.12
40.739000000000004
162.919
47.904
13.925
73.285
40.635
14.745000000000001
21.248
136.212
110.324
28.635
38.022
23.594
183.114
25.034
41.445
23.792
8.120000000000001
21.161
21.368000000000002
248.159
18.587
53.908
20.712
22.845
14.561
69.337
52.086
11.587
14.494
17.422
61.252
19.6
32.787
25.348
235.395
42.662
17.452
8.578
9.799
19.386
18.677
15.493
15.397
9.823
20.034
32.305
170.266
323.964
46.359
14.200000000000001
422.507
292.37600000000003
21.385
38.421
29.292
79.609
143.91
44.436
40.479
149.071
88.273
31.754
28.12
9.439
21.486
78.424
12.703
64.491
54.300000000000004
46.063
14.77
207.368
10.958
145.15800000000002
18.59
69.152
41.098
34.723
48.144
395.997
499.999
18.081
23.422
18.833000000000002
16.842
499.999
70.854
9.007
82.259
87.563
115.977
10.427
20.407
27.872
33.872
59.1
16.758
21.663
169.92600000000002
499.999
18.104
499.999
44.278
38.828
29.472
79.941
36.424
159.88
18.601
10.663
197.835
33.592
35.054
14.889000000000001
499.999
31.545
15.711
25.056
160.687
29.117
13.373000000000001
26.161
17.738
37.86
61.938
60.756
21.387
18.235
40.507
42.022
29.185000000000002
12.088000000000001
115.489
499.999
15.26
11.498000000000001
43.433
238.538
28.767
499.999
117.205
183.746
41.78
11.568
58.139
35.314
74.34700000000001
30.958000000000002
392.039
34.007
23.136
132.495
76.149
12.81
34.897
14.461
129.65200000000002
32.728
10.167
44.832
60.159
57.981
28.296
77.262
22.003
104.569
19.139
160.076
30.842000000000002
8.151
94.536
52.999
26.654
39.21
21.812
81.474
15.345
29.982
31.04
51.282000000000004
54.351
34.757
66.42
174.435
85.611
499.999
15.498000000000001
28.172
27.027
35.46
30.311
25.238
22.626
17.31
22.224
155.151
26.150000000000002
45.968
22.313
94.295
247.541
165.113
128.44
18.97
21.655
88.369
52.269
87.907
25.503
29.109
43.131
27.706
28.57
404.218
42.831
62.977000000000004
39.695
89.77
19.391000000000002
37.119
74.774
59.7
39.392
28.88
31.232
21.628
28.747
73.339
119.31400000000001
45.899
59.528
52.102000000000004
29.159
22.416
17.627
21.308
11.81
18.925
185.097
12.509
37.43
29.983
225.785
15.013
16.986
22.492
116.33
15.101
16.303
52.641
188.50900000000001
132.74
27.856
499.999
110.11800000000001
23.194
32.329
15.409
11.485
21.19
11.433
499.999
54.172000000000004
155.327
62.866
14.879
24.753
28.344
36.06
96.339
499.999
11.641
29.173000000000002
39.761
23.917
105.899
87.971
90.19800000000001
441.498
57.480000000000004
404.262
45.579
73.056
37.371
19.761
73.58
64.304
11.512
15.089
15.995000000000001
14.481
126.208
25.851
47.063
21.681
15.85
86.949
30.345
47.349000000000004
187.305
106.46600000000001
16.555
26.541
29.863
9.264
37.792
32.82
147.606
48.127
129.998
31.581
25.915
19.35
48.476
26.384
499.999
63.984
27.783
63.722
31.498
158.845
19.968
428.663
47.468
339.063
91.33200000000001
35.547000000000004
175.842
32.519
31.038
13.343
128.097
44.873
30.864
21.606
24.198
10.687
14.382
179.047
34.141
31.854
10.551
201.875
9.675
33.944
499.999
25.208000000000002
61.676
20.005
19.895
32.29
28.179000000000002
37.521
30.899
19.743000000000002
90.685
243.37900000000002
33.927
40.69
20.61
19.046
42.012
40.807
32.597
25.522000000000002
38.133
23.037
28.858
26.774
47.406
78.19200000000001
9.59
72.084
39.492
240.583
408.377
140.695
16.568
79.887
17.083000000000002
18.923000000000002
68.165
26.772000000000002
159.726
72.19800000000001
23.027
48.101
12.509
14.154
68.392
15.105
39.764
24.996000000000002
439.021
19.116
294.347
8.084
77.71300000000001
20.747
21.426000000000002
11.69
38.263
37.22
11.992
59.494
29.865000000000002
15.165000000000001
19.561
27.353
70.209
22.331
11.673
15.681000000000001
24.994
101.217
109.298
343.14300000000003
68.278
10.758000000000001
26.009
35.817
125.676
16.888
109.039
58.413000000000004
202.049
108.423
24.817
21.856
22.826
48.586
54.328
91.483
34.834
17.536
39.192
62.977000000000004
48.35
38.986000000000004
34.629
30.866
68.702
289.016
63.733000000000004
27.158
16.673000000000002
14.370000000000001
65.775
52.863
27.59
102.18900000000001
48.911
17.439
121.46600000000001
35.086
14.221
59.82
79.57600000000001
23.195
21.41
10.59
79.846
14.016
161.573
11.507
54.232
27.292
159.01
29.621000000000002
38.956
30.842000000000002
305.156
158.40200000000002
20.289
136.988
28.548000000000002
30.145
52.172000000000004
28.069
96.034
176.097
119.553
133.333
10.485
78.545
198.61
17.247
17.656
57.786
65.331
27.611
107.443
20.252
13.833
34.052
147.784
25.912
367.33
26.081
81.43
58.375
41.407000000000004
23.268
13.459
34.612
24.471
499.999
422.933
14.454
499.999
25.791
54.116
76.303
37.319
20.330000000000002
263.951
31.012
180.34
11.904
23.306
114.145
57.399
89.012
13.525
39.549
18.046
104.67
27.413
130.838
27.96
108.702
11.088000000000001
11.213000000000001
258.26800000000003
19.617
31.744
19.925
46.879
27.852
13.775
15.201
63.514
37.473
164.428
228.006
105.93900000000001
15.161
27.731
71.476
27.855
23.793
332.892
12.088000000000001
36.315
18.431
15.692
24.508
187.998
53.956
23.409
21.357
55.034
25.981
27.509
39.539
19.635
132.524
106.889
41.678000000000004
303.357
36.851
25.55
24.421
127.196
39.447
26.232
16.821
136.478
56.28
33.814
55.515
171.447
18.02
20.497
25.313
16.621
54.302
15.581
16.688
19.347
225.399
14.181000000000001
98.248
49.815
24.138
61.422000000000004
42.507
21.381
23.638
27.393
35.444
38.049
452.827
20.834
28.185000000000002
19.990000000000002
10.863
13.24
121.379
35.281
19.823
64.485
46.567
24.558
25.810000000000002
27.604
75.184
21.846
15.756
350.609
43.116
36.689
27.186
39.834
29.383
306.308
89.96000000000001
64.206
22.105
13.913
128.674
23.045
20.205000000000002
14.994
55.546
87.656
131.031
16.76
19.401
150.036
28.271
394.757
31.156000000000002
49.4
15.583
46.791000000000004
21.145
28.098
36.386
46.201
9.263
24.722
13.417
60.661
282.663
77.031
14.651
18.45
375.652
23.837
295.38100000000003
7.378
140.64600000000002
40.625
132.636
22.76
18.41
16.16
457.958
132.311
23.221
16.401
17.672
179.517
27.053
25.935000000000002
261.855
31.583000000000002
29.899
119.486
108.018
499.999
294.955
24.93
119.568
39.176
29.962
71.96300000000001
77.636
15.878
320.786
21.994
17.274
93.084
33.945
37.377
499.999
18.785
30.486
407.226
38.887
29.667
17.343
57.747
104.019
17.701
131.058
17.205000000000002
109.268
31.043
32.721000000000004
50.129
139.96
87.164
12.356
317.885
29.258
83.903
70.446
30.25
189.811
82.818
28.026
24.271
43.923
27.076
46.757
31.076
61.097
25.416
11.129
72.346
108.651
45.953
47.692
35.076
113.836
39.34
25.743000000000002
49.759
26.54
108.393
67.6
74.936
320.348
23.07
20.656
22.599
35.693
18.065
16.692
12.144
21.854
12.348
58.187000000000005
54.273
43.81
74.268
28.402
17.927
33.714
25.993000000000002
16.12
45.77
25.881
99.227
72.286
11.540000000000001
18.785
23.155
83.872
65.399
33.169000000000004
358.346
117.199
161.23
13.131
67.968
48.541000000000004
39.257
97.025
22.122
43.4
29.505
66.319
139.689
31.606
19.937
35.211
22.844
28.265
71.272
29.215
46.312
13.404
83.97800000000001
31.303
499.999
15.425
93.438
105.049
29.807000000000002
28.473
34.312
331.147
15.217
18.151
30.973
21.713
20.912
38.676
21.67
48.623
145.441
272.326
32.494
35.026
39.474000000000004
36.503
29.684
97.83500000000001
14.034
66.557
56.114000000000004
29.396
118.558
49.268
35.899
20.896
18.707
40.58
17.066
37.445
8.176
36.695
111.012
26.454
27.45
33.456
22.956
91.137
57.844
11.746
51.708
38.557
138.148
196.213
12.187
65.086
352.521
49.657000000000004
88.118
499.999
22.771
9.59
28.232
36.125
11.775
11.331
307.172
80.47200000000001
26.655
16.159
115.019
266.646
19.681
12.13
237.35500000000002
23.047
21.326
18.222
13.771
19.308
24.569
116.337
17.165
24.639
31.323
75.37
23.638
34.605000000000004
37.289
499.999
110.492
193.375
22.142
186.294
49.369
33.466
106.988
49.895
66.475
38.466
35.763
54.134
85.796
46.751
40.662
17.296
71.742
164.002
49.773
15.3
499.999
30.422
465.841
30.055
23.548000000000002
23.548000000000002
59.607
19.438
64.95100000000001
32.585
24.292
28.239
68.374
184.199
42.87
49.386
28.546
21.318
20.778
30.133
55.483000000000004
60.252
31.032
78.43
93.306
51.179
59.758
23.407
31.96
70.75
327.262
23.863
59.271
12.629
47.426
20.829
26.472
30.793
38.921
30.126
199.526
52.499
163.784
21.622
40.88
18.2
30.688000000000002
26.437
29.711000000000002
38.36
11.699
29.588
61.378
20.684
16.072
79.089
29.127
27.310000000000002
19.209
229.34
499.999
24.655
183.00900000000001
17.309
12.163
39.908
15.788
9.042
306.409
11.272
30.949
182.915
72.759
26.863
21.205000000000002
19.159
28.054000000000002
19.169
193.669
65.714
98.161
499.999
48.004
499.999
63.566
23.307000000000002
71.304
23.294
22.551000000000002
40.480000000000004
36.438
8.372
12.539
103.32600000000001
39.689
19.394000000000002
499.999
22.028
22.952
29.627
47.736000000000004
23.777
15.259
110.801
39.225
499.999
57.466
26.384
95.976
15.77
80.304
40.462
108.809
46.517
30.415
26.417
46.507
53.703
18.722
294.547
44.459
52.356
25.702
30.475
36.361000000000004
24.828
12.589
243.017
7.958
31.532
147.361
30.635
70.571
29.003
178.186
33.74
77.146
15.917
21.283
365.983
19.615000000000002
61.425000000000004
13.827
24.048000000000002
9.629
20.103
58.184000000000005
21.089000000000002
61.289
47.396
499.999
127.95100000000001
30.95
10.355
24.293
183.64600000000002
19.17
90.21600000000001
50.095
42.51
16.744
167.242
20.868000000000002
15.343
78.956
35.751
27.857
22.569
32.124
28.752
54.445
17.113
35.243
14.916
23.976
454.659
19.912
26.184
50.277
21.332
77.271
40.587
61.381
113.259
197.862
28.393
11.778
61.936
115.166
18.895
37.42
38.726
49.207
17.206
47.123
60.629
41.002
65.7
33.731
29.604
68.304
124.04
35.106
27.655
175.14600000000002
104.14
14.646
31.185000000000002
44.21
16.712
64.904
41.175000000000004
37.595
28.389
13.926
50.902
17.063
20.856
13.669
30.332
12.132
25.343
174.197
45.764
499.999
63.714
13.335
17.042
57.38
26.919
169.872
14.001
33.22
112.533
54.181000000000004
59.172000000000004
42.171
29.592000000000002
276.887
32.854
104.437
75.281
55.567
82.654
15.719000000000001
150.77700000000002
29.976
16.155
13.344
53.376
26.399
58.747
74.78
36.248
62.941
23.249
48.339
23.391000000000002
60.893
36.784
19.400000000000002
13.037
47.528
16.732
36.404
77.10000000000001
11.691
204.244
26.495
17.988
29.538
18.830000000000002
13.094
16.708000000000002
19.357
47.388
51.725
20.691
377.744
103.304
59.065
46.335
31.990000000000002
25.804000000000002
183.234
11.214
33.021
19.86
123.95100000000001
21.841
43.251
13.924
61.022
14.696
37.97
37.439
37.846000000000004
11.648
44.783
48.363
161.713
77.734
127.303
34.713
40.669000000000004
15.584
21.387
54.948
31.944
20.147000000000002
14.346
36.502
18.669
84.116
499.999
13.511000000000001
475.963
37.829
41.619
13.206
16.702
33.024
454.712
138.034
499.999
27.013
85.173
246.788
32.283
18.966
21.611
77.525
41.51
14.403
32.853
89.22
11.118
42.208
162.168
68.36
20.584
21.034
20.229
19.829
88.964
13.251
42.637
21.653
41.654
21.012
119.718
65.45400000000001
274.01300000000003
16.804000000000002
24.093
22.391000000000002
83.839
15.599
122.308
210.144
96.34700000000001
16.203
56.043
72.806
134.982
29.168
29.059
24.428
57.15
20.816
206.464
116.081
47.829
101.932
41.283
16.5
12.565
68.529
23.32
48.834
112.667
124.414
33.757
15.832
62.241
233.228
291.818
499.999
14.963000000000001
115.792
22.571
14.122
14.307
29.080000000000002
24.402
14.021
37.754
48.687
25.909
499.999
35.353
60.033
16.747
34.479
282.65000000000003
24.081
11.254
29.316
30.166
18.577
29.378
20.767
23.878
152.82500000000002
26.698
75.526
41.689
85.007
19.609
42.922000000000004
15.575000000000001
20.613
12.752
29.759
41.202
20.128
499.999
13.026
14.427
17.491
26.556
20.111
37.668
87.875
36.94
41.814
66.871
111.759
14.06
22.673000000000002
324.286
228.09300000000002
43.116
20.949
30.103
110.218
34.361000000000004
24.685000000000002
34.609
164.281
99.06
80.798
84.531
15.163
29.175
25.098
33.552
15.789
29.725
499.999
28.414
14.606
34.231
44.256
20.371
25.2
14.83
132.48
38.745
19.523
98.598
36.595
12.568
29.519000000000002
36.614
140.016
29.088
27.42
28.933
13.489
183.567
12.278
235.77100000000002
64.028
17.848
72.177
277.802
223.68
11.266
127.49300000000001
90.099
119.676
47.088
18.483
93.733
17.792
30.852
69.431
100.10600000000001
43.345
81.756
38.229
19.367
13.761000000000001
30.217000000000002
32.385
16.444
21.926000000000002
75.242
78.816
87.282
50.056000000000004
110.96900000000001
62.595
124.464
170.89600000000002
137.113
112.526
56.858000000000004
12.058
68.481
393.272
18.896
15.098
19.646
90.73400000000001
87.682
40.295
30.928
26.989
105.241
23.525000000000002
25.759
379.922
176.07500000000002
17.51
78.632
32.835
120.052
46.067
46.478
41.888
27.385
10.078
7.9830000000000005
13.502
13.218
91.927
93.888
44.873
22.606
76.235
30.093
125.262
188.653
25.941
26.492
35.456
157.52700000000002
201.02100000000002
82.96000000000001
177.756
140.708
47.578
313.39
12.608
28.35
32.904
151.603
69.639
18.479
499.999
181.728
201.88400000000001
207.814
35.559
24.154
82.898
24.7
36.948
31.833000000000002
31.414
499.999
38.572
18.843
188.738
110.96000000000001
39.261
32.267
23.17
32.231
41.901
17.298000000000002
499.999
59.298
34.324
18.747
75.559
25.339000000000002
14.692
26.189
13.96
81.477
218.132
13.404
499.999
23.337
23.328
225.309
92.886
55.643
10.339
62.75
201.656
21.493000000000002
14.197000000000001
58.601
20.298000000000002
50.855000000000004
32.259
99.104
48.062
27.992
18.233
19.021
97.396
499.999
65.605
54.427
55.58
42.735
236.005
9.978
70.971
177.633
39.112
47.473
32.099000000000004
122.11500000000001
308.008
47.806000000000004
28.725
14.012
499.999
16.512
47.409
28.933
33.912
190.028
25.589000000000002
15.345
68.393
28.277
20.739
222.96200000000002
257.069
113.134
226.672
71.93
23.179000000000002
12.777000000000001
17.273
16.033
92.557
33.646
14.196
267.443
30.629
43.277
104.459
64.161
24.326
209.882
16.625
499.999
36.49
43.615
65.19
100.48
37.306
48.615
72.291
20.414
22.485
63.547000000000004
20.145
52.633
499.999
26.729
18.543
64.228
52.826
24.123
23.132
192.162
95.45400000000001
14.141
46.142
29.106
43.5
24.627
14.629
12.465
323.017
31.477
499.999
25.753
16.580000000000002
15.25
43.579
103.828
151.686
8.58
31.398
49.477000000000004
153.886
314.618
30.877
17.015
24.438
28.266000000000002
465.689
155.872
197.82500000000002
13.875
10.088000000000001
8.842
384.591
72.29
55.779
93.518
25.509
25.726
151.849
51.913000000000004
40.11
116.518
242.08100000000002
25.481
48.573
17.361
32.737
37.439
14.505
45.491
17.689
344.323
22.132
16.583000000000002
50.257
42.394
117.849
24.064
51.998
136.099
118.327
48.907000000000004
45.236000000000004
59.644
25.577
158.48
24.04
23.326
19.735
121.245
18.705000000000002
175.286
34.222
18.435
28.954
59.779
22.12
31.075
31.147000000000002
19.197
18.913
499.999
79.97500000000001
36.312
131.19400000000002
28.095
31.477
13.799
84.133
90.078
15.416
499.999
52.562
306.359
35.433
38.422000000000004
499.999
18.479
41.550000000000004
131.598
39.473
50.865
13.123000000000001
21.763
12.932
31.167
225.042
13.789
98.17
11.126
67.565
166.988
163.84
15.934000000000001
12.94
14.561
50.707
47.734
24.855
24.987000000000002
14.296000000000001
39.929
36.484
18.135
45.445
15.542
28.982
36.75
55.748000000000005
61.649
31.328
30.076
14.464
14.24
16.767
68.534
10.967
28.503
10.588000000000001
499.999
10.235
165.357
30.463
90.599
132.885
105.23100000000001
15.91
31.035
35.730000000000004
16.667
20.064
75.688
18.489
15.171000000000001
73.615
128.011
15.051
11.9
67.92
33.957
39.674
24.322
220.88400000000001
25.608
31.241
31.919
17.164
350.88800000000003
40.52
13.312000000000001
96.982
12.594
403.93600000000004
23.663
51.185
51.44
34.931
10.395
106.96900000000001
90.559
216.776
50.819
12.115
22.406
20.304000000000002
63.518
38.401
46.322
64.393
25.082
148.931
31.34
27.965
17.685
28.48
22.301000000000002
23.598
24.584
18.915
40.823
22.371000000000002
48.335
63.903
37.453
136.03900000000002
84.718
32.113
35.373
16.321
26.799
91.889
20.628
499.999
107.34400000000001
13.939
33.725
58.079
482.021
29.952
12.461
33.814
130.399
49.483000000000004
71.514
13.120000000000001
24.701
24.502
173.139
83.257
20.227
39.783
57.814
58.555
8.959
35.196
196.381
27.406
20.76
108.405
121.732
29.207
30.28
106.107
18.063
69.513
113.327
84.428
62.604
21.294
60.593
21.362000000000002
14.154
53.631
33.127
54.576
10.241
192.054
13.333
50.652
182.219
30.049
499.999
69.824
54.489000000000004
72.629
53.799
37.269
25.34
45.796
66.359
43.872
33.196
17.802
23.556
101.922
17.517
60.107
20.195
70.455
46.907000000000004
24.650000000000002
85.681
37.768
19.518
40.161
67.658
43.829
86.61
22.816
16.445
23.161
48.707
29.833000000000002
19.524
26.633
221.542
116.33500000000001
89.423
61.661
52.648
94.013
40.09
28.238
32.06
499.999
117.139
19.94
127.102
135.534
20.916
14.812000000000001
35.719
499.999
34.716
30.707
45.189
40.801
38.824
16.389
29.179000000000002
30.14
15.538
20.489
308.0
21.535
161.88
27.583000000000002
32.722
421.622
49.133
16.072
32.096000000000004
241.312
499.999
159.399
13.833
49.741
499.999
8.741
42.104
92.126
18.029
40.303000000000004
10.76
30.221
18.956
41.858000000000004
72.187
32.013
28.061
55.492000000000004
389.44100000000003
35.108000000000004
59.749
19.166
9.661
125.799
28.568
42.887
334.97
23.92
24.471
42.265
10.674
40.480000000000004
26.62
16.111
15.381
284.71
97.157
28.681
44.605000000000004
469.991
20.659
135.945
33.054
40.093
47.25
59.842
53.701
57.655
12.525
49.787
43.241
13.997
31.421
499.999
55.096000000000004
192.436
22.426000000000002
15.047
15.734
43.75
113.11800000000001
34.812
39.757
260.585
102.315
420.32800000000003
238.856
117.933
131.431
12.412
16.477
21.666
18.319
40.566
31.993000000000002
499.999
101.821
18.607
68.57900000000001
84.57300000000001
20.872
16.053
29.349
89.009
79.748
23.907
47.13
29.75
23.585
40.821
499.999
143.244
26.654
245.776
46.494
274.534
40.1
197.65200000000002
40.915
13.975
19.513
72.776
10.558
204.73000000000002
11.347
20.175
24.436
156.28
12.48
198.012
97.578
18.861
18.184
89.825
24.536
10.370000000000001
39.769
17.389
15.428
40.872
224.984
225.391
27.616
45.167
30.421
31.64
11.902000000000001
21.284
20.559
20.089000000000002
499.999
143.011
18.622
16.554000000000002
32.869
103.47800000000001
16.298000000000002
13.251
53.159
57.635
26.619
62.011
45.87
34.888
21.015
85.48400000000001
58.822
33.589
40.275
58.907000000000004
88.999
42.315
105.342
32.218
499.999
72.351
19.581
24.321
36.838
39.695
178.073
96.56
389.914
20.805
367.235
17.732
37.117
51.533
13.301
70.09700000000001
24.176000000000002
49.883
30.024
171.28
22.798000000000002
499.999
23.839000000000002
135.612
387.574
13.174
65.741
24.915
15.066
27.172
83.97200000000001
25.241
18.908
43.414
12.805
341.218
125.759
11.493
32.807
499.999
30.427
10.848
34.838
26.801000000000002
20.841
450.16
22.029
10.324
26.443
76.752
64.09700000000001
54.904
73.258
20.438
25.793
29.523
36.305
46.477000000000004
14.584
51.193
186.336
20.84
12.225
50.738
11.039
78.014
499.999
19.707
8.784
20.982
13.44
14.266
21.569
13.663
24.603
73.455
173.729
41.766
53.251
31.382
14.91
17.237000000000002
98.312
50.637
499.999
499.999
182.32500000000002
36.544000000000004
23.018
211.35
15.195
39.864000000000004
29.16
377.322
17.365000000000002
17.309
35.345
29.782
20.482
25.931
73.482
16.342
47.366
22.512
11.986
80.33
41.103
131.091
19.595
187.935
25.634
61.903
94.977
21.641000000000002
17.918
25.065
423.084
19.465
39.04
499.999
32.529
38.153
26.268
87.553
27.055
104.28
17.888
48.187
106.802
286.98
23.708000000000002
120.70100000000001
28.232
18.465
92.33800000000001
88.84700000000001
48.661
41.943
73.376
499.999
25.82
208.227
57.914
16.446
80.754
143.268
8.931000000000001
42.497
66.319
238.887
21.429000000000002
107.056
9.71
211.662
92.48
20.29
20.592
259.172
42.468
33.596000000000004
22.699
80.24
18.967
76.319
27.846
39.195
14.914
28.211000000000002
17.958000000000002
24.307000000000002
17.471
76.717
36.947
15.356
10.685
78.606
46.347
118.134
31.628
18.325
50.396
25.238
53.821
21.976
63.392
49.846000000000004
88.33
29.289
308.73
54.932
53.335
21.317
32.515
49.275
25.01
118.464
103.761
117.22
46.325
20.232
52.562
42.565
59.275
93.212
27.008
42.957
10.688
14.202
32.241
14.483
39.57
89.47500000000001
49.688
53.068
499.999
21.016000000000002
31.312
204.82500000000002
240.596
56.457
42.823
103.789
9.21
33.256
70.885
21.014
499.999
39.162
223.00300000000001
139.115
29.385
7.855
84.422
34.728
17.387
12.055
63.857
26.421
351.746
51.631
32.371
39.631
90.595
499.999
17.888
45.904
29.614
72.539
66.81700000000001
42.705
42.102000000000004
13.387
17.898
55.357
29.836000000000002
14.444
41.748
48.589
42.197
21.558
18.501
52.11
18.979
30.259
59.129
16.46
269.431
14.987
56.277
27.824
43.349000000000004
69.978
51.254
30.703
499.999
23.557000000000002
48.148
111.909
33.215
41.453
73.164
47.917
32.372
43.247
96.528
158.927
438.48400000000004
40.168
23.54
146.655
59.815
15.147
24.781
70.252
44.635
31.604
17.445
100.016
17.473
261.148
178.124
38.846000000000004
499.999
31.206
26.262
11.174
66.363
22.645
24.533
24.46
46.267
89.387
152.633
147.689
304.398
73.742
125.135
21.797
40.036
172.132
99.017
15.947000000000001
60.752
34.297000000000004
16.447
24.638
53.89
20.773
188.077
12.766
240.768
45.687
15.355
65.726
30.974
33.075
35.947
141.5
9.677
54.352000000000004
23.229
27.507
29.642
37.169000000000004
94.837
24.099
27.852
20.147000000000002
277.342
499.999
26.058
62.388
18.953
163.625
9.971
70.70100000000001
499.999
179.423
18.388
47.855000000000004
35.972
21.830000000000002
62.921
27.939
205.735
55.74
60.853
31.903000000000002
25.909
45.359
322.233
32.451
176.385
14.242
16.857
22.756
499.999
85.13
30.352
27.318
23.835
17.566
19.264
57.45
175.723
68.542
23.797
27.138
15.576
22.314
31.073
68.964
15.493
23.885
13.251
15.255
19.146
78.714
44.174
158.683
80.949
9.305
26.808
69.24
70.159
43.647
32.128
43.43
13.109
279.357
18.854
58.959
22.580000000000002
28.423000000000002
27.392
28.199
157.238
41.601
50.884
24.488
295.76
35.398
52.342
31.310000000000002
27.3
232.281
330.27
142.735
306.341
99.351
28.178
25.128
35.107
112.58500000000001
36.829
61.281
66.674
12.523
140.247
47.564
60.462
19.07
499.999
30.458000000000002
17.897000000000002
61.063
17.318
60.911
58.566
63.535000000000004
15.393
18.811
61.239000000000004
52.214
16.979
25.231
80.516
466.42
18.618000000000002
73.491
50.555
167.52100000000002
104.828
80.959
30.623
17.791
41.898
15.239
67.693
16.444
28.038
12.372
499.999
79.281
23.261
16.385
25.014
15.8
499.999
84.285
177.293
42.524
11.52
9.893
19.64
59.986000000000004
10.915000000000001
147.516
17.052
22.187
50.64
76.004
20.875
22.259
21.866
290.835
61.939
10.264
39.81
47.547000000000004
53.446
31.657
92.583
11.593
34.273
91.558
148.205
47.037
27.454
20.006
193.863
195.495
20.726
259.045
93.075
16.330000000000002
54.875
271.446
171.249
15.379
144.65
20.386
499.999
32.296
48.937
30.789
35.195
12.47
13.292
223.84
44.49
243.755
36.341
59.97
245.654
12.484
18.243000000000002
54.698
25.701
14.513
29.093
31.098
14.918000000000001
15.279
30.26
96.681
18.09
80.176
12.871
31.154
145.207
61.556000000000004
23.5
499.999
197.208
144.447
34.823
155.147
499.999
36.89
25.427
44.328
24.586000000000002
90.908
311.874
58.859
12.928
48.896
44.275
44.377
94.053
56.805
311.21500000000003
22.905
18.383
57.419000000000004
26.476
151.109
29.832
13.573
84.82300000000001
147.088
33.515
24.146
162.796
79.921
23.775000000000002
103.831
37.494
158.898
85.48
19.096
74.569
43.977000000000004
68.235
45.354
499.999
21.782
19.638
419.373
25.554000000000002
13.097
160.179
28.649
27.827
17.148
26.524
499.999
17.891000000000002
11.218
16.046
12.049
153.925
16.771
8.206
58.786
21.759
61.618
39.718
13.188
16.272000000000002
155.838
28.114
13.98
14.123000000000001
172.53900000000002
384.769
43.358000000000004
13.156
8.98
35.642
21.877
116.306
205.435
16.103
34.187
176.799
21.97
68.382
25.406
18.923000000000002
216.793
27.558
42.702
499.999
74.385
416.629
19.587
17.912
94.299
24.314
36.702
19.71
82.949
39.842
22.847
191.306
77.937
36.956
32.739
20.639
45.883
363.553
24.336000000000002
49.489000000000004
499.999
432.271
23.186
23.29
55.754
499.999
201.947
53.861000000000004
49.101
24.446
60.877
40.551
37.391
52.677
5.598
8.707
20.772000000000002
48.712
94.96900000000001
23.993000000000002
27.848
66.131
18.852
28.729
44.743
14.457
26.429000000000002
35.252
18.603
43.978
21.635
410.208
44.248
13.797
23.318
29.549
82.279
41.6
32.29
11.665000000000001
46.835
151.741
33.672000000000004
48.471000000000004
499.999
20.665
345.521
10.542
47.252
311.139
14.472
15.777000000000001
38.508
38.821
23.502
59.545
129.968
37.375
25.628
48.398
59.289
14.565
9.137
33.738
19.188
20.867
17.363
15.169
37.428
27.198
73.089
89.641
29.049
23.035
198.832
42.937
31.031000000000002
28.947
12.514000000000001
180.601
20.817
499.999
110.983
32.792
499.999
30.772000000000002
23.787
36.803
16.69
24.005
18.783
184.59300000000002
499.999
17.863
44.103
50.395
21.794
31.282
204.568
71.825
9.621
45.216
211.61
499.999
18.003
499.999
27.579
33.422000000000004
15.067
34.644
44.324
17.937
47.503
12.08
99.772
57.092
86.852
44.725
17.309
73.365
474.765
54.159
69.708
94.175
10.46
300.285
18.345
54.465
45.13
34.334
35.727000000000004
32.19
112.793
11.354000000000001
14.870000000000001
19.703
29.652
47.232
19.093
36.476
28.76
12.159
31.677
22.171
12.665000000000001
116.461
22.597
270.216
159.39600000000002
126.393
50.966
20.257
213.195
128.706
84.4
20.052
57.311
17.486
19.216
108.777
25.662
345.39300000000003
499.999
499.999
18.1
61.25
10.318
151.014
176.839
10.796
20.836000000000002
24.263
37.772
19.362000000000002
27.697
13.742
42.06
39.135
181.37800000000001
8.572000000000001
20.361
38.214
32.966
11.308
60.284
87.193
19.387
280.603
30.436
30.098
85.419
17.063
499.999
18.14
157.549
25.648
239.345
499.999
118.843
51.043
23.77
26.723
20.163
18.903
11.443
20.988
60.541000000000004
102.997
15.245000000000001
16.295
19.446
15.952
24.185000000000002
18.324
224.96800000000002
108.99000000000001
329.868
244.558
24.944
215.954
23.627
23.335
17.969
75.559
16.4
26.795
49.531
181.94
21.490000000000002
10.551
26.214000000000002
26.071
17.511
9.828
140.849
499.999
187.079
37.289
18.171
137.162
50.244
22.188
40.294000000000004
47.823
19.417
11.273
248.597
144.424
499.999
24.11
51.698
14.661
75.934
20.868000000000002
24.876
17.277
23.547
25.648
58.737
20.108
22.562
19.633
18.823
53.625
278.523
37.664
14.269
14.39
11.131
17.116
170.452
43.651
21.6
23.669
484.45300000000003
16.088
32.646
21.53
102.12
18.394000000000002
21.591
499.999
34.499
42.741
15.535
413.77500000000003
75.364
21.159
499.999
12.512
223.68
17.842
499.999
273.839
56.649
14.591000000000001
115.91
23.835
21.476
89.737
31.728
344.92400000000004
438.195
11.388
45.495
135.899
68.69500000000001
304.78000000000003
34.822
437.562
31.384
18.644000000000002
86.665
75.22200000000001
37.482
22.773
40.383
90.787
399.486
18.923000000000002
11.166
30.427
23.279
25.310000000000002
62.452
22.295
172.989
21.394000000000002
39.069
104.923
35.776
26.665
311.983
499.999
157.326
25.917
215.448
20.097
28.150000000000002
60.568
38.975
25.695
30.315
38.222
466.784
22.0
10.386000000000001
63.489000000000004
24.507
47.479
103.306
93.141
48.318
308.909
22.448
267.0
22.223
18.246
30.545
261.504
69.629
29.947
87.77
87.891
31.266000000000002
17.381
41.324
18.481
42.963
44.521
24.798000000000002
107.937
13.039
46.068
28.219
20.008
51.432
20.01
35.759
21.188
46.039
29.427
48.841
328.15500000000003
156.92000000000002
91.175
32.363
16.269000000000002
30.579
195.656
20.032
499.999
56.231
37.271
64.887
229.356
22.105
10.665000000000001
230.879
21.828
199.338
72.333
11.071
10.601
82.279
91.51
279.237
26.422
27.882
18.038
89.66
49.5
39.418
31.381
44.436
65.331
19.719
30.973
23.239
88.266
29.66
40.394
29.818
16.136
21.458000000000002
16.149
24.88
208.85
28.21
17.545
63.217
47.89
247.55
32.052
98.212
63.649
18.5
339.258
22.859
21.863
23.413
13.137
43.56
34.423
41.02
36.868
96.57000000000001
499.999
89.738
44.401
499.999
139.91400000000002
499.999
46.013
120.438
29.731
13.426
377.702
23.147000000000002
36.707
12.063
30.483
34.628
25.84
499.999
18.256
41.74
10.307
21.158
25.274
125.517
18.951
499.999
37.587
32.723
283.47
199.092
35.608000000000004
29.37
383.144
81.643
151.962
52.57
106.44500000000001
17.586000000000002
37.414
19.707
30.062
14.707
309.197
18.747
53.342
9.166
60.266
11.536
22.197
23.492
29.538
35.615
257.315
88.23
15.921000000000001
14.997
85.435
15.164
44.467
43.462
223.333
20.897000000000002
13.280000000000001
40.837
38.408
28.305
132.92600000000002
9.513
106.988
43.314
17.705000000000002
346.971
38.09
23.948
22.707
298.243
78.218
36.462
27.676000000000002
17.215
96.118
18.627
119.533
140.345
19.185
98.104
72.278
60.519
15.31
25.025000000000002
21.877
12.542
20.79
269.056
12.695
141.28300000000002
451.50100000000003
27.973
20.011
18.183
185.215
12.567
60.925000000000004
79.70400000000001
168.928
65.234
19.163
60.53
138.082
27.473
45.554
13.996
60.837
19.434
39.323
33.027
18.437
44.874
28.822
10.709
12.911
31.935000000000002
19.842
14.925
45.926
167.306
67.687
11.645
44.224000000000004
16.948
11.068
37.598
9.494
57.871
45.946
51.065
53.504
37.251
28.779
22.141000000000002
70.406
37.947
35.556
13.961
23.652
22.029
186.08700000000002
20.222
22.698
35.273
247.758
11.327
21.830000000000002
18.8
47.353
217.33
66.495
25.457
20.971
102.748
17.07
65.899
170.564
205.095
11.870000000000001
36.336
15.18
36.646
24.002
51.024
53.342
16.439
119.176
21.006
48.714
26.72
28.984
69.56700000000001
101.789
81.69200000000001
75.34400000000001
56.759
18.988
89.46600000000001
35.813
135.292
21.645
19.626
22.951
46.009
28.555
27.571
153.223
118.045
245.821
13.023
174.856
107.072
12.733
19.89
288.011
74.374
21.768
281.99
49.673
58.054
107.435
243.851
499.999
131.276
129.363
27.894000000000002
33.302
148.498
39.85
15.481
37.025
10.323
22.848
12.517
19.432000000000002
24.894000000000002
20.343
45.475
45.313
196.854
25.471
11.627
43.441
99.917
61.649
69.924
20.786
68.968
77.13
32.275
499.999
55.216
17.748
16.696
392.067
15.478
20.465
55.548
33.55
11.128
263.173
15.694
165.883
62.585
20.531
499.999
9.594
25.345
98.749
255.538
68.667
350.48900000000003
43.803000000000004
23.485
167.209
245.619
16.877
62.938
16.514
19.3
41.074
33.857
15.728
27.254
30.188000000000002
80.614
13.525
26.921
242.21200000000002
499.999
78.581
117.342
13.421000000000001
21.375
163.032
17.709
21.119
167.38400000000001
56.896
173.919
73.31
18.133
135.097
24.603
44.778
18.355
136.721
26.609
71.331
25.357
499.999
38.118
24.163
73.386
499.999
21.517
58.734
59.963
10.499
7.68
48.755
52.738
59.578
38.068
21.444
20.934
11.73
21.240000000000002
127.98
73.124
55.878
30.124000000000002
28.52
15.129
108.196
13.555
38.464
33.035000000000004
119.36
28.243000000000002
25.752
52.899
21.352
32.877
11.855
59.954
180.737
52.79
16.195
77.912
16.911
25.537
150.696
499.999
12.351
499.999
499.999
127.541
377.774
155.605
31.774
21.189
91.687
35.6
20.41
499.999
242.159
17.735
32.034
92.878
27.765
198.949
447.621
76.952
101.671
29.276
10.812
190.937
18.764
16.613
42.777
32.387
11.661
33.332
35.528
499.999
71.45400000000001
42.671
20.031
89.09
41.488
16.561
24.739
41.519
18.452
31.16
28.97
19.616
45.142
18.678
26.18
18.436
59.569
10.171
28.38
202.292
14.47
53.58
19.757
12.286
50.34
14.254
499.999
18.076
182.51
42.481
9.051
110.94500000000001
26.753
22.076
139.166
499.999
17.162
32.863
40.468
125.70700000000001
34.955
226.40200000000002
13.449
33.981
117.759
18.452
8.724
23.418
40.085
100.703
19.013
24.937
65.294
76.533
30.357
225.08700000000002
175.804
45.14
23.828
198.256
18.505
34.051
11.21
18.136
26.854
25.066
38.866
55.236000000000004
171.043
16.608
499.999
499.999
114.06400000000001
20.311
18.112000000000002
8.947000000000001
72.117
147.916
289.069
13.962
158.957
11.458
49.844
28.495
132.594
66.741
48.224000000000004
27.707
41.514
27.46
52.866
8.465
12.481
32.366
28.033
206.482
11.201
10.964
35.09
34.24
41.093
57.464
11.932
377.599
160.088
99.176
29.830000000000002
179.928
48.598
23.193
19.246
88.892
24.597
25.696
40.512
71.39
90.485
23.546
15.564
394.07300000000004
39.176
21.438
30.017
499.999
63.186
499.999
69.264
370.555
22.851
15.227
157.109
12.889000000000001
118.815
69.774
364.632
17.539
15.925
499.999
104.065
15.57
37.875
54.567
74.533
54.638
90.498
25.975
17.667
77.538
20.741
25.087
52.591
19.796
104.07300000000001
43.529
12.314
338.314
23.004
250.565
158.344
49.681000000000004
16.766000000000002
22.837
92.107
28.324
70.92
499.999
269.981
107.101
499.999
22.987000000000002
21.389
17.376
38.478
12.138
54.268
23.671
24.655
16.682
54.834
36.893
48.59
382.67900000000003
47.486000000000004
25.769000000000002
20.875
19.092
15.411
385.862
39.714
215.417
60.672000000000004
20.616
40.151
43.88
24.385
32.151
8.249
35.864
28.7
13.443
57.759
97.26
133.948
23.43
11.093
499.999
61.781
25.216
22.231
40.368
82.93
20.48
54.936
77.685
114.828
274.14300000000003
43.081
17.394000000000002
50.969
200.516
20.091
28.896
44.158
56.176
42.531
30.44
68.917
154.94400000000002
18.488
80.834
55.865
28.049
77.07600000000001
14.708
33.01
86.626
18.762
331.416
66.481
28.96
342.75600000000003
19.129
28.189
21.052
27.687
36.745
38.975
23.131
156.924
63.719
35.67
27.748
45.489000000000004
19.249
13.242
50.103
23.375
499.999
23.452
128.091
66.218
16.687
17.024
40.675000000000004
12.068
344.586
15.468
37.133
36.481
33.068
41.505
89.21600000000001
11.76
187.303
43.063
7.4190000000000005
499.999
39.674
402.883
99.687
35.103
55.881
15.718
31.833000000000002
51.904
108.122
15.652000000000001
499.999
22.318
18.031
108.572
9.156
66.428
25.156
16.191
44.745
210.41
46.255
11.334
145.249
219.517
70.614
17.623
39.535000000000004
30.258
122.995
72.852
9.502
404.635
499.999
57.374
174.862
98.299
83.777
20.502
29.178
30.443
14.844000000000001
82.04
25.799
18.949
21.097
499.999
108.339
169.078
118.739
83.984
32.749
77.878
24.005
13.689
126.239
94.18900000000001
56.446
29.056
13.069
39.484
42.606
10.732000000000001
50.677
46.078
23.636
14.396
17.141000000000002
187.553
23.619
499.999
31.281000000000002
120.94
161.776
12.664
20.589000000000002
11.574
39.546
15.445
72.993
211.137
55.588
44.739000000000004
46.486000000000004
19.289
38.387
17.466
163.681
85.477
19.386
48.015
28.047
17.324
33.910000000000004
17.125
59.153
28.293
106.761
499.999
13.105
16.061
263.057
90.165
75.087
24.769000000000002
499.999
62.006
28.018
19.105
14.048
38.214
25.414
50.57
34.574
29.6
14.901
15.965
44.943
42.75
29.349
89.016
27.317
17.159
14.553
47.061
241.043
14.52
49.328
32.751
34.504
193.883
18.974
14.843
19.538
39.774
28.947
20.322
43.647
45.311
13.718
167.59
28.934
93.5
20.476
57.804
38.818
64.54
18.639
54.517
29.953
72.651
276.385
29.347
53.473
22.203
244.78
10.247
65.996
170.35
39.962
46.922000000000004
247.653
16.847
71.583
100.57000000000001
73.635
61.409
351.645
63.124
54.758
89.29
55.087
22.14
32.252
44.738
21.253
29.1
25.785
16.345
81.921
106.322
37.961
10.793000000000001
57.691
104.163
20.403
27.099
33.107
60.947
95.53
31.992
20.041
203.622
22.393
298.925
12.795
31.155
12.215
24.805
35.614
85.819
253.02
13.862
19.974
44.331
82.958
499.999
41.237
499.999
27.842000000000002
25.319
53.553000000000004
30.182000000000002
18.161
33.911
46.291000000000004
148.999
42.624
246.284
45.409
18.993000000000002
43.910000000000004
12.993
360.185
27.009
30.695
13.415000000000001
188.362
258.041
42.331
18.097
160.638
20.223
499.999
69.093
26.367
53.354
16.528
33.843
104.22200000000001
16.839
34.405
335.753
14.085
48.764
173.113
9.247
16.77
14.703000000000001
78.754
48.387
259.713
45.76
22.305
183.517
22.740000000000002
10.682
174.799
17.826
16.791
58.136
94.122
31.229
499.999
48.237
136.456
56.711
17.829
33.802
60.344
18.486
33.917
28.821
39.053
94.059
117.804
41.981
25.078
31.944
112.43900000000001
30.302
75.411
11.463000000000001
17.748
115.435
15.598
27.729
122.68900000000001
24.294
37.875
499.999
30.509
18.807000000000002
40.054
41.163000000000004
267.016
25.576
41.466
228.776
15.55
15.087
8.744
391.875
11.466000000000001
348.165
30.826
26.821
62.201
9.387
29.915
15.973
23.634
55.571
13.383000000000001
170.05
341.719
23.835
28.591
37.116
30.956
94.19200000000001
16.418
14.09
22.084
28.104
50.292
17.313
43.968
56.805
44.78
63.692
32.248
14.46
480.296
19.462
100.318
42.521
70.056
73.763
13.38
21.987000000000002
41.115
61.532000000000004
19.0
271.567
37.281
74.906
22.852
30.09
39.812
35.746
17.387
28.685000000000002
75.62
26.481
9.158
57.775
28.097
60.13
14.171000000000001
10.171
50.387
74.176
73.617
20.085
84.871
50.178000000000004
21.005
17.653
17.185
25.722
27.158
66.273
17.682
191.975
16.139
149.304
25.63
47.173
25.362000000000002
70.168
40.079
21.288
21.624
16.353
91.801
360.04200000000003
284.57800000000003
121.813
17.092
29.757
195.498
27.314
102.041
15.353
48.381
28.532
41.467
71.285
51.474000000000004
26.747
74.01
65.57000000000001
227.092
9.231
34.76
492.391
62.335
14.18
179.239
92.93900000000001
42.172000000000004
17.489
51.899
20.102
44.977000000000004
17.198
44.666000000000004
101.513
8.372
132.208
18.764
67.007
40.725
39.87
35.891
19.624
10.847
16.627
30.459
499.999
9.828
264.529
22.405
112.14
16.287
29.027
43.595
499.999
17.065
40.775
21.943
17.27
153.20600000000002
18.124
23.113
45.581
22.86
137.29500000000002
11.965
17.892
96.86
45.58
23.688
33.671
22.539
149.984
40.676
18.806
25.080000000000002
32.952
35.612
499.999
26.858
19.841
41.519
119.784
25.519000000000002
24.588
120.468
40.744
24.952
94.068
163.034
14.813
55.160000000000004
124.055
50.631
10.965
45.911
223.991
16.888
499.999
128.14600000000002
30.753
56.097
21.855
31.449
164.647
19.339
12.588000000000001
91.917
47.53
14.115
43.61
32.753
39.166000000000004
79.819
41.968
300.646
22.742
72.014
109.86500000000001
87.764
15.094000000000001
54.943
54.53
99.529
39.177
10.911
21.629
186.525
26.742
26.454
14.455
87.94200000000001
23.625
79.09100000000001
23.039
83.058
24.481
18.532
182.748
59.189
118.035
200.471
25.796
304.172
278.472
25.369
35.443
108.792
454.676
26.034
27.2
109.61800000000001
30.659
16.508
82.043
206.894
26.689
53.732
9.838000000000001
218.24200000000002
15.508000000000001
58.717
12.179
18.471
12.215
415.428
31.220000000000002
28.978
24.152
33.305
193.52100000000002
28.691
30.851
18.371
30.285
302.082
114.831
7.7170000000000005
31.116
15.792
56.105000000000004
52.113
118.82300000000001
13.322000000000001
17.025
131.831
19.304000000000002
84.834
133.994
20.292
19.615000000000002
145.312
26.048000000000002
23.081
34.863
50.663000000000004
9.659
20.307000000000002
499.999
17.918
22.830000000000002
16.596
20.125
48.835
147.77700000000002
20.617
20.106
18.531
209.541
25.908
90.73700000000001
34.751
51.837
19.576
18.264
13.142
180.58700000000002
28.485
24.168
83.959
111.649
72.318
46.465
34.953
284.271
68.43
11.131
139.19400000000002
16.786
48.523
499.999
19.414
20.066
72.458
14.098
239.84900000000002
7.928
9.995000000000001
28.671
16.47
31.808
27.203
8.983
29.560000000000002
17.554000000000002
73.896
61.409
18.789
27.062
27.062
226.52
37.87
49.133
19.377
19.149
13.257
41.689
14.023
297.86400000000003
41.567
21.478
111.508
202.69
81.388
14.454
32.366
69.70100000000001
46.392
104.47500000000001
497.221
20.426000000000002
214.838
29.483
19.368000000000002
16.975
19.522000000000002
18.451
286.07800000000003
76.421
63.272
40.298
75.83800000000001
27.788
46.050000000000004
23.055
499.999
95.289
115.675
42.152
22.917
27.698
12.977
24.981
41.27
19.609
56.761
228.059
41.211
50.057
37.482
44.5
121.236
29.823
97.089
314.978
60.178000000000004
11.25
10.271
110.82600000000001
20.686
499.999
145.281
10.522
17.352
62.061
45.091
107.18
55.735
25.199
15.716000000000001
35.393
23.744
18.947
17.528
20.165
136.04500000000002
23.79
35.048
13.257
16.285
13.553
499.999
15.25
25.146
202.22
156.974
499.999
88.184
24.491
97.635
51.072
73.574
267.957
246.565
19.031
18.8
20.051000000000002
360.765
25.176000000000002
34.376
17.941
26.328
379.423
31.839000000000002
103.184
23.496000000000002
7.4830000000000005
19.614
458.368
192.808
18.128
24.127
40.036
31.795
16.07
19.993000000000002
22.240000000000002
29.916
24.041
15.093
17.136
18.906
294.499
32.082
35.792
14.555
37.955
22.93
14.040000000000001
10.538
499.999
24.817
48.685
379.04200000000003
26.810000000000002
18.433
269.582
33.606
15.221
9.719
99.265
499.999
67.978
28.636
32.851
20.835
45.482
45.257
27.465
73.037
59.160000000000004
40.36
18.562
102.808
128.552
14.435
63.808
182.77700000000002
48.882
56.035000000000004
127.21600000000001
43.47
43.133
448.377
136.866
142.184
85.151
14.659
312.733
12.358
38.801
12.518
409.914
84.96000000000001
24.029
13.932
19.875
57.663000000000004
46.864000000000004
228.023
21.057000000000002
54.358000000000004
21.237000000000002
17.596
87.168
45.038000000000004
25.615000000000002
27.139
38.296
142.19400000000002
20.994
22.642
88.101
23.899
106.331
22.458000000000002
144.614
20.308
62.957
18.879
22.264
77.21600000000001
114.434
23.565
42.074
32.944
23.011
102.83
21.722
11.83
39.092
61.112
21.367
73.526
380.915
48.096000000000004
499.999
52.285000000000004
40.21
43.812
21.208000000000002
22.385
106.294
25.495
58.787
42.974000000000004
17.97
31.731
41.357
60.635
28.094
202.005
11.403
107.168
20.085
15.869
26.072
27.616
78.944
71.485
51.432
22.408
35.957
24.677
52.121
22.0
41.594
141.562
33.268
16.738
24.227
21.975
18.083000000000002
26.562
28.948
21.213
189.48
148.998
58.621
16.01
26.105
29.416
493.954
9.918000000000001
21.213
18.354
158.799
18.614
48.799
58.124
19.57
20.626
32.533
31.469
13.014000000000001
18.248
46.199
18.839
113.148
150.244
31.743000000000002
67.638
29.656000000000002
46.678000000000004
301.687
149.03900000000002
76.739
22.842
151.312
9.205
30.637
22.535
35.116
188.75900000000001
22.191
27.73
51.064
46.915
16.885
38.924
28.105
499.999
281.399
15.521
28.033
30.241
55.517
499.999
13.551
159.629
36.548
221.745
42.215
29.69
51.654
63.371
10.575000000000001
12.727
29.115000000000002
76.464
32.278
10.597
16.675
73.081
43.347
62.805
17.443
39.393
21.017
18.404
52.589
35.738
96.98700000000001
21.814
56.891
39.436
85.002
136.631
105.327
19.637
53.794000000000004
16.221
499.999
78.89
74.005
57.391
43.149
12.82
305.839
7.823
8.022
257.821
19.581
36.807
22.883
148.439
40.895
68.892
46.06
27.085
49.508
41.539
157.769
289.897
82.303
27.86
51.734
77.812
61.931000000000004
15.233
56.822
16.047
499.999
149.751
167.605
32.958
13.032
81.307
51.801
64.215
16.586000000000002
75.959
499.999
45.295
13.468
17.688
83.003
101.205
286.884
135.94400000000002
33.042
34.186
16.509
42.287
499.999
138.93
68.447
12.736
11.248000000000001
23.918
80.194
278.725
33.115
31.039
41.763
499.999
21.855
32.032000000000004
22.683
17.185
99.389
38.178
305.84000000000003
52.648
499.999
71.628
20.355
11.685
9.235
106.652
18.631
17.489
28.118000000000002
17.405
499.999
499.999
133.269
13.035
42.448
16.457
148.315
20.187
19.489
18.699
160.22
31.03
79.318
30.16
21.755
24.5
28.638
14.539
19.375
13.345
59.209
36.293
301.276
50.011
328.379
33.429
12.144
30.107
36.417
136.603
18.851
19.25
103.355
34.993
27.425
9.466000000000001
121.206
18.287
240.39600000000002
13.163
17.313
18.704
29.894000000000002
38.263
59.815
44.305
21.434
307.91
23.206
25.461000000000002
16.98
14.331
42.805
46.988
22.330000000000002
44.462
24.368000000000002
19.801000000000002
28.32
29.132
57.332
81.81400000000001
34.067
18.17
50.226
290.197
14.125
18.826
86.241
11.531
61.815000000000005
110.33
27.686
266.024
27.214000000000002
13.925
211.45600000000002
15.488
30.772000000000002
20.101
12.379
17.474
52.611000000000004
17.272000000000002
15.135
141.894
327.645
42.909
17.13
84.628
23.082
18.951
29.565
13.120000000000001
130.556
41.275
38.946
127.919
52.32
65.426
41.228
26.988
17.326
106.299
33.963
46.908
24.458000000000002
26.686
119.324
60.503
19.586000000000002
245.667
22.003
67.864
17.125
15.953000000000001
171.86
34.259
20.086000000000002
23.215
415.596
81.509
235.04500000000002
19.81
27.898
13.667
29.330000000000002
184.901
17.092
21.871000000000002
240.845
70.554
417.423
435.28700000000003
157.45600000000002
12.305
47.209
26.7
41.525
39.08
20.67
17.901
17.012
310.169
136.633
8.555
16.686
17.507
126.318
17.026
16.633
53.827
325.66700000000003
40.833
9.589
22.476
50.259
201.476
114.595
407.296
17.597
93.32600000000001
8.934000000000001
172.298
38.489000000000004
10.531
209.374
81.822
21.32
58.828
301.599
11.374
136.80700000000002
12.704
32.637
15.382
27.041
203.56300000000002
17.202
26.647000000000002
15.781
30.705000000000002
8.532
13.253
190.008
57.421
336.867
10.054
499.999
45.172000000000004
50.979
8.499
33.186
8.75
150.024
31.983
24.152
130.89600000000002
42.185
17.311
20.184
47.086
125.497
31.947
60.82
36.284
122.245
48.392
13.81
40.26
73.424
73.805
23.342
29.815
62.178000000000004
23.618000000000002
34.296
499.999
108.434
264.452
10.14
217.465
64.627
499.999
22.333000000000002
25.805
226.21200000000002
22.529
24.578
29.333000000000002
22.187
31.688000000000002
26.072
17.259
75.95
10.188
12.767
34.435
72.492
30.672
69.622
24.085
15.917
32.066
139.743
20.819
12.038
95.125
20.63
26.132
38.160000000000004
14.008000000000001
46.968
11.261000000000001
118.651
48.033
75.278
40.112
101.068
82.839
99.56
12.496
153.653
193.20000000000002
76.441
230.155
81.545
64.611
33.25
134.618
118.386
327.955
43.029
15.858
93.074
499.999
137.67600000000002
14.998000000000001
37.471000000000004
263.095
38.008
31.887
33.033
364.326
32.946
212.305
499.999
32.844
150.326
68.249
79.57900000000001
499.999
19.058
10.505
54.254
219.60500000000002
13.944
17.525000000000002
24.330000000000002
12.506
57.7
24.065
74.729
16.034
46.938
47.206
29.861
46.219
244.357
17.616
27.303
53.07
54.576
86.294
28.958000000000002
114.786
18.587
241.09
39.644
19.477
20.595
86.074
25.381
77.909
150.37800000000001
24.740000000000002
74.572
20.332
26.988
21.659
24.821
16.661
26.738
14.76
55.483000000000004
40.874
32.689
18.218
88.541
12.194
30.085
28.624000000000002
40.596000000000004
50.556000000000004
42.888
21.114
499.999
252.323
15.539
15.061
23.452
14.627
93.027
24.416
11.236
53.227000000000004
16.23
13.184000000000001
39.235
15.917
27.761
15.301
11.329
24.599
12.901
44.478
32.866
232.388
17.385
29.429000000000002
20.236
47.585
202.058
334.627
57.794000000000004
66.477
121.35000000000001
37.111000000000004
101.027
33.974000000000004
28.372
25.573
19.793
79.364
100.63
185.757
169.827
40.373
73.493
98.014
12.077
37.132
65.93900000000001
45.455
39.958
25.844
34.417
46.326
499.999
60.957
29.041
71.885
24.606
152.393
226.54500000000002
16.256
50.363
58.03
55.943
403.355
59.346000000000004
40.465
20.196
240.327
34.564
45.177
26.145
26.751
11.111
15.729000000000001
18.318
31.262
164.173
60.511
22.215
46.666000000000004
164.8
499.999
21.645
18.944
58.89
15.065
73.484
19.155
27.072
66.884
28.369
20.499
15.729000000000001
447.95
20.773
49.454
74.047
214.506
54.388
41.255
136.031
20.836000000000002
12.952
35.483000000000004
333.463
31.442
171.285
75.46900000000001
17.579
318.778
24.769000000000002
9.722
103.97800000000001
11.217
499.999
15.582
44.712
209.832
13.517
22.799
34.94
27.155
21.866
18.832
17.886
19.096
43.221000000000004
67.218
30.628
298.061
13.577
78.102
19.088
499.999
35.76
28.615000000000002
55.292
395.967
27.978
171.85
24.556
26.676000000000002
27.233
16.323
15.83
21.714000000000002
21.104
31.207
46.96
50.027
59.404
217.971
33.486000000000004
30.816
82.306
29.424
15.523
17.098
14.219
52.52
9.879
152.82500000000002
31.593
95.828
15.424
19.544
18.05
22.947
19.259
50.243
28.843
15.133000000000001
85.858
17.396
376.636
18.26
36.673
22.805
21.496000000000002
16.677
117.84100000000001
57.14
141.88
16.065
28.875
491.781
40.867
499.999
13.530000000000001
94.554
57.231
30.055
51.108000000000004
46.612
34.483000000000004
324.588
129.711
20.871
182.623
63.443
113.935
52.212
20.038
47.946
23.645
113.15
41.03
41.813
17.22
17.956
10.05
22.871000000000002
38.663000000000004
23.074
95.018
499.999
16.263
21.483
49.452
22.219
61.656
101.075
25.563
85.042
85.804
253.055
499.999
72.784
24.537
23.174
26.36
42.954
221.987
27.281
12.809000000000001
19.616
33.387
18.029
38.398
15.637
23.511
226.506
31.981
27.134
15.227
35.782000000000004
123.331
28.719
12.305
15.503
35.554
41.502
81.274
34.769
175.953
34.996
37.168
12.59
51.131
20.883
13.157
14.757
48.113
26.519000000000002
80.23
53.466
18.835
18.368000000000002
15.887
58.643
96.061
21.240000000000002
82.33800000000001
15.961
32.813
44.722
32.33
45.088
44.269
51.301
23.509
23.331
119.50200000000001
38.263
29.359
66.775
192.171
74.244
203.711
21.412
23.881
66.327
102.146
27.66
19.503
22.21
35.369
21.333000000000002
88.802
8.151
52.874
49.11
136.967
26.462
21.632
29.645
91.37
26.416
20.173000000000002
21.135
321.565
67.081
81.237
30.351
59.831
14.216000000000001
21.785
32.192
247.113
20.021
22.903000000000002
28.654
27.29
136.028
58.732
18.407
36.325
10.815
12.091000000000001
14.106
102.87
152.377
84.88
34.126
54.722
265.814
59.835
165.273
107.377
371.831
66.833
24.462
15.409
59.877
16.682
14.814
30.095
88.846
30.497
15.791
11.317
9.301
31.391000000000002
43.721000000000004
44.384
399.336
21.758
34.424
16.281
25.687
62.735
26.453
16.78
331.036
107.143
38.559
15.003
16.417
20.907
139.065
18.077
33.299
48.248
11.615
30.211000000000002
113.221
499.999
46.576
26.924
110.128
48.075
35.742
499.999
24.8
12.802
11.868
108.312
458.016
24.244
13.579
17.074
290.414
19.951
22.436
499.999
31.739
19.792
34.662
50.377
28.497
22.612000000000002
253.44
12.978
499.999
18.277
22.657
22.616
38.488
37.529
499.999
39.28
73.964
87.703
69.086
31.607
30.676000000000002
24.271
12.217
8.173
72.64
128.433
27.715
194.047
14.977
21.865000000000002
124.025
31.21
156.939
18.144000000000002
18.026
23.192
287.872
26.821
32.787
38.578
253.18200000000002
499.999
192.501
23.148
17.868000000000002
25.398
44.648
23.321
193.77
88.35600000000001
16.203
40.713
23.327
44.21
19.158
12.979000000000001
12.125
66.70100000000001
96.351
395.154
13.388
499.999
19.377
63.184000000000005
36.713
32.265
30.691
274.343
20.838
372.589
18.207
17.55
12.435
38.86
9.024000000000001
30.792
13.363
67.794
33.586
33.912
24.856
45.96
82.702
499.999
51.027
26.054000000000002
31.362000000000002
77.46300000000001
29.764
85.139
21.941
23.341
48.013
13.393
499.999
20.684
36.515
16.89
52.438
44.372
19.567
90.602
20.944
12.537
72.896
106.70700000000001
11.685
13.278
67.965
22.262
140.101
59.76
21.625
81.487
66.96300000000001
12.893
36.853
39.078
14.651
13.316
61.892
32.557
7.558
48.907000000000004
138.55100000000002
21.133
29.532
20.593
19.624
189.55700000000002
49.163000000000004
9.703
14.932
18.708000000000002
44.753
37.192
113.572
14.188
63.435
50.066
28.156000000000002
33.898
14.413
15.418000000000001
83.871
322.408
22.557000000000002
36.483000000000004
25.982
23.524
83.8
72.141
61.472
355.88100000000003
31.979
25.646
38.619
33.025
27.786
53.075
185.43800000000002
64.501
19.962
23.445
14.153
13.136000000000001
162.605
169.111
117.19800000000001
25.306
29.587
49.944
24.232
230.32
16.661
13.575000000000001
42.11
56.597
73.502
56.403
38.777
61.041000000000004
33.185
100.96300000000001
21.490000000000002
11.983
21.826
26.957
28.195
11.278
125.924
24.754
39.444
24.581
47.575
170.312
23.164
70.111
23.757
36.058
107.61500000000001
454.607
10.46
32.99
20.755
61.14
499.999
304.38100000000003
26.907
24.022000000000002
54.438
11.668000000000001
58.958
164.96200000000002
499.999
499.999
12.336
34.195
22.69
32.34
9.106
499.999
27.363
20.814
281.778
40.486000000000004
230.812
27.524
38.043
153.066
28.507
17.696
16.531
131.39000000000001
60.259
31.866
15.997
32.376
38.982
263.495
40.592
37.265
41.711
66.69
84.7
60.143
22.675
24.642
7.928
36.347
10.438
146.802
14.294
57.9
17.327
16.845
13.505
260.305
362.855
21.068
202.89000000000001
62.617000000000004
27.082
180.09
25.947
428.121
24.012
21.911
13.936
189.717
23.644000000000002
19.823
21.287
14.444
36.439
41.709
21.059
27.649
25.055
164.85
49.468
23.152
16.749
26.043
116.351
20.916
20.534
44.994
24.914
41.182
22.015
37.426
32.12
499.999
28.927
11.236
23.098
15.113
26.073
499.999
316.682
100.48100000000001
25.592000000000002
14.163
41.585
17.39
39.469
164.633
9.467
297.184
61.091
30.811
34.942
76.035
47.282000000000004
77.546
33.726
208.001
25.514
12.719
25.349
14.703000000000001
30.008
49.351
257.02
23.254
17.825
80.386
152.77
70.179
21.035
28.912
24.19
20.71
15.419
71.58
10.729000000000001
23.318
67.52
47.042
16.114
14.266
40.728
25.782
367.014
73.4
88.79
10.415000000000001
18.495
32.017
25.565
23.935000000000002
30.739
38.133
17.331
93.962
27.416
17.758
20.463
30.44
363.90000000000003
156.373
17.373
499.999
42.641
440.29900000000004
499.999
130.459
64.106
64.419
25.535
74.506
18.153
282.50100000000003
33.622
36.773
21.443
32.914
10.374
457.244
21.356
29.653000000000002
26.79
93.902
29.011
135.6
23.387
208.793
54.416000000000004
440.901
52.093
56.351
34.318
50.65
132.876
65.556
52.674
9.4
26.11
445.434
101.938
19.253
20.586000000000002
19.765
19.853
30.497
32.376
38.803
38.544000000000004
29.849
20.405
18.537
22.877
46.421
26.521
55.546
177.263
94.846
17.714
193.21800000000002
499.999
24.015
26.843
20.151
66.229
38.802
8.370000000000001
36.466
26.708000000000002
66.464
59.631
40.126
242.41400000000002
30.048000000000002
31.294
257.877
124.021
41.871
219.436
14.685
24.231
34.857
211.595
37.795
18.602
340.503
30.221
72.259
54.917
23.240000000000002
12.913
22.945
248.189
137.543
22.816
82.453
138.231
20.595
56.321
114.784
30.941
58.503
35.429
14.342
27.53
18.861
96.65
499.999
117.108
31.84
50.589
121.175
255.87800000000001
16.085
10.665000000000001
86.637
15.879
36.196
15.495000000000001
357.028
47.719
17.552
115.392
274.048
57.86
26.357
40.88
13.361
38.932
34.980000000000004
12.735
104.081
43.686
21.261
11.285
30.330000000000002
160.616
13.896
12.614
499.999
12.48
17.563
35.139
171.14600000000002
8.913
65.663
21.09
14.294
29.095
34.156
13.361
48.603
24.237000000000002
106.611
29.765
15.883000000000001
167.91400000000002
38.968
102.517
56.947
499.999
16.871
20.364
84.034
12.002
28.04
75.35000000000001
33.737
499.999
138.699
16.755
17.424
499.999
9.44
145.893
217.261
11.821
81.135
88.414
69.169
104.94500000000001
239.418
40.141
124.788
15.44
499.999
30.325
24.733
96.056
15.923
38.363
39.639
24.09
60.643
34.845
16.949
11.107000000000001
7.9750000000000005
21.8
25.975
26.071
12.547
73.787
17.455000000000002
499.999
32.160000000000004
499.999
8.199
39.106
19.225
32.023
42.889
35.312
16.34
328.419
23.193
67.681
28.018
31.859
192.421
27.617
40.275
68.784
152.797
7.639
16.601
45.338
58.418
16.894000000000002
27.784
52.07
52.436
51.553000000000004
45.223
20.06
40.77
39.458
27.532
74.71900000000001
21.288
499.999
28.47
42.829
8.241
208.66
32.112
144.37800000000001
144.90800000000002
499.999
31.684
37.576
53.653
14.165000000000001
26.905
29.28
107.628
91.45100000000001
16.938
33.289
124.892
29.818
17.055
23.987000000000002
196.994
143.983
66.42
75.291
110.045
30.559
72.045
71.639
30.535
83.609
18.681
63.185
499.999
64.107
26.257
26.135
99.879
21.568
177.483
91.773
19.136
54.958
23.935000000000002
27.849
80.849
18.568
32.345
20.746
221.209
25.504
13.189
38.406
31.901
26.038
19.605
127.08200000000001
73.363
15.619
49.703
23.612000000000002
71.739
29.603
145.243
499.999
499.999
49.368
202.353
23.726
16.187
31.353
18.336000000000002
99.782
46.116
206.994
185.8
78.237
17.475
15.41
10.272
41.951
22.185
136.799
349.81600000000003
99.291
24.622
27.566
19.264
88.343
22.036
16.89
106.876
18.563
15.079
149.662
37.358000000000004
137.572
358.747
80.044
32.778
499.999
217.991
499.999
27.224
19.094
163.805
75.112
17.613
30.747
51.45
499.999
189.62800000000001
21.779
80.06700000000001
65.809
62.054
15.542
31.825
49.593
120.555
21.437
13.172
107.84700000000001
33.289
35.024
340.773
25.136
499.999
51.465
25.718
29.914
28.782
49.397
15.437000000000001
21.203
72.79
23.06
25.314
54.847
303.262
96.47800000000001
28.026
11.624
33.223
45.006
68.736
34.493
270.487
48.481
36.87
128.174
100.389
53.121
163.394
65.714
10.072000000000001
369.634
53.708
108.23700000000001
12.648
28.632
11.885
49.306000000000004
27.762
148.237
25.346
34.702
15.147
212.465
43.685
24.706
79.636
26.623
138.333
41.526
19.234
18.386
13.015
43.418
20.477
83.668
26.278000000000002
64.5
24.487000000000002
196.243
17.068
77.069
66.103
22.321
42.806
26.407
38.07
27.240000000000002
70.714
51.353
162.419
45.845
12.703
66.102
23.018
23.702
499.999
29.129
35.598
12.731
23.434
21.195
18.976
19.97
200.67000000000002
37.582
40.757
44.826
121.798
499.999
68.763
37.237
306.561
25.421
19.357
19.7
19.536
24.177
135.066
45.436
13.636000000000001
26.401
17.809
26.379
17.072
41.639
68.546
61.529
25.055
25.923000000000002
451.50600000000003
21.42
28.245
17.056
18.992
39.775
123.313
499.999
50.593
11.893
499.999
24.867
27.981
49.64
74.799
54.953
65.818
20.652
21.311
10.996
37.241
26.357
53.973
52.977000000000004
40.633
59.462
73.206
46.152
11.856
67.929
59.511
17.28
12.852
33.614
17.998
80.933
17.664
52.475
11.196
499.999
33.453
124.13000000000001
27.662
19.911
26.506
25.979
88.962
40.305
17.445
12.82
14.641
71.137
24.03
160.344
116.539
22.572
149.934
33.848
163.358
76.869
69.321
451.713
16.274
178.27
44.203
86.884
121.547
125.197
144.77100000000002
10.908
15.974
27.648
70.117
37.696
122.776
138.534
19.490000000000002
13.94
158.447
18.167
22.498
20.104
26.895
153.218
13.821
22.578
68.031
38.298
9.043000000000001
304.439
160.232
46.941
55.471000000000004
25.694
16.365000000000002
20.12
19.955000000000002
14.143
186.814
33.063
33.205
21.185
24.57
45.405
31.406000000000002
23.963
38.072
296.664
40.438
167.91
18.513
23.466
23.787
112.992
65.501
14.742
57.53
38.197
11.951
10.168000000000001
52.873
29.551000000000002
499.999
62.225
171.119
357.66700000000003
27.064
11.932
228.906
32.318
105.01
19.88
74.11
37.01
20.099
61.32
35.056
27.733
81.372
13.533
16.507
19.739
21.35
69.223
19.206
14.871
9.416
104.599
22.725
80.58800000000001
55.956
15.406
20.266000000000002
85.155
15.909
23.352
15.183
19.948
11.585
212.298
74.316
39.048
23.947
499.999
74.732
26.919
108.78
50.077
41.52
67.95100000000001
14.756
52.325
134.196
39.5
34.514
55.442
26.419
30.375
314.396
57.485
499.999
54.286
151.451
23.616
114.914
17.789
19.779
42.458
24.672
40.148
25.136
149.065
17.178
12.526
293.103
129.722
248.505
36.406
28.16
39.550000000000004
105.474
20.150000000000002
499.999
16.107
186.072
158.554
40.309
18.204
47.586
15.337
45.403
18.081
20.11
74.654
114.70100000000001
265.838
35.579
30.394000000000002
76.297
30.755
28.479
16.719
31.394000000000002
15.151
23.677
32.238
10.574
263.011
26.775000000000002
21.211000000000002
103.147
54.298
28.293
68.51
202.0
20.673000000000002
100.456
23.091
89.82300000000001
499.999
31.358
49.464
27.650000000000002
17.818
15.796000000000001
32.85
45.389
142.862
21.743000000000002
20.171
18.627
100.559
19.973
176.137
62.854
154.047
172.576
18.126
108.29
91.804
20.102
15.764000000000001
25.129
113.703
22.013
85.115
10.773
25.413
163.162
162.066
26.506
435.66200000000003
11.327
34.774
57.800000000000004
17.166
17.873
52.728
29.209
31.569
28.185000000000002
37.161
79.541
26.545
15.852
21.703
183.895
61.318
18.468
499.999
190.223
18.315
68.416
36.726
25.865000000000002
24.888
45.685
499.999
33.459
66.306
52.855000000000004
82.132
167.744
40.992
29.650000000000002
22.288
13.059000000000001
10.889
19.831
69.303
38.38
30.134
13.662
7.221
19.556
49.642
406.90000000000003
72.152
72.112
32.59
26.423000000000002
232.615
16.769000000000002
499.999
23.152
91.982
22.961000000000002
65.014
52.607
38.292
54.468
25.186
38.377
27.655
13.959
31.54
12.872
71.012
30.227
35.433
26.042
21.107
47.085
26.0
499.999
34.552
30.716
58.654
24.725
41.202
37.305
191.382
50.726
165.08
18.615000000000002
55.912
74.21900000000001
41.498
43.678000000000004
38.094
14.355
55.08
13.983
44.75
16.869
121.60600000000001
13.181000000000001
55.232
15.004
57.382
21.865000000000002
148.03
62.113
499.999
25.726
37.355000000000004
45.521
17.711000000000002
15.227
8.802
48.729
499.999
15.936
115.531
232.71200000000002
146.594
22.135
9.137
18.699
36.983000000000004
16.319
20.04
22.678
14.542
67.089
25.766000000000002
51.622
25.114
18.807000000000002
24.177
43.656
499.999
397.885
30.562
38.85
24.47
32.314
25.195
8.754
19.995
154.65
19.203
477.141
29.094
226.074
184.963
57.854
41.415
14.378
499.999
25.92
79.421
80.822
33.660000000000004
114.589
41.007
23.931
38.697
30.373
20.808
10.909
23.129
34.679
22.026
29.224
55.569
116.039
12.774000000000001
16.274
26.417
24.744
59.097
10.366
45.528
64.086
45.682
27.255
102.12
12.177
35.977000000000004
66.257
28.625
17.196
63.542
39.711
47.82
33.315
32.197
12.222
75.427
394.104
22.93
251.127
155.358
109.512
17.354
19.445
23.697
19.981
67.428
24.283
499.999
35.932
15.246
133.862
14.621
499.999
25.393
146.11
25.5
14.415000000000001
179.858
106.386
114.399
13.407
30.487000000000002
16.531
23.654
14.228
166.05
15.42
77.66
461.735
19.825
6.4830000000000005
125.596
46.468
8.847
80.584
21.556
25.045
50.686
25.967000000000002
244.751
75.232
30.405
18.331
134.41400000000002
13.758000000000001
69.616
326.62
389.853
27.88
162.107
52.176
28.499000000000002
499.999
8.132
13.317
15.089
293.12
72.415
499.999
29.062
137.566
138.746
22.689
42.375
203.254
71.487
15.4
73.028
37.249
33.352000000000004
186.939
499.999
38.403
167.679
65.369
15.871
47.167
362.195
15.915000000000001
12.889000000000001
67.87
17.019000000000002
499.999
43.071
42.071
12.561
499.999
41.46
260.18
339.264
195.042
106.941
29.378
17.484
14.088000000000001
45.849000000000004
11.686
27.617
45.884
499.999
130.774
45.826
133.023
341.796
37.921
59.541000000000004
10.219
375.916
380.415
22.826
33.796
168.744
112.392
87.575
21.182000000000002
61.589
69.949
24.411
271.737
20.514
499.999
22.705000000000002
148.906
75.184
28.088
183.238
23.033
124.10900000000001
285.716
159.239
76.423
53.686
52.120000000000005
34.703
19.086000000000002
26.6
62.791000000000004
34.645
143.099
11.077
27.418
14.724
34.711
29.816
8.169
12.725
11.89
47.606
31.521
10.259
31.283
27.816
9.971
21.822
38.987
316.547
14.41
43.364000000000004
24.39
10.604000000000001
135.493
49.106
9.88
19.533
85.35600000000001
116.601
15.619
74.023
50.967
453.885
499.999
26.859
312.843
15.768
16.685
50.312
291.42
135.064
18.547
375.09000000000003
235.929
9.416
499.999
9.691
39.925000000000004
16.356
26.352
65.998
499.999
13.579
32.377
36.315
38.131
36.698
62.376000000000005
22.616
25.516000000000002
14.287
14.556000000000001
23.944
16.642
15.903
34.351
130.174
13.199
410.921
187.4
167.677
51.975
27.785
16.364
179.001
52.806000000000004
24.203
40.987
16.464
17.055
320.745
24.451
96.434
27.331
42.896
98.73100000000001
38.87
65.308
25.349
16.728
23.532
17.867
18.403
73.239
43.905
30.52
21.588
499.999
29.664
74.706
55.569
234.922
250.713
190.077
32.071
40.197
10.568
63.809000000000005
423.35200000000003
16.081
24.157
21.709
19.821
33.391
57.514
158.607
40.526
34.816
184.687
112.956
27.846
60.923
37.844
119.331
248.279
219.869
309.462
27.251
34.045
263.508
20.008
42.898
13.023
36.898
33.148
23.549
121.042
80.297
15.877
12.544
78.055
134.508
54.401
364.459
62.319
260.652
19.467
202.064
66.798
125.366
499.999
56.014
122.964
20.863
154.071
17.374
35.329
135.675
74.888
78.976
13.471
331.783
125.761
16.501
499.999
30.225
14.871
28.843
42.052
499.999
28.513
21.046
59.08
54.223
18.426000000000002
21.786
18.462
130.718
22.94
25.279
72.81
36.688
43.917
499.999
22.792
227.77
16.817
301.511
14.414
43.008
73.501
21.588
151.826
20.723
11.407
44.901
25.473
17.75
25.568
29.597
9.936
142.663
221.892
154.338
12.065
84.519
74.851
127.474
27.776
78.907
39.867
14.641
28.262
54.412
15.989
176.52700000000002
163.229
36.044000000000004
18.64
19.661
44.649
24.178
55.586
201.747
135.875
32.817
34.578
12.335
15.488
39.225
16.374
24.967
400.303
14.161
30.741
79.97200000000001
23.711000000000002
407.865
20.811
68.145
31.116
56.663000000000004
21.648
55.729
73.635
67.299
90.534
17.666
22.055
11.882
22.35
81.977
216.082
29.633
78.532
206.782
499.999
269.839
38.809
381.713
26.403000000000002
15.564
26.8
163.338
15.065
58.271
31.699
32.806
80.962
16.499
37.013
29.665
201.012
17.371
94.897
74.971
100.864
29.314
289.392
287.682
33.764
48.521
12.035
167.56
168.44400000000002
121.968
157.58
11.579
33.294000000000004
21.525000000000002
30.465
56.088
499.999
29.580000000000002
37.462
79.242
44.27
32.945
19.097
25.885
44.991
141.37800000000001
7.422000000000001
23.702
48.989000000000004
30.623
92.339
164.973
54.67
13.682
92.658
11.033
24.098
34.948
43.980000000000004
28.27
13.757
12.739
19.314
25.141000000000002
40.68
191.865
21.393
53.109
212.017
31.253
51.358000000000004
37.023
13.259
10.736
26.23
39.366
9.523
32.369
51.626
24.844
60.914
24.497
36.86
35.417
54.077
21.153
85.991
35.495
14.96
49.529
499.999
142.79500000000002
126.938
12.25
36.004
19.247
499.999
499.999
31.964000000000002
13.158
20.871
33.729
14.317
29.812
13.428
14.696
54.358000000000004
29.628
43.579
14.608
60.726
19.051000000000002
134.022
22.979
499.999
122.392
499.999
31.757
273.945
22.295
55.495000000000005
37.011
31.083000000000002
64.906
95.418
185.464
12.475
34.193
48.622
47.185
351.658
154.01
15.878
17.189
100.558
18.739
32.231
50.432
86.706
28.214000000000002
98.889
18.208000000000002
206.121
22.952
15.897
499.999
37.892
46.909
37.292
31.893
14.602
31.864
87.775
35.754
28.286
103.71300000000001
189.625
106.535
302.024
7.197
181.0
230.096
109.277
124.528
30.241
364.475
45.073
13.559000000000001
141.671
23.07
17.859
30.437
78.868
147.07500000000002
9.147
230.383
83.095
31.575
22.465
20.331
84.59
52.781
31.928
52.59
34.762
42.765
28.993000000000002
19.952
79.229
21.055
154.4
10.872
18.464
15.531
42.46
18.86
142.425
20.309
12.471
45.673
277.284
79.775
20.271
21.448
39.42
22.041
15.415000000000001
219.22
37.571
190.386
290.436
53.323
15.478
41.242
103.736
135.907
32.798
52.259
38.213
65.922
89.72200000000001
46.785000000000004
51.636
116.18
14.439
59.620000000000005
13.086
36.324
51.923
48.385
147.246
27.773
499.999
499.999
28.863
19.971
78.96000000000001
50.017
14.719000000000001
13.696
27.853
30.177
10.002
51.708
37.954
28.597
38.716
25.132
19.027
77.062
22.812
61.958
26.802
18.243000000000002
18.039
92.031
57.077
55.785000000000004
61.328
107.58500000000001
17.275000000000002
36.341
25.971
22.385
50.508
187.429
12.651
70.657
23.845
24.459
25.567
127.33800000000001
38.586
63.185
55.977000000000004
16.124
9.293000000000001
19.882
60.069
8.101
13.143
63.527
12.482000000000001
19.301000000000002
19.133
107.674
43.042
73.345
13.464
47.385
62.731
40.797000000000004
38.933
20.852
70.753
30.392
13.061
19.56
151.372
379.80400000000003
55.88
9.752
17.43
35.207
53.825
58.869
32.029
38.550000000000004
27.197
28.765
112.19200000000001
298.03700000000003
22.514
34.372
37.438
11.118
47.787
47.341
21.453
9.785
41.552
281.224
38.898
18.201
254.931
52.869
18.598
38.14
33.346000000000004
24.269000000000002
33.335
296.209
48.654
23.882
499.999
24.485
332.15500000000003
26.212
13.678
41.45
56.5
58.504
255.669
62.337
34.459
33.801
20.580000000000002
49.302
51.382
171.117
16.974
25.148
16.339
57.407000000000004
193.954
19.069
11.48
12.612
16.706
16.069
155.632
238.597
22.851
126.71300000000001
38.831
87.18900000000001
192.068
49.604
19.69
17.143
49.392
39.171
11.741
63.924
20.744
35.613
23.894000000000002
201.711
26.248
46.625
17.851
9.307
18.273
22.2
40.126
56.097
13.429
10.321
10.617
91.656
499.999
35.89
18.848
14.55
283.664
286.69
20.662
34.955
19.832
61.051
109.467
25.001
18.921
21.208000000000002
26.731
36.97
34.151
100.102
36.345
19.471
116.352
22.076
25.774
23.013
116.461
12.492
25.846
55.401
33.503
11.755
134.067
166.596
105.244
244.70000000000002
38.715
452.15500000000003
23.311
50.328
35.522
25.169
13.083
132.477
27.316
93.727
23.114
10.423
14.321
46.993
222.278
12.016
90.971
17.171
45.344
33.441
35.181
51.19
20.779
31.539
96.583
31.521
22.517
10.105
22.844
26.885
105.397
152.512
20.306
22.922
42.384
38.234
29.923000000000002
110.745
13.055
88.584
20.34
499.999
190.787
72.146
65.738
37.141
51.884
12.535
15.805
16.504
10.138
29.377
30.872
14.661
251.34
66.918
28.024
27.088
32.755
104.977
31.036
138.33
53.298
9.436
41.685
172.372
40.454
24.535
44.798
26.734
27.904
38.485
37.378
162.841
28.578
178.085
20.203
53.941
36.826
50.479
37.325
15.011000000000001
271.117
153.514
43.159
59.668
61.658
499.999
19.692
46.504
20.072
170.352
23.123
21.279
94.145
19.952
51.526
46.237
110.941
32.283
14.805
107.426
21.128
44.922000000000004
25.398
44.643
21.037
21.485
30.425
46.07
35.653
154.851
27.112000000000002
66.979
24.907
34.301
47.656
34.383
29.307000000000002
12.384
15.972
499.999
20.681
14.929
81.614
18.248
21.189
14.156
16.967
74.09700000000001
319.31
18.764
137.647
19.027
19.639
109.397
25.529
84.135
43.988
146.797
242.729
100.48400000000001
40.176
31.972
270.468
11.178
124.911
86.602
246.781
27.98
27.934
13.774000000000001
60.308
81.684
72.696
67.574
31.575
13.23
98.405
78.046
26.6
195.79500000000002
117.22800000000001
111.703
18.352
32.949
13.198
16.318
35.763
49.492000000000004
29.144000000000002
29.132
81.236
15.983
51.013
15.411
20.598
42.086
45.119
16.564
218.309
244.946
33.187
499.999
29.271
111.069
31.131
45.751
114.288
12.962
60.725
56.9
15.712
16.552
79.422
260.409
123.625
33.538000000000004
24.752
33.067
22.776
19.142
24.378
21.929000000000002
16.987000000000002
10.568
8.113
23.367
56.886
22.687
95.48400000000001
20.595
14.622
11.352
48.962
14.332
64.905
39.131
21.528
26.6
13.323
39.411
88.319
87.122
24.3
17.656
61.897
28.168
247.055
499.999
13.499
222.351
29.900000000000002
56.967
82.615
18.387
17.875
28.711000000000002
296.254
19.346
50.023
45.788000000000004
28.26
38.645
41.005
23.735
39.107
47.654
112.238
18.418
14.073
94.736
11.73
18.698
20.85
17.832
484.38300000000004
33.392
114.35600000000001
28.893
25.268
56.738
15.52
25.783
26.73
47.091
70.45100000000001
52.452
41.785000000000004
20.464000000000002
15.988
95.54
18.434
56.511
22.883
499.999
10.615
15.252
28.202
68.182
72.552
85.284
124.795
114.48400000000001
16.007
11.992
59.252
28.366
386.982
26.742
17.535
251.874
65.271
44.228
38.202
103.177
12.651
35.695
22.48
23.608
8.952
499.999
60.689
110.488
20.171
176.27700000000002
40.225
179.364
29.216
34.789
46.263
152.574
15.045
19.864
100.155
58.035000000000004
36.672000000000004
19.956
32.386
125.117
499.999
28.725
376.972
396.00600000000003
63.045
82.57900000000001
41.47
48.256
17.559
15.286
15.18
70.176
40.802
20.817
155.537
173.823
15.763
46.878
199.998
24.649
78.84100000000001
87.883
39.595
10.34
11.331
22.135
16.688
376.76300000000003
23.146
14.409
27.465
74.018
19.308
18.835
12.075000000000001
23.845
44.162
35.121
132.429
9.995000000000001
107.464
76.506
141.184
63.64
105.116
112.709
17.891000000000002
68.062
38.412
87.934
29.738
41.934
26.417
81.828
22.96
25.653000000000002
499.999
216.108
40.615
49.476
24.989
288.049
269.371
18.662
44.429
22.797
41.073
23.074
51.104
11.699
53.885
39.076
18.655
22.762
41.042
24.272000000000002
499.999
499.999
17.769000000000002
15.323
19.215
19.805
233.291
345.168
29.209
18.584
120.98
54.023
79.33800000000001
26.449
43.111000000000004
313.401
19.115000000000002
35.88
44.791000000000004
12.77
46.484
17.331
415.25600000000003
28.21
28.833000000000002
32.033
6.962
38.293
194.186
31.308
87.998
46.72
89.714
159.058
13.852
448.514
45.168
17.608
31.189
67.409
40.093
59.123000000000005
51.351
20.297
88.181
55.375
60.782000000000004
320.521
19.548000000000002
24.459
19.772000000000002
61.026
12.056000000000001
240.821
138.002
22.634
23.798000000000002
324.571
27.299
272.246
44.136
52.660000000000004
68.625
20.816
407.135
13.248000000000001
28.132
162.883
79.022
386.776
25.305
12.922
23.018
32.131
12.818
16.546
44.373
12.197000000000001
40.44
183.951
146.811
28.994
20.51
135.612
36.01
19.061
12.174
17.77
27.674
19.76
57.621
166.512
37.559
12.408
32.199
45.257
23.664
13.584
86.646
15.577
381.555
16.490000000000002
30.322
23.067
42.212
16.594
33.762
69.904
18.611
43.685
34.744
23.405
53.073
19.537
25.752
22.879
31.473
30.67
10.891
65.398
16.499
10.969
26.93
19.033
175.124
7.889
65.09100000000001
11.869
47.837
13.737
224.59900000000002
17.432
113.001
11.619
159.83100000000002
499.999
280.034
272.25100000000003
15.934000000000001
48.649
51.782000000000004
28.681
43.294000000000004
499.999
9.861
18.649
56.262
42.308
24.254
63.71
17.525000000000002
47.031
34.661
43.312
26.647000000000002
24.012
25.558
42.759
355.028
27.604
499.999
143.93200000000002
21.131
127.71900000000001
66.18900000000001
52.996
343.62
123.449
18.159
39.247
11.602
17.839
9.66
10.577
22.003
54.402
49.771
68.509
22.564
27.507
105.961
26.013
12.622
122.485
101.16
19.248
396.593
499.999
97.86200000000001
83.047
21.38
155.052
66.1
95.243
20.886
48.679
51.089
38.859
22.336000000000002
25.403000000000002
70.002
22.686
98.653
14.715
8.609
12.997
24.277
499.999
26.946
13.242
29.257
21.254
191.115
77.775
125.805
227.722
106.74600000000001
50.198
97.925
31.185000000000002
11.674
43.314
20.503
180.00300000000001
42.742000000000004
41.464
14.26
33.883
40.091
129.056
51.866
499.999
34.321
33.86
70.223
14.474
252.461
107.154
10.691
18.42
107.764
44.285000000000004
157.061
16.09
249.435
93.18
73.958
20.523
46.7
224.338
65.372
13.223
74.97800000000001
55.496
354.062
105.372
33.691
34.738
48.882
229.537
29.785
18.402
72.46900000000001
362.468
169.713
26.678
55.095
275.623
36.886
31.458000000000002
17.752
89.175
36.103
499.999
13.865
132.405
28.964000000000002
70.455
100.339
21.5
417.62600000000003
24.317
20.756
10.802
44.613
52.074
13.101
48.059
46.931000000000004
12.838000000000001
82.12
17.478
48.681000000000004
21.719
499.999
33.116
189.047
9.641
264.758
17.078
112.768
15.128
66.933
59.159
137.4
45.927
84.72800000000001
49.624
50.573
13.649000000000001
19.415
15.415000000000001
43.542
8.649000000000001
491.355
149.211
88.43
64.002
33.909
22.182000000000002
57.823
40.387
29.995
43.977000000000004
483.019
29.495
29.62
222.644
11.366
38.161
34.753
78.281
348.786
105.169
29.077
50.344
10.49
17.743000000000002
24.442
27.813
13.790000000000001
76.639
34.092
37.388
29.663
153.608
33.207
202.458
8.384
22.322
21.04
47.124
65.096
15.767
16.138
12.718
15.228
68.799
30.529
15.193
30.417
86.416
32.786
36.81
58.089
18.755
28.014
52.297000000000004
26.592000000000002
29.491
49.254
499.999
10.978
258.497
25.225
68.866
78.935
19.528
54.819
17.423000000000002
66.06700000000001
252.799
58.302
60.165
25.429000000000002
59.209
458.331
23.208000000000002
15.21
22.965
13.030000000000001
9.617
196.679
26.73
290.686
499.999
43.786
17.092
68.733
12.009
233.446
13.844
438.322
11.314
34.731
34.994
48.179
18.16
12.011000000000001
16.744
13.213000000000001
52.633
93.35900000000001
68.596
134.311
135.38400000000001
78.049
70.633
499.999
16.983
38.934
100.206
19.495
171.54
30.989
24.939
19.072
57.515
23.121000000000002
57.761
41.37
17.198
76.016
26.495
259.331
26.789
70.046
45.246
24.104
40.852000000000004
37.453
361.351
66.748
499.999
13.988
73.259
80.664
13.214
33.622
48.753
86.102
13.528
107.255
85.173
92.028
16.523
64.853
30.956
30.964000000000002
10.947000000000001
23.661
50.857
118.554
34.39
61.919000000000004
21.448
25.155
22.809
28.221
16.949
21.251
46.749
13.126
14.417
182.742
52.754
50.42
152.617
17.086000000000002
239.104
23.873
81.209
33.51
152.394
312.836
12.262
19.235
106.06
24.297
13.873000000000001
27.547
14.854000000000001
22.742
24.427
28.567
30.402
40.004
25.734
41.766
22.835
121.833
118.575
21.564
329.092
57.78
9.5
166.02700000000002
27.024
70.259
27.726
298.246
54.247
76.303
118.973
24.492
11.785
208.19400000000002
38.311
23.336000000000002
24.243000000000002
14.27
44.235
25.779
33.302
13.923
282.245
217.031
97.309
285.656
29.974
194.284
44.271
36.306
41.182
499.999
39.453
19.716
32.444
8.927
38.629
19.375
12.586
17.007
19.924
191.35
499.999
14.433
43.726
475.425
23.731
23.904
26.241
34.027
65.268
80.97800000000001
67.544
121.411
10.618
11.275
11.713000000000001
32.736000000000004
60.321
27.846
37.46
37.381
8.968
18.267
49.218
35.136
81.408
54.396
28.393
28.046
27.363
499.999
149.969
430.444
63.192
17.907
25.021
16.438
23.121000000000002
23.968
13.631
25.855
499.999
197.752
40.828
13.366
15.949
49.955
20.294
31.449
107.819
30.231
27.439
13.709
19.616
34.169000000000004
28.182000000000002
56.937000000000005
10.48
39.792
16.927
37.913000000000004
37.051
32.622
36.087
85.09400000000001
21.444
21.515
499.999
27.204
7.431
16.973
24.150000000000002
34.237
88.729
75.479
64.398
26.142
34.393
108.339
16.866
16.914
193.666
67.208
499.999
19.871
21.392
25.151
40.153
454.5
63.149
105.164
56.284
58.539
14.695
25.088
29.186
14.183
116.271
19.823
61.75
499.999
333.49
28.051000000000002
227.413
57.802
16.609
49.151
15.049
12.335
32.014
45.395
38.979
65.183
49.229
39.952
226.899
22.384
49.224000000000004
28.535
53.561
114.587
19.79
43.497
499.999
115.165
19.992
60.179
18.025000000000002
455.289
136.019
12.722
12.873000000000001
28.758
18.156
499.999
37.377
60.665
33.845
499.999
31.472
64.651
210.44400000000002
53.073
61.197
33.552
81.214
13.098
16.78
31.223
453.243
24.048000000000002
27.259
62.648
11.238
26.87
17.925
23.618000000000002
43.971000000000004
51.863
76.57900000000001
37.228
15.870000000000001
34.421
29.764
51.92
28.667
63.111000000000004
443.45300000000003
204.541
161.067
296.6
10.268
29.469
190.928
24.124
39.266
16.163
93.541
16.19
297.45
22.347
36.004
31.132
13.175
23.953
201.672
17.568
325.208
82.898
72.845
43.497
50.307
90.792
77.296
64.197
22.995
249.052
78.011
9.063
18.559
25.045
19.065
48.417
71.128
53.582
51.245000000000005
89.60300000000001
43.800000000000004
16.576
28.222
53.989000000000004
54.383
499.999
25.431
17.613
127.545
25.071
21.477
81.122
329.511
23.042
139.549
29.037
160.288
55.969
96.06400000000001
100.553
22.972
41.071
19.414
11.852
75.864
46.319
23.893
139.78900000000002
39.134
19.551000000000002
74.952
204.72
9.512
34.183
29.07
45.168
20.295
426.246
27.037
499.999
25.591
273.314
73.565
58.408
54.445
20.445
12.105
45.008
59.945
69.068
53.513
50.219
30.339000000000002
13.661
14.497
10.571
13.578
41.222
108.027
22.317
34.196
66.248
152.256
23.729
29.968
149.987
62.116
122.293
167.167
25.243000000000002
37.508
21.302
100.769
11.628
13.535
32.618
43.614000000000004
99.09100000000001
31.52
16.542
41.091
82.009
189.08100000000002
49.815
46.550000000000004
45.888
499.999
17.013
37.283
66.484
22.127
367.625
22.017
499.999
22.586000000000002
205.288
283.425
161.715
59.764
25.195
27.153000000000002
23.551000000000002
346.357
51.481
18.089
290.002
15.284
36.419000000000004
24.196
41.457
192.518
17.224
34.248
113.836
15.11
35.777
61.742000000000004
11.143
8.031
99.822
124.535
21.739
25.674
71.964
124.932
13.417
72.854
173.716
29.363
43.153
250.191
55.623000000000005
18.609
32.167
33.485
48.201
17.26
63.516
34.553
118.676
19.757
88.612
17.148
12.88
60.572
52.194
11.565
53.412
35.898
278.362
61.684000000000005
28.852
171.464
499.999
49.366
25.702
47.031
15.248000000000001
13.801
127.924
362.141
22.107
13.138
69.279
61.753
21.601
47.436
23.269000000000002
49.11
499.999
26.116
12.764000000000001
87.408
10.257
130.237
55.754
35.902
35.638
21.97
22.75
10.001
203.893
35.584
12.557
29.196
41.202
15.290000000000001
48.486000000000004
112.11500000000001
201.08
15.444
107.628
57.69
15.516
149.391
15.959
57.04
97.04
95.78
19.361
32.908
51.883
66.56
31.509
32.71
20.448
64.781
31.686
118.918
17.839
16.876
18.699
25.936
65.078
17.593
499.999
68.717
24.074
29.313
40.671
14.926
17.611
25.975
24.431
464.959
16.51
58.079
21.981
24.969
46.043
35.364
26.012
29.751
24.251
43.85
12.82
42.768
23.059
26.748
499.999
37.271
32.902
499.999
71.004
277.246
38.255
131.713
83.991
15.145
14.154
45.583
26.472
249.10500000000002
22.346
115.179
67.8
13.326
14.518
12.644
26.559
30.607
19.561
33.37
104.514
64.536
35.983000000000004
97.016
108.943
65.54
91.558
8.22
15.373000000000001
101.025
47.556000000000004
203.81300000000002
319.494
155.446
41.238
139.826
29.953
28.614
39.454
13.063
90.056
11.345
499.999
61.095
52.591
34.345
17.525000000000002
145.058
20.599
13.543000000000001
38.331
29.712
31.587
27.666
49.581
432.529
137.421
59.550000000000004
313.66700000000003
10.912
39.667
41.077
125.71900000000001
87.96300000000001
41.629
14.799
52.373
75.383
43.325
494.755
40.172000000000004
10.428
22.344
32.088
106.907
37.337
24.902
71.052
89.242
18.969
33.647
90.12
11.786
406.432
75.703
53.236000000000004
86.45100000000001
21.866
122.773
122.184
23.724
110.97
25.527
22.211000000000002
98.352
40.909
24.655
16.904
31.693
32.13
146.835
221.011
17.723
35.215
309.283
302.05400000000003
30.274
26.836000000000002
18.408
279.011
16.34
56.491
445.784
10.241
25.492
333.735
33.159
25.14
23.267
11.628
11.738
23.611
72.176
56.256
28.931
73.39
169.308
13.875
41.985
43.153
65.121
13.43
82.604
18.748
374.594
14.543000000000001
108.886
13.292
35.546
18.602
21.771
25.515
314.466
17.598
390.932
92.045
30.121000000000002
16.751
10.832
68.107
13.381
17.985
22.409
499.999
134.826
91.551
396.124
20.046
43.816
136.28300000000002
55.947
36.996
21.363
499.999
38.039
17.686
15.499
25.446
22.873
37.277
13.911
115.141
390.21000000000004
15.774000000000001
15.494
35.931
14.631
49.489000000000004
48.833
170.85
499.999
17.558
25.124
18.755
17.291
33.64
11.941
25.964000000000002
60.595
14.597
37.579
136.133
17.126
9.349
8.493
26.783
32.381
499.999
16.306
15.704
62.534
499.999
24.075
34.003
18.909
14.285
10.421
33.65
130.80100000000002
62.801
17.705000000000002
36.248
30.222
27.425
336.983
48.511
25.771
13.779
256.401
42.74
395.21500000000003
19.059
33.303
12.516
75.776
24.606
120.605
205.919
26.122
60.197
109.908
19.527
83.599
51.193
123.232
173.49
29.087
180.65200000000002
25.385
22.116
26.507
37.437
41.133
100.653
14.007
37.278
29.733
18.642
28.504
25.101
54.78
83.819
499.999
97.897
123.12700000000001
11.789
30.418
41.306
122.72
12.974
499.999
43.273
312.195
53.117000000000004
329.064
14.964
28.403000000000002
51.217
32.375
19.932000000000002
17.961000000000002
61.953
150.689
499.999
143.41
13.112
21.749
42.184
72.447
27.761
61.741
80.607
31.492
212.254
20.87
17.549
92.23
25.73
34.569
30.738
401.65000000000003
13.032
499.999
38.371
16.128
149.717
99.93900000000001
286.104
192.858
14.915000000000001
14.031
28.381
37.455
11.143
154.459
21.732
61.234
29.222
16.553
66.038
55.72
86.824
23.57
172.269
30.75
34.63
134.907
478.288
42.096000000000004
21.582
20.144000000000002
26.266000000000002
16.782
28.081
18.262
327.911
11.466000000000001
59.641
12.563
499.999
94.566
70.412
19.561
24.969
38.347
33.503
499.999
63.15
18.242
16.903
20.949
13.063
27.522000000000002
24.157
18.989
30.142
174.296
35.92
142.528
120.741
23.249
43.704
10.961
159.675
227.691
15.195
71.084
419.431
125.84700000000001
30.264
499.999
201.904
9.635
499.999
23.949
50.654
21.488
13.559000000000001
36.656
24.107
46.939
24.194
34.114
29.732
23.72
14.207
35.433
49.314
106.953
104.58800000000001
35.014
31.772000000000002
13.082
17.575
24.616
70.81700000000001
14.71
64.865
81.57600000000001
28.205000000000002
18.702
70.447
22.465
16.926000000000002
51.735
15.614
33.834
38.763
499.999
43.109
14.932
90.702
10.619
18.38
13.692
499.999
17.536
17.422
24.394000000000002
51.624
21.099
24.978
20.191
39.093
122.87100000000001
21.035
14.195
499.999
31.989
48.524
71.506
138.936
499.999
16.978
17.771
17.437
152.774
35.343
47.06
14.401
20.215
10.604000000000001
37.534
44.345
90.23400000000001
19.864
14.4
133.026
35.195
14.434000000000001
443.356
256.71
37.206
13.955
17.931
53.984
45.4
146.718
9.714
30.285
31.846
195.495
30.162
14.326
92.626
11.06
49.753
38.087
34.647
20.194
130.72
142.235
58.871
21.343
25.479
10.59
89.069
52.213
41.965
27.538
272.238
410.82300000000004
50.47
25.282
28.054000000000002
15.73
66.77
262.97700000000003
217.97
14.721
12.836
22.646
11.942
40.946
115.274
38.14
499.999
44.633
16.693
22.603
41.692
61.641
27.438
21.490000000000002
81.977
30.339000000000002
44.228
15.695
499.999
21.048000000000002
13.582
186.457
16.167
158.915
94.944
15.637
499.999
46.939
35.578
7.349
30.192
56.039
499.999
248.883
40.148
40.048
20.702
10.753
96.054
30.935000000000002
208.071
30.315
31.696
93.182
16.301000000000002
114.32300000000001
26.802
12.297
37.83
15.395
35.704
11.264
81.596
256.342
74.974
13.959
42.598
53.13
16.915
29.191
36.952
13.819
19.288
46.118
73.163
255.74800000000002
61.656
56.774
104.962
51.512
60.306000000000004
98.46600000000001
56.978
191.739
19.509
21.069
33.967
34.832
42.977000000000004
322.533
38.186
27.176000000000002
499.999
58.237
52.506
51.139
13.143
27.725
23.85
25.47
113.775
194.131
30.729
19.145
15.785
7.571
128.273
33.188
158.496
28.561
12.154
14.909
11.532
20.083000000000002
44.757
75.084
12.566
17.403
18.041
204.272
34.029
40.519
133.375
44.866
149.973
29.38
22.52
21.777
50.767
32.291000000000004
24.080000000000002
63.981
31.208000000000002
21.533
33.869
27.191
43.226
26.69
228.08700000000002
153.51500000000001
57.023
13.377
54.286
68.006
242.576
261.124
33.963
341.562
75.306
195.086
66.33800000000001
179.192
26.652
56.057
40.117
12.852
113.909
387.589
95.842
44.757
33.843
126.155
25.559
34.271
11.539
25.043
198.912
31.993000000000002
58.872
44.885
13.951
19.479
39.85
103.084
47.401
32.787
53.84
263.362
29.218
185.101
20.66
39.812
81.542
115.49600000000001
17.279
49.209
90.959
22.363
23.139
25.029
122.31
14.563
59.633
16.658
210.679
200.674
33.417
16.45
34.058
25.737000000000002
24.82
51.0
66.985
185.78900000000002
24.578
29.314
499.999
27.567
97.626
18.55
31.288
168.888
13.778
22.178
32.186
61.655
29.112000000000002
14.594
64.69500000000001
9.922
19.699
34.946
499.999
15.804
74.509
40.569
15.144
93.4
69.124
31.597
14.324
24.062
81.69200000000001
18.177
19.923000000000002
13.559000000000001
27.487000000000002
24.695
499.999
51.33
39.121
15.186
329.842
82.896
11.884
119.049
499.999
28.466
28.07
94.694
79.70400000000001
16.330000000000002
158.118
367.729
34.1
155.791
276.869
21.650000000000002
18.29
285.884
28.107
34.701
19.146
42.49
340.807
19.454
23.972
19.566
499.999
44.868
239.779
14.718
190.477
29.684
21.528
85.29
12.727
42.861000000000004
9.155
99.632
395.777
39.411
79.574
121.161
10.592
167.51500000000001
23.025000000000002
10.855
29.439
16.116
60.592
82.168
395.663
19.517
30.039
14.414
499.999
37.143
18.108
13.298
174.517
55.661
68.217
32.449
299.8
191.989
38.364000000000004
33.644
158.901
108.039
225.42600000000002
101.47
31.783
112.3
23.452
14.953000000000001
63.288000000000004
85.024
162.038
18.734
27.102
37.843
14.34
30.145
24.248
18.28
114.837
109.803
25.452
55.979
201.00300000000001
27.891000000000002
39.052
90.581
28.649
18.325
28.884
499.999
46.474000000000004
31.275000000000002
44.277
16.386
15.829
19.303
465.064
23.786
115.373
83.321
44.353
25.258
14.758000000000001
51.351
14.778
118.46300000000001
45.797000000000004
305.38100000000003
94.506
128.311
50.066
293.45
56.186
49.231
97.683
44.35
15.828000000000001
12.129
138.841
173.074
147.644
67.093
68.147
90.114
60.534
11.022
15.542
8.816
21.105
22.214000000000002
398.038
181.979
52.628
69.377
64.433
39.552
54.576
57.381
21.633
200.492
22.503
19.068
49.145
485.6
86.242
14.155000000000001
221.876
44.789
100.965
23.725
87.812
362.713
139.302
20.063
455.587
9.76
30.698
151.729
419.19
24.933
18.633
15.128
12.627
21.043
10.358
15.315
50.623
17.418
97.142
31.494
14.121
491.584
87.016
29.231
46.152
499.999
53.168
87.399
192.209
17.865000000000002
95.514
289.524
32.006
22.041
20.761
306.786
18.933
38.062
275.113
17.685
453.774
163.922
49.603
30.772000000000002
69.71600000000001
337.597
16.858
11.838000000000001
20.611
30.941
33.272
27.951
13.547
23.003
13.717
17.752
127.156
499.999
112.396
29.53
24.154
31.335
15.967
66.256
90.69
160.925
29.902
17.987000000000002
26.112000000000002
17.937
25.356
40.979
84.114
25.284
19.052
58.202
54.839
26.532
60.215
32.922000000000004
28.07
21.455000000000002
86.382
416.023
33.547000000000004
117.312
143.803
232.81300000000002
28.628
102.166
18.461000000000002
21.1
106.93
89.81400000000001
186.006
499.999
16.26
158.839
101.479
13.282
49.466
35.311
332.838
70.071
12.291
24.918
378.766
53.263
30.400000000000002
19.234
21.744
40.12
42.027
23.859
18.97
12.987
145.804
24.508
499.999
105.131
47.926
82.691
139.127
133.745
327.021
9.184000000000001
70.502
16.858
85.755
54.041000000000004
23.319
18.988
12.786
14.795
20.278
25.813
499.999
52.505
11.791
22.455000000000002
16.149
69.242
24.117
45.219
50.204
57.109
17.094
136.571
42.467
216.398
56.901
76.187
8.716
9.949
70.97
14.843
90.898
18.541
46.771
147.071
125.432
22.182000000000002
22.704
76.34100000000001
56.22
55.825
25.872
20.214000000000002
37.062
34.397
15.572000000000001
16.625
133.139
24.123
17.275000000000002
26.168
38.852000000000004
16.4
12.067
424.089
35.786
201.187
32.999
29.323
23.273
74.041
268.397
17.209
67.626
499.999
491.01300000000003
18.639
36.61
155.786
8.709
68.074
24.447
23.913
29.179000000000002
22.208000000000002
164.072
164.34
16.581
8.898
27.757
241.347
83.432
40.831
20.417
41.372
62.364000000000004
448.31600000000003
176.372
20.459
19.916
34.959
104.521
499.999
20.400000000000002
52.001
15.441
16.354
22.95
499.999
37.101
70.756
29.049
17.19
32.119
19.755
9.867
25.351
22.713
29.983
18.786
18.247
18.877
47.591
32.828
39.728
133.648
499.999
92.386
85.991
47.095
35.849000000000004
32.968
25.968
17.555
313.072
105.128
15.545
35.863
23.362000000000002
14.827
24.317
24.847
15.833
49.449
15.109
36.798
158.471
16.746
444.343
176.156
79.741
62.154
24.633
63.026
20.161
30.783
46.24
22.889
31.559
20.479
14.359
75.133
47.786
12.401
25.496000000000002
224.85
71.016
244.35500000000002
53.578
62.067
16.04
26.951
16.717
20.502
34.466
13.51
18.147000000000002
29.3
19.23
33.049
16.202
11.146
41.058
14.973
51.2
28.637
481.252
56.52
30.824
118.343
21.95
37.811
12.456
21.738
499.999
18.302
30.853
172.371
32.599000000000004
29.806
499.999
499.999
12.418000000000001
138.93200000000002
37.115
28.28
63.595
41.843
14.137
76.866
21.952
34.086
46.201
22.418
64.978
27.719
33.755
34.324
13.098
77.279
118.641
34.582
38.444
9.133000000000001
68.62
330.824
32.803
18.473
24.842
49.249
22.153
12.431000000000001
247.854
20.659
24.015
51.752
42.612
112.661
56.966
20.12
385.495
66.693
44.423
16.096
34.366
13.706
18.032
23.535
17.694
14.914
25.136
52.705
53.293
11.947000000000001
10.148
33.097
200.834
196.778
58.076
136.534
10.83
242.163
60.961
25.955000000000002
39.816
16.382
20.853
39.512
46.99
27.772000000000002
26.204
22.339000000000002
12.019
10.53
23.924
23.427
22.025000000000002
499.999
29.958000000000002
499.999
206.41400000000002
72.82300000000001
32.704
15.461
71.82000000000001
27.779
81.634
77.22
54.947
7.107
28.156000000000002
26.333000000000002
157.084
37.412
34.183
37.259
54.536
92.73400000000001
21.167
28.512
128.575
29.171
16.295
50.015
14.287
20.895
33.692
40.841
9.216000000000001
39.221000000000004
10.611
16.86
179.347
34.074
48.72
40.87
297.516
18.479
99.296
457.217
23.068
499.999
9.78
54.971000000000004
43.201
31.135
76.206
17.899
499.999
10.051
25.883
67.874
15.643
34.042
61.442
47.893
60.464
44.594
14.176
118.97800000000001
16.866
14.567
42.687
73.407
12.537
13.536
85.325
39.475
21.1
132.144
11.976
70.983
21.59
18.618000000000002
499.999
90.819
29.09
16.080000000000002
31.612000000000002
17.842
13.533
17.923000000000002
67.429
41.905
18.201
177.011
15.839
60.802
20.664
11.659
50.046
11.46
24.032
35.833
18.845
24.706
135.138
9.927
11.396
26.126
95.386
55.562
499.999
126.386
87.569
54.226
499.999
40.868
80.38
15.984
64.011
85.123
28.066
23.484
34.781
59.881
122.748
37.555
25.608
11.806000000000001
134.076
499.999
32.012
77.08800000000001
36.251
148.40800000000002
7.731
13.139000000000001
130.827
13.17
92.10000000000001
25.863
499.999
15.535
317.491
26.479
13.537
52.866
99.312
21.67
24.504
43.748
113.965
63.795
15.738
18.325
19.636
15.746
177.096
52.09
63.568
13.317
31.935000000000002
92.931
11.325000000000001
9.626
65.89
17.917
499.999
19.665
15.106
133.65800000000002
65.625
20.317
92.336
93.807
83.85600000000001
70.923
96.877
9.696
72.581
279.034
275.484
29.247
113.107
25.234
51.1
143.252
86.94500000000001
347.29200000000003
10.048
180.495
80.623
167.161
76.739
36.728
30.158
13.524000000000001
25.373
499.999
499.999
38.223
30.786
499.999
21.25
15.197000000000001
23.484
80.532
146.204
26.477
81.19
20.746
64.553
14.702
23.669
64.927
90.10900000000001
14.472
25.635
59.177
20.553
11.201
17.692
31.229
19.905
44.033
50.021
108.197
64.374
13.901
34.873
17.459
15.675
484.325
13.281
135.639
12.269
37.14
27.912
27.196
499.999
111.06400000000001
139.731
353.878
16.864
53.668
26.516000000000002
16.71
43.007
26.133
38.34
21.408
17.377
22.138
27.946
14.134
67.343
18.072
19.62
48.066
28.789
31.081
46.775
79.84
33.415
68.21600000000001
76.316
30.704
21.807000000000002
176.341
89.343
27.82
76.20400000000001
58.78
62.063
48.768
177.41400000000002
52.931000000000004
9.393
53.632
38.188
30.623
327.144
25.884
12.266
107.291
132.582
308.306
25.388
20.62
62.148
9.949
36.972
40.729
82.647
57.376
210.77700000000002
75.416
32.433
374.647
13.613
18.237000000000002
31.006
396.551
28.708000000000002
61.001000000000005
28.742
44.800000000000004
29.604
38.487
63.78
18.567
65.686
164.007
11.244
31.428
53.231
26.45
62.707
28.287
101.645
91.113
110.252
13.063
116.151
23.263
64.368
31.71
316.297
151.69
499.999
30.817
16.095
483.872
13.751
52.724000000000004
32.132
431.062
22.131
44.235
129.25900000000001
11.311
14.187000000000001
13.395
22.392
308.33
63.106
33.533
80.882
21.204
499.999
45.146
15.634
41.338
44.767
27.896
12.742
24.307000000000002
24.636
48.831
335.557
70.139
68.621
16.665
55.996
28.464000000000002
32.62
15.962
23.692
9.48
15.01
60.177
499.999
61.241
57.421
56.974000000000004
40.452
21.905
202.21200000000002
97.59
41.268
151.394
75.437
247.483
18.662
18.986
37.687
11.662
59.984
18.299
20.455000000000002
68.33800000000001
15.14
499.999
47.808
34.388
38.54
285.678
31.533
9.677
19.614
37.802
110.761
68.15
26.899
137.707
21.344
96.014
26.814
38.268
423.294
36.765
23.303
109.233
53.769
77.836
21.656
22.057000000000002
62.981
106.81400000000001
102.376
47.367000000000004
41.38
32.596000000000004
43.736000000000004
32.83
30.391000000000002
80.843
35.451
76.45400000000001
35.773
26.994
29.627
103.251
22.536
9.158
12.853
60.698
24.199
17.833000000000002
41.25
499.999
34.299
104.714
12.56
20.824
33.318
24.449
396.111
47.472
16.659
33.982
31.433
42.318
8.945
31.678
10.799
16.19
49.703
13.298
85.379
499.999
16.644000000000002
16.936
19.489
95.11
23.884
10.752
30.119
16.365000000000002
212.636
32.021
142.026
62.771
33.13
18.311
115.418
24.018
16.597
36.182
42.005
23.937
27.485
18.84
55.99
28.922
22.336000000000002
36.873
37.076
21.617
43.872
20.007
77.35000000000001
19.387
51.941
134.395
45.638
22.830000000000002
54.199
77.949
35.249
18.964
59.289
15.716000000000001
465.157
30.573
499.999
17.847
40.068
57.014
75.47
378.543
79.21000000000001
34.898
34.608000000000004
15.413
118.958
41.924
207.032
41.795
29.179000000000002
21.927
15.258000000000001
171.585
129.966
28.232
45.913000000000004
27.153000000000002
24.487000000000002
30.419
31.347
37.7
50.026
23.0
499.999
12.694
182.858
14.866
25.09
41.94
306.176
16.515
10.937
39.97
185.03
53.305
144.76
17.761
181.339
30.958000000000002
57.531
11.547
140.285
16.083000000000002
61.245000000000005
114.114
499.999
19.48
19.219
38.104
13.674
66.81700000000001
12.759
32.34
6.329
37.371
39.998
25.377
84.933
34.461
47.549
346.45
27.082
74.144
11.666
15.979000000000001
312.415
27.07
35.14
119.633
26.171
25.652
95.761
82.27
142.489
25.156
33.025
63.539
15.469000000000001
55.04
128.141
14.282
17.271
35.9
9.303
60.414
15.019
30.142
39.884
23.732
168.005
12.485
93.22200000000001
69.117
55.44
14.188
57.961
31.084
37.519
42.219
20.166
29.719
28.026
21.274
499.999
17.843
135.022
35.814
43.675000000000004
117.542
58.294000000000004
105.81400000000001
45.901
19.111
45.85
78.19800000000001
67.417
16.863
23.873
123.928
41.94
33.169000000000004
30.716
107.702
24.897000000000002
26.221
72.048
110.638
26.418
19.741
499.999
54.734
26.127
120.899
10.325000000000001
100.508
18.025000000000002
17.41
278.101
28.683
24.654
20.306
62.042
49.135
57.962
22.397000000000002
23.94
37.539
46.168
18.588
26.791
42.56
499.999
71.449
14.201
103.302
154.44400000000002
123.93900000000001
16.94
37.679
17.3
33.805
22.82
17.364
68.802
25.423000000000002
67.462
23.549
213.63400000000001
260.603
16.831
25.561
499.999
13.344
49.361000000000004
19.219
61.128
18.34
499.999
14.772
15.911
88.38
63.668
30.562
31.903000000000002
396.79200000000003
41.244
37.893
96.281
24.377
315.105
34.934
499.999
323.872
108.299
22.296
9.592
21.766000000000002
36.615
22.872
18.193
16.376
20.064
32.844
35.501
12.594
49.856
41.305
335.463
15.501
169.17000000000002
81.625
44.207
19.434
23.452
17.702
224.139
33.81
197.106
446.736
499.999
103.937
71.455
31.826
59.822
20.165
24.452
240.762
499.999
33.87
12.22
77.868
14.908
34.081
21.951
47.078
263.212
12.61
25.547
499.999
31.035
15.509
27.341
137.91400000000002
26.765
21.990000000000002
63.511
32.436
53.574
209.641
23.018
77.658
142.424
176.036
84.875
24.73
133.637
38.406
15.899000000000001
32.937
36.782000000000004
15.395
17.389
56.035000000000004
56.612
225.822
28.864
15.406
215.044
22.53
44.24
114.427
103.683
18.576
32.147
62.213
37.117
149.013
41.922000000000004
114.694
18.856
36.462
60.968
499.999
41.575
39.836
122.994
9.093
12.542
238.808
42.859
32.062
384.91700000000003
499.999
83.892
231.743
18.159
236.143
31.204
23.588
28.581
55.487
499.999
77.81700000000001
75.679
34.603
73.281
18.651
238.677
499.999
26.037
20.364
215.073
499.999
495.675
56.332
24.569
17.272000000000002
39.107
10.368
27.722
499.999
11.982000000000001
48.592
27.149
9.845
18.291
15.886000000000001
30.7
80.833
53.114000000000004
17.216
57.098
41.368
30.519000000000002
19.93
38.664
29.905
78.765
40.805
55.686
28.133
36.619
17.39
64.296
24.181
70.337
30.345
38.987
26.675
64.723
499.999
71.318
340.688
27.052
89.912
61.42
24.21
15.809000000000001
138.451
64.941
26.6
96.892
42.811
25.279
10.886000000000001
35.19
499.999
37.318
27.845
499.999
21.539
121.97200000000001
22.627
11.623000000000001
176.37800000000001
115.86500000000001
114.992
23.747
32.989
10.663
18.736
18.718
51.463
51.884
36.813
42.698
17.045
13.225
41.566
15.753
15.342
28.038
251.863
15.385
40.453
41.749
63.936
60.927
56.508
12.625
88.018
24.302
29.766000000000002
36.452
74.434
36.699
18.048000000000002
46.274
25.524
16.966
11.38
26.718
36.366
330.356
20.194
8.540000000000001
14.98
28.518
20.673000000000002
217.65200000000002
46.833
13.754
15.764000000000001
44.647
14.016
20.55
63.259
133.609
11.417
18.848
23.322
15.811
23.26
101.322
19.178
44.132
17.289
104.908
25.449
22.543
12.466000000000001
93.141
24.242
14.213000000000001
19.37
25.736
13.058
101.467
70.46600000000001
32.814
68.885
39.558
35.123
40.997
96.61
371.60200000000003
20.401
122.561
22.258
33.105000000000004
24.749
9.327
26.279
33.447
147.708
23.593
219.121
39.237
33.551
57.055
28.341
15.669
13.969
49.077
22.555
60.716
24.088
72.18900000000001
27.827
13.267
42.895
25.985
39.609
122.152
45.217
50.932
30.106
133.147
201.629
73.57300000000001
7.49
499.999
56.143
9.286
207.137
26.561
83.617
17.79
17.697
13.599
49.365
12.716000000000001
79.387
28.937
14.116
18.086000000000002
139.82
52.612
169.344
58.955
16.279
82.519
18.276
17.388
12.358
59.743
317.37
18.406
45.436
171.083
66.849
30.676000000000002
11.869
17.761
54.96
150.562
175.425
118.09400000000001
286.221
27.817
23.898
187.16
60.82
73.325
208.678
109.22
42.234
19.961000000000002
16.634
132.865
107.542
13.126
99.23700000000001
87.127
11.024000000000001
119.383
24.996000000000002
49.024
8.717
28.277
20.928
14.329
18.57
26.827
117.58800000000001
16.651
36.627
499.999
199.542
39.63
76.414
26.413
22.378
93.92
37.787
16.032
42.184
146.113
39.585
162.836
29.422
17.552
499.999
28.516000000000002
44.753
128.462
17.296
166.491
61.628
87.71600000000001
22.061
499.999
59.050000000000004
208.785
133.81300000000002
35.389
27.474
499.999
56.19
54.725
18.276
14.197000000000001
217.288
18.931
51.131
19.866
80.748
89.188
9.148
25.738
46.788000000000004
114.638
54.322
63.82
36.098
12.632
47.319
51.469
36.97
148.303
16.651
158.316
10.6
24.864
28.956
54.437
78.283
60.856
30.336000000000002
108.218
56.204
10.302
499.999
34.082
41.279
24.143
31.557000000000002
57.284
16.182
28.942
364.685
21.731
173.708
35.803
109.99000000000001
222.394
35.51
21.12
25.468
450.32
24.156
31.93
114.877
17.866
499.999
19.216
17.709
23.427
499.999
34.818
10.983
307.277
23.061
14.907
96.566
106.193
13.419
32.469
97.433
30.291
22.413
14.631
14.885
499.999
162.358
283.224
20.268
81.264
267.96
55.871
18.19
454.856
17.985
17.888
50.878
67.965
126.072
32.055
51.78
13.859
9.773
36.265
50.955
15.509
122.255
45.244
34.01
15.656
32.013
83.952
38.944
23.625
73.132
41.877
60.174
26.35
13.443
28.456
14.963000000000001
499.999
20.783
12.423
31.891000000000002
499.999
44.673
58.055
32.137
118.107
45.785000000000004
18.565
39.93
18.23
27.097
9.831
56.673
59.61
394.414
20.249
112.76
28.119
37.410000000000004
23.205000000000002
322.904
212.447
35.487
20.105
13.831
23.977
19.443
143.026
15.937000000000001
10.542
48.454
130.673
155.129
20.588
26.378
277.618
49.524
84.423
31.316
499.999
34.479
20.069
121.518
418.557
44.042
20.704
24.851
17.739
24.455000000000002
145.345
38.184
28.566
499.999
44.646
25.976
22.406
22.192
187.342
17.648
89.034
10.370000000000001
13.21
68.572
13.224
12.227
14.700000000000001
471.641
20.849
499.999
11.119
41.906
14.601
72.271
374.124
499.999
18.742
59.662
24.222
121.409
111.427
11.666
54.565
97.414
51.57
126.991
32.679
148.763
59.654
42.003
20.349
25.985
56.395
14.16
9.714
75.08200000000001
64.141
14.171000000000001
239.352
23.697
25.11
25.708000000000002
232.5
16.215
13.89
13.448
56.187000000000005
31.399
499.999
153.28300000000002
14.982000000000001
437.355
52.077
33.419000000000004
12.007
110.229
30.28
261.47700000000003
33.37
36.272
8.208
8.413
55.506
115.413
18.755
16.516000000000002
499.999
38.805
16.415
13.673
48.142
17.36
42.552
12.082
82.82600000000001
48.856
20.213
19.384
50.001
38.152
31.746000000000002
53.739000000000004
35.638
40.225
33.574
114.744
27.584
53.845
25.383
28.494
117.355
16.927
39.496
42.967
39.61
26.218
17.646
41.412
19.989
56.42
50.793
40.743
23.92
155.587
19.605
40.636
38.480000000000004
138.077
105.922
24.808
14.686
20.023
23.236
15.127
25.298000000000002
13.183
83.046
83.224
20.704
17.072
79.787
27.729
499.999
15.585
12.441
35.708
241.286
19.696
20.349
19.567
53.364000000000004
12.204
36.265
15.13
44.730000000000004
17.462
14.979000000000001
44.976
39.595
67.33200000000001
37.523
21.312
28.51
76.212
21.333000000000002
19.323
62.699
13.135
127.50200000000001
19.313
12.877
499.999
364.797
63.297000000000004
32.79
100.265
83.133
45.660000000000004
50.784
60.616
28.322
54.341
28.351
39.205
434.865
26.572
21.327
22.335
42.595
34.59
104.20400000000001
44.131
32.38
189.233
92.434
71.31400000000001
38.75
28.861
88.426
217.915
9.986
213.525
76.59
16.616
272.624
20.386
499.999
12.127
43.834
33.778
16.731
202.77700000000002
499.999
44.373
18.089
22.718
47.069
53.806000000000004
136.008
317.512
182.314
89.265
26.323
457.015
92.253
28.749000000000002
19.963
18.403
18.322
19.183
12.322000000000001
25.749
110.303
88.81700000000001
23.743000000000002
55.821
45.436
20.886
30.289
256.955
16.048000000000002
30.017
24.634
302.593
40.631
66.858
24.912
17.75
20.369
40.267
8.182
175.577
12.583
75.432
27.115000000000002
19.455000000000002
14.878
8.798
34.492
39.715
9.528
67.82300000000001
29.96
18.194
236.525
23.939
35.082
25.325
499.999
31.748
17.047
12.617
19.837
26.864
21.296
21.368000000000002
36.558
49.746
20.654
42.378
26.517
42.586
91.077
27.943
19.455000000000002
48.763
25.377
13.186
15.615
16.024
12.621
31.463
28.75
10.962
33.903
64.58800000000001
23.22
332.281
358.072
16.545
29.212
92.003
27.91
59.891
34.745
27.025000000000002
129.788
64.24
64.052
108.84700000000001
48.191
21.904
16.147000000000002
120.128
111.245
32.051
33.751
40.864000000000004
84.542
80.799
37.316
39.674
77.918
34.508
28.262
13.835
28.433
45.821
57.531
26.876
75.92
9.323
39.558
20.022000000000002
72.952
19.912
17.062
154.629
20.573
17.963
24.743000000000002
42.836
89.962
25.883
18.907
499.999
52.622
21.295
48.514
21.764
19.527
10.76
35.782000000000004
96.294
16.755
62.132
59.57
22.812
23.571
47.565
27.982
14.206
47.809
18.308
28.741
25.698
265.87
19.424
30.032
24.148
34.939
499.999
32.45
24.775000000000002
52.345
242.872
28.277
53.736000000000004
31.522000000000002
21.188
408.647
20.802
12.022
15.816
21.404
25.575
34.843
81.361
194.216
46.218
499.999
23.650000000000002
322.879
53.502
26.228
70.381
49.419000000000004
10.183
48.64
26.831
499.999
167.70600000000002
101.909
357.089
86.69500000000001
98.081
10.249
43.215
38.732
19.507
499.999
21.17
47.395
499.999
194.743
29.466
223.841
17.311
18.369
41.904
53.563
49.591
24.004
13.752
17.509
26.377
21.918
27.427
26.586000000000002
56.745000000000005
23.52
97.417
342.132
69.153
47.133
225.221
29.215
33.973
37.248
104.018
84.374
21.681
275.145
136.448
21.047
499.999
9.896
64.761
20.422
39.731
152.692
32.893
407.68
82.562
175.821
9.771
27.305
29.651
42.258
15.123000000000001
29.023
49.866
65.103
25.454
60.518
300.699
12.370000000000001
11.42
11.938
54.595
17.11
23.101
20.287
30.494
34.051
19.409
282.758
30.532
30.171
36.672000000000004
225.061
49.017
98.101
10.697000000000001
32.718
29.571
22.101
11.472
35.774
82.10600000000001
27.851
142.76500000000001
31.396
43.588
17.784
17.175
12.851
23.43
54.236000000000004
13.422
9.988
41.092
49.009
61.201
34.923
19.221
83.108
21.43
11.121
99.848
117.05
12.089
9.609
164.567
40.826
21.549
64.894
15.198
39.185
28.608
33.695
26.589000000000002
28.422
9.889
91.412
15.382
207.674
50.888
20.702
15.623000000000001
24.503
202.695
33.234
15.967
30.269000000000002
98.553
499.999
37.989000000000004
15.768
33.706
108.036
11.304
25.371000000000002
499.999
51.083
52.781
141.171
15.188
48.612
17.126
48.429
10.639
14.196
15.492
70.263
20.972
26.314
26.667
18.01
41.202
7.861
13.003
20.05
10.989
95.558
27.585
92.34700000000001
15.713000000000001
152.611
71.651
40.241
23.330000000000002
192.226
228.70000000000002
183.83100000000002
22.629
23.988
47.184
35.861000000000004
107.12100000000001
68.69500000000001
499.999
11.725
38.553
16.53
91.331
15.742
23.152
137.147
162.963
32.392
33.769
104.669
167.536
44.949
14.989
42.557
8.768
21.684
26.531
25.891000000000002
12.163
13.901
33.224000000000004
26.650000000000002
26.178
499.999
8.115
31.652
11.373000000000001
138.52100000000002
23.801000000000002
31.153000000000002
23.862000000000002
32.789
285.035
82.309
10.774000000000001
51.529
15.917
23.3
12.56
499.999
20.302
24.37
78.285
17.027
57.34
307.177
499.94100000000003
32.787
39.969
36.554
15.803
33.399
20.296
17.906
49.411
22.513
11.968
35.197
13.056000000000001
167.79
289.899
32.696
38.553
22.559
499.999
392.226
33.062
70.287
55.364000000000004
17.516000000000002
499.999
8.927
14.404
39.602000000000004
26.573
54.24
51.408
499.999
25.705000000000002
16.159
8.268
59.4
77.909
32.317
16.486
53.038000000000004
13.339
15.445
126.108
267.569
15.795
15.669
20.569
24.808
46.709
104.44800000000001
22.672
32.846000000000004
38.824
31.288
11.991
71.077
56.325
386.576
31.326
122.289
156.167
12.993
308.62600000000003
69.604
19.292
10.040000000000001
93.287
44.315
12.162
39.075
19.839000000000002
44.458
11.807
95.33500000000001
65.099
118.705
40.945
21.943
172.53
218.792
19.765
148.506
13.025
31.85
42.344
58.861000000000004
33.845
26.875
499.999
34.466
11.057
12.883000000000001
23.953
499.999
20.501
32.082
323.122
46.913000000000004
30.321
24.028000000000002
21.281
21.981
21.638
25.793
349.74
27.001
63.018
52.276
21.965
38.463
24.505
40.449
12.541
11.692
44.502
85.446
17.132
32.49
90.443
21.721
18.776
499.999
92.47800000000001
22.257
19.124
13.111
32.026
27.13
142.744
46.692
57.968
17.34
52.392
53.784
35.612
61.229
42.596000000000004
39.093
14.998000000000001
29.234
33.549
23.353
27.142
13.239
41.522
37.696
84.787
9.845
499.999
48.096000000000004
66.003
136.601
29.287
105.926
110.532
24.676000000000002
499.999
56.39
12.869
48.717
20.793
19.241
44.619
26.188
499.999
11.955
51.615
98.03
22.42
69.495
72.669
33.859
69.679
60.821
107.505
29.869
10.527000000000001
22.89
19.899
25.445
12.365
133.862
199.92600000000002
15.546000000000001
11.636000000000001
26.467000000000002
32.764
19.223
54.704
102.63
11.805
11.669
84.813
12.228
456.653
58.472
64.572
63.479
29.152
15.418000000000001
12.828
20.993000000000002
43.939
28.905
203.984
18.478
25.774
261.437
52.398
21.787
349.247
11.308
47.56
19.869
15.586
169.947
95.86500000000001
53.201
68.417
18.343
18.325
73.891
51.421
33.641
499.999
52.054
42.649
20.992
147.855
29.54
138.112
37.096000000000004
48.488
25.716
19.836000000000002
22.723
188.256
147.761
499.999
37.602000000000004
17.8
21.547
21.667
30.502
23.056
30.008
24.57
37.479
100.91
174.604
15.275
499.999
15.445
62.912
149.82
9.635
14.176
203.62800000000001
8.18
450.27
14.49
54.936
44.268
225.479
219.329
39.964
59.295
21.861
109.401
24.467
34.583
34.203
63.919000000000004
39.956
88.355
85.772
499.999
96.924
12.767
26.684
11.32
499.999
26.735
20.272000000000002
22.193
171.363
24.998
25.008
499.999
61.349000000000004
31.332
122.675
29.063
91.86200000000001
180.615
26.830000000000002
60.055
45.242000000000004
272.54
25.552
296.342
13.367
18.091
59.124
21.8
16.973
61.455
19.871
462.883
41.230000000000004
28.867
111.72500000000001
499.999
61.423
23.322
42.399
125.71300000000001
87.77
361.241
48.844
200.26
19.357
24.283
10.287
44.271
18.277
49.507
24.732
158.443
436.094
21.330000000000002
19.772000000000002
16.253
14.099
44.416000000000004
16.576
33.754
10.187
26.79
28.485
16.81
34.283
175.103
153.306
50.871
129.59
98.503
27.889
29.346
22.377
41.059
19.634
23.051000000000002
39.555
9.926
36.605000000000004
18.206
17.243000000000002
138.281
499.999
53.363
106.117
9.762
321.796
42.519
14.272
10.144
14.898
79.58800000000001
234.84300000000002
233.066
41.485
20.005
97.434
15.153
100.507
32.762
14.921000000000001
96.268
273.199
27.79
13.139000000000001
14.829
499.999
32.521
31.971
14.975
25.417
106.401
95.22500000000001
161.404
19.650000000000002
38.160000000000004
29.276
18.913
42.544000000000004
110.918
499.999
27.141000000000002
16.703
44.283
12.147
12.493
87.974
499.999
60.682
105.47200000000001
287.569
15.073
81.766
39.17
26.087
62.119
169.731
16.465
23.661
82.58200000000001
31.996000000000002
51.75
27.154
28.115000000000002
17.43
291.311
499.999
22.066
24.408
169.203
108.34
27.337
56.829
31.683
71.277
118.561
121.789
40.426
82.656
106.521
14.015
13.855
33.693
42.307
10.93
53.538000000000004
78.39
20.067
68.97500000000001
33.879
50.401
43.942
114.051
18.851
214.554
46.467
499.999
48.899
38.313
22.403
36.165
15.007
13.986
14.654
13.548
18.272000000000002
18.032
75.61
16.426000000000002
201.193
30.353
53.416000000000004
18.063
22.141000000000002
22.612000000000002
46.001
40.491
56.955
12.353
267.008
32.325
31.225
20.792
21.524
150.835
100.976
21.612000000000002
54.624
432.649
16.062
131.261
73.628
30.830000000000002
26.878
43.431
9.101
10.602
18.053
499.999
19.526
102.096
14.146
11.058
52.626
174.726
32.422000000000004
15.616
33.407000000000004
499.999
36.422000000000004
56.289
11.336
232.207
33.81
25.457
20.523
19.813
23.104
16.283
29.146
15.519
10.634
27.679000000000002
82.271
12.362
32.765
54.491
17.676000000000002
79.089
343.269
10.429
19.508
33.302
202.195
47.993
21.843
14.0
30.963
22.745
499.999
45.943
42.822
52.362
40.995
266.332
42.52
96.72800000000001
59.415
126.943
36.353
11.696
9.992
466.422
18.575
47.918
140.756
48.936
78.474
167.724
59.221000000000004
12.784
147.478
32.606
47.825
100.09100000000001
17.142
27.575
46.678000000000004
92.907
211.463
110.70400000000001
48.081
499.999
39.538000000000004
42.215
176.427
43.344
40.858000000000004
15.791
31.209
13.576
70.88
23.027
40.769
85.102
18.784
13.07
52.166000000000004
352.522
271.972
24.593
14.297
23.85
499.999
11.006
10.457
56.027
121.00200000000001
46.846000000000004
153.769
26.809
32.979
58.842
67.384
50.809000000000005
35.384
69.862
21.27
15.553
19.036
71.39
11.553
126.748
20.242
69.396
10.719
21.544
52.38
43.303000000000004
22.614
11.947000000000001
50.817
19.032
19.616
18.997
54.24
25.765
29.282
23.867
19.423000000000002
31.424
17.182
57.972
28.37
23.47
23.593
12.16
21.941
10.433
24.122
13.974
21.715
333.415
42.107
37.660000000000004
63.602000000000004
60.323
23.839000000000002
11.991
230.299
28.98
37.879
18.751
14.685
82.482
19.96
28.599
22.273
11.579
11.223
30.687
32.301
24.169
117.565
49.666000000000004
15.318
22.779
11.207
21.602
42.253
45.671
106.86
77.429
131.004
39.699
63.231
81.08
175.67000000000002
480.492
36.071
11.68
122.087
21.375
38.154
157.867
31.438000000000002
29.464000000000002
19.437
44.461
35.264
22.966
106.886
26.248
15.882
420.51800000000003
14.055
14.118
95.273
55.301
21.513
39.514
13.337
48.874
112.626
125.262
33.888
46.354
19.813
34.300000000000004
66.967
55.272
21.581
88.683
40.676
70.12
81.293
204.256
10.232000000000001
45.238
42.646
16.983
66.011
25.21
12.764000000000001
156.078
14.195
36.281
35.463
8.384
35.678
37.029
24.576
52.399
31.956
82.112
35.276
38.043
7.788
28.793
94.748
13.3
16.264
48.075
43.419000000000004
48.073
19.053
15.747
61.21
55.404
42.158
20.537
25.283
65.169
12.472
499.999
14.882
25.52
51.778
17.717
29.881
143.067
19.975
180.536
42.841
17.159
29.497
23.431
103.187
29.963
24.938
54.843
18.591
21.093
31.067
26.73
21.709
82.616
11.202
88.546
37.439
43.766
25.065
28.901
264.383
20.302
499.999
19.402
16.331
17.505
34.355000000000004
82.13
68.35000000000001
14.941
499.999
160.592
164.121
52.633
15.732000000000001
36.249
17.747
15.422
144.756
153.392
20.906
23.085
13.643
207.922
53.241
11.719
44.062
113.211
19.479
106.85300000000001
32.328
76.057
28.990000000000002
34.551
499.999
48.751
478.249
321.968
26.696
24.112000000000002
96.27
31.614
16.245
116.74300000000001
499.999
11.517
22.693
156.841
71.495
13.929
51.496
18.541
83.77
183.104
41.635
36.586
11.0
499.999
15.558
22.594
499.999
36.668
16.585
125.054
43.108000000000004
166.751
135.248
69.102
499.999
136.238
58.545
17.502
499.999
27.726
41.891
27.400000000000002
35.648
111.586
30.305
300.106
16.501
45.769
26.858
23.666
19.53
37.0
16.508
23.785
153.427
79.31400000000001
39.962
43.462
15.583
26.107
65.343
10.287
499.999
13.290000000000001
17.5
42.469
34.17
27.17
56.566
35.887
14.615
499.999
29.598
28.881
455.279
102.328
267.81
40.774
6.731
14.525
19.803
51.423
25.39
56.583
49.233000000000004
17.085
16.788
14.667
25.107
11.166
11.843
59.219
43.984
17.304000000000002
72.562
15.957
189.933
38.336
8.936
499.999
12.672
499.999
28.67
13.033
24.381
63.511
321.612
56.443
52.482
20.767
40.979
57.452
68.474
119.565
499.999
287.847
32.116
27.015
44.172000000000004
15.4
22.021
33.22
109.031
162.534
23.017
25.735
79.665
15.954
338.289
73.66
51.175000000000004
56.752
32.941
12.186
49.062
16.543
34.096000000000004
52.996
48.258
34.767
110.705
33.507
14.304
59.815
24.312
442.817
46.036
111.68900000000001
33.868
67.4
58.818
118.169
81.631
33.716
437.486
13.962
39.945
31.017
488.613
24.291
106.766
33.221000000000004
20.594
17.552
10.751
96.805
13.937000000000001
69.645
40.93
33.444
38.841
106.425
29.336000000000002
61.029
52.15
31.740000000000002
18.565
19.048000000000002
75.117
499.999
46.818
46.067
51.661
41.899
29.679000000000002
21.078
28.842000000000002
11.577
53.543
33.033
378.047
342.825
18.738
16.565
40.058
66.982
39.504
44.364000000000004
20.463
87.141
15.149000000000001
36.765
21.656
33.129
391.761
499.999
40.745
499.999
11.803
24.052
29.422
24.400000000000002
448.851
16.426000000000002
42.133
39.883
26.509
16.764
19.957
37.482
47.503
28.934
101.914
37.579
60.681000000000004
18.080000000000002
21.933
17.634
54.63
169.066
13.228
11.293000000000001
56.632
38.632
41.107
38.401
163.776
152.728
35.706
26.244
26.845
103.499
15.605
26.723
64.519
217.95000000000002
22.46
188.82
46.756
16.662
66.09
32.373
55.881
126.336
17.37
49.216
499.999
18.345
12.056000000000001
114.785
33.711
29.838
8.041
90.982
44.54
201.78900000000002
20.914
22.868000000000002
39.802
57.616
25.306
17.78
31.788
75.633
90.631
42.395
52.156
70.571
75.107
138.55700000000002
142.386
109.834
43.92
38.144
135.997
27.765
13.006
485.827
29.003
23.743000000000002
13.436
18.686
12.916
20.274
26.658
169.113
46.847
22.957
450.16200000000003
22.393
499.999
40.837
34.504
32.107
22.19
52.745000000000005
46.233000000000004
55.809000000000005
14.957
40.143
42.649
42.731
157.498
81.025
103.84100000000001
15.184000000000001
499.999
25.759
23.665
47.723
9.061
141.178
29.054000000000002
12.571
226.46800000000002
41.83
37.223
19.228
35.801
16.428
29.173000000000002
16.464
20.891000000000002
33.015
11.098
33.955
30.057000000000002
122.995
12.112
352.839
33.852000000000004
23.151
23.608
70.229
499.999
74.997
24.531
73.46300000000001
28.703
20.121
19.714
27.444
29.517
7.138
42.774
18.468
30.741
132.543
9.086
12.758000000000001
15.758000000000001
110.12
21.907
114.46900000000001
499.999
30.683
24.278000000000002
14.904
83.571
10.620000000000001
54.416000000000004
52.562
100.929
18.278
9.722
51.848
42.518
70.69200000000001
50.314
13.998000000000001
41.439
36.47
107.18
14.026
18.959
499.999
21.788
261.119
12.791
22.116
72.369
499.999
85.903
161.328
40.593
52.062
60.379
22.263
62.905
49.289
30.468
33.732
86.196
41.415
20.385
18.219
45.067
240.038
241.852
66.491
313.476
310.551
11.203
30.744
56.242000000000004
35.167
24.38
18.946
10.114
46.525
21.409
253.084
35.068
52.757
16.342
19.632
409.009
57.407000000000004
289.456
33.233000000000004
21.832
12.012
21.754
64.477
18.564
55.807
247.979
186.425
102.805
36.192
56.031
22.42
30.889
12.397
11.9
104.51
499.999
177.247
39.059
75.673
499.999
49.515
51.807
499.999
32.162
40.384
31.225
22.874
38.848
12.234
266.112
53.078
45.89
31.996000000000002
25.302
19.455000000000002
62.694
34.789
33.211
29.643
136.366
14.927
16.939
87.5
9.125
24.214000000000002
36.314
141.839
20.983
365.883
16.089
23.194
51.601
56.865
53.619
52.1
14.624
29.707
24.82
499.999
37.023
32.639
32.155
21.735
16.038
51.174
30.388
110.674
28.439
23.402
12.803
18.684
12.264000000000001
46.432
15.394
14.601
15.969000000000001
28.512
31.245
26.386
62.324
198.71
20.296
18.55
19.555
45.730000000000004
46.398
16.28
238.461
13.43
50.51
17.652
19.435
53.937
45.114000000000004
22.774
32.455
16.967
499.999
69.703
21.755
117.869
22.196
19.201
28.698
11.685
44.26
173.068
36.576
281.576
17.595
34.759
15.25
36.6
21.521
38.444
13.617
13.558
280.923
30.594
17.491
18.985
149.348
13.253
38.496
37.056
19.645
15.851
17.400000000000002
62.395
115.138
10.965
345.075
18.996
279.54200000000003
499.999
16.906
57.188
38.696
22.469
15.796000000000001
24.97
27.071
14.8
80.21900000000001
98.49000000000001
59.388
21.418
308.575
30.042
17.306
23.994
336.107
15.813
21.042
9.454
36.865
17.467
73.49
45.165
459.059
223.832
317.68
76.178
66.926
22.414
28.584
18.186
14.357000000000001
65.46300000000001
419.81
65.056
53.446
42.191
37.26
25.364
27.904
7.063
29.254
172.776
14.303
149.483
23.751
46.512
91.95100000000001
22.694
61.439
53.54
23.198
11.290000000000001
12.002
135.718
22.247
41.228
49.091
15.064
57.212
43.653
22.227
38.604
51.846000000000004
28.46
499.999
375.052
206.62800000000001
16.32
37.024
52.728
150.96
56.288000000000004
54.035000000000004
64.345
76.57600000000001
29.198
59.468
35.122
109.45
28.359
13.281
43.298
186.498
52.422000000000004
127.041
32.594
19.632
29.546
13.102
14.111
23.848
28.763
37.462
306.873
79.895
23.427
84.91
49.384
54.527
19.911
42.276
16.946
60.568
18.516000000000002
47.775
166.223
23.903000000000002
38.754
44.951
9.878
93.06
139.225
429.35900000000004
43.581
27.147000000000002
38.89
23.738
49.967
9.412
29.874000000000002
39.905
87.333
33.494
499.999
110.485
16.624
47.484
11.839
17.16
16.673000000000002
384.93600000000004
110.62100000000001
23.467
95.638
141.525
195.996
499.999
19.952
49.963
28.874000000000002
24.981
20.859
93.305
54.83
26.547
34.426
45.131
8.258000000000001
45.601
58.349000000000004
14.561
20.164
167.29500000000002
283.156
7.908
13.796000000000001
41.004
47.212
80.411
18.263
23.37
57.08
237.16400000000002
113.706
180.088
37.858000000000004
95.488
11.879
14.308
35.21
28.18
116.946
26.278000000000002
28.206
23.017
121.551
11.835
14.944
19.213
28.669
22.373
138.118
41.439
177.239
16.23
52.908
37.287
18.887
73.37
38.949
55.512
121.482
24.884
76.986
123.976
71.0
24.432000000000002
25.521
70.151
16.484
23.382
54.755
24.169
59.647
423.05
25.735
19.469
33.016
122.12
215.19400000000002
373.339
26.609
90.019
28.807000000000002
145.52
25.224
11.188
12.424
107.184
14.075000000000001
36.848
46.352000000000004
16.049
26.899
54.669000000000004
88.73
16.396
20.441
29.208000000000002
10.518
18.528
133.15800000000002
71.952
16.914
21.408
345.372
29.459
16.924
36.905
38.79
27.036
12.739
14.766
34.311
20.523
16.61
53.809000000000005
311.386
17.011
181.014
78.993
499.999
35.082
88.161
9.858
86.908
76.812
20.753
52.388
20.101
12.928
81.558
12.768
50.714
45.31
19.891000000000002
23.301000000000002
43.84
38.249
13.859
47.4
20.782
20.54
24.657
174.982
79.44
24.456
106.01
27.627
31.266000000000002
40.496
45.491
34.807
11.64
463.85900000000004
112.322
36.688
499.999
31.768
14.383000000000001
63.485
70.282
361.086
18.57
65.3
499.999
308.796
25.828
15.513
258.183
179.829
20.636
82.95400000000001
43.542
22.773
18.536
18.303
20.833000000000002
16.699
28.341
16.816
18.67
52.096000000000004
14.207
151.829
80.59700000000001
26.125
454.73400000000004
178.238
22.031
19.134
53.915
56.079
21.094
45.905
39.236000000000004
48.417
52.625
14.206
17.198
81.037
28.155
13.778
26.281
105.699
38.545
12.747
66.593
80.58800000000001
29.413
24.018
121.87
411.843
338.647
35.474000000000004
28.342000000000002
345.757
33.939
39.972
13.642
21.839000000000002
89.179
93.292
25.855
98.795
97.3
29.292
55.603
59.18
20.165
171.192
13.692
45.014
12.066
21.791
14.545
16.041
29.69
15.115
15.514000000000001
36.086
18.221
129.78
10.76
41.948
17.356
231.982
118.867
17.62
14.455
132.243
64.677
20.312
49.024
26.397000000000002
79.806
499.999
75.513
12.950000000000001
30.417
38.249
499.999
295.915
27.727
42.287
30.598
20.455000000000002
42.585
10.618
129.062
61.624
80.364
25.608
30.57
360.713
85.751
59.921
129.86
90.622
126.651
16.957
70.635
23.323
69.657
370.345
46.626
48.172000000000004
69.259
65.019
65.21300000000001
49.954
20.147000000000002
30.101
41.724000000000004
73.743
136.449
37.012
104.44
14.027000000000001
25.409
49.204
312.637
11.289
23.722
209.504
53.425000000000004
24.368000000000002
16.281
45.660000000000004
10.365
31.318
107.473
22.082
69.099
328.634
33.927
30.004
159.01500000000001
213.30700000000002
128.739
12.635
128.40200000000002
10.115
66.104
35.029
64.266
20.658
21.402
17.203
305.129
107.309
13.540000000000001
19.979
19.184
271.713
39.965
36.096000000000004
55.072
113.302
12.476
40.098
42.196
12.555
162.699
35.043
392.69
17.398
42.704
41.002
79.359
29.647000000000002
68.415
108.543
146.351
31.037
308.194
28.419
15.702
14.865
39.604
269.0
36.295
41.124
162.322
52.711
30.62
102.149
30.484
47.618
66.397
499.999
38.884
44.777
77.944
40.526
22.291
478.879
11.094
21.524
261.674
494.35200000000003
68.91
292.101
16.774
73.862
20.595
30.052
7.955
40.283
11.896
27.221
18.428
19.993000000000002
82.218
499.999
22.632
9.093
190.786
59.732
24.709
31.859
78.505
84.387
17.173000000000002
107.33
34.143
43.27
199.186
222.25900000000001
20.561
35.233000000000004
33.559
197.907
30.539
41.588
35.763
27.009
17.061
45.993
20.27
16.193
27.313
8.213000000000001
13.441
28.163
15.461
18.244
12.221
39.691
11.385
15.736
296.783
72.994
44.282000000000004
68.527
356.03700000000003
316.443
51.305
57.963
24.678
109.94800000000001
27.39
52.906
23.212
78.397
102.432
134.043
19.352
10.102
26.937
15.491
67.98
15.191
184.074
28.006
69.035
64.84
21.474
85.595
21.013
17.435
81.979
29.821
499.999
127.57300000000001
19.235
110.7
499.999
19.701
31.124000000000002
37.778
64.927
17.343
74.825
14.728
20.175
34.526
16.429000000000002
66.287
46.667
57.778
56.381
13.415000000000001
25.355
15.034
20.971
91.327
33.428
247.972
41.25
38.914
15.391
23.740000000000002
26.521
12.942
265.818
21.127
133.692
21.828
97.732
11.194
19.439
15.744
17.367
17.272000000000002
118.404
29.811
48.146
99.733
19.177
22.661
90.561
76.96000000000001
11.881
21.839000000000002
135.66
499.999
20.808
157.529
38.737
15.003
29.249000000000002
23.293
95.95700000000001
21.327
93.812
54.272
28.453
200.387
69.97
34.627
24.02
35.264
126.718
36.444
39.64
52.406
47.841
85.76
153.589
19.697
25.401
12.101
98.202
448.409
57.456
39.211
44.825
23.266000000000002
13.333
160.857
60.078
15.555
29.893
37.376
27.165
98.191
212.928
31.594
83.093
20.699
139.954
30.779
129.532
95.44500000000001
12.304
499.999
24.226
190.75900000000001
35.043
300.89
43.621
35.122
254.751
33.861000000000004
20.441
20.901
34.545
24.005
27.662
40.99
15.214
15.964
185.717
34.504
109.705
43.918
42.307
21.687
499.999
61.44
360.05400000000003
17.144000000000002
22.596
27.55
14.688
48.794000000000004
10.731
72.349
88.551
39.523
18.78
88.805
15.518
25.6
432.721
130.918
38.859
112.11200000000001
22.739
31.955000000000002
39.938
25.889
25.688
127.304
58.856
18.808
27.596
96.5
18.093
235.816
74.495
75.884
20.650000000000002
92.208
14.61
110.33500000000001
220.513
29.152
53.118
251.013
417.392
254.74800000000002
25.165
25.298000000000002
74.303
72.105
22.489
29.764
36.627
255.915
23.227
36.861000000000004
108.262
60.286
35.473
15.114
14.247
16.864
27.139
17.717
30.8
33.972
16.532
17.591
31.969
61.923
75.626
12.939
20.738
16.633
31.644000000000002
215.52100000000002
20.41
23.127
31.628
16.38
64.828
34.684
48.948
44.666000000000004
15.976
88.151
126.172
149.863
148.257
205.778
48.069
15.196
9.016
25.028000000000002
37.403
142.669
11.791
18.372
32.622
14.821
44.014
499.999
392.35
31.468
350.50600000000003
35.525
24.564
92.414
10.844
30.147000000000002
15.4
41.113
359.641
32.81
16.476
72.83200000000001
87.343
20.075
53.992000000000004
87.688
230.672
128.839
13.714
101.849
148.965
205.659
70.795
398.276
29.136
96.095
12.529
409.653
62.167
98.748
53.331
22.081
29.441
32.208
54.246
87.81400000000001
30.868000000000002
38.053
499.999
48.364000000000004
63.759
75.831
22.305
499.999
34.928
26.051000000000002
9.663
37.154
34.709
109.10600000000001
34.833
56.649
132.4
95.21300000000001
42.014
42.347
37.371
58.45
138.339
77.672
245.44400000000002
113.784
8.6
73.782
16.728
178.686
11.836
13.488
22.785
28.136
28.954
12.684000000000001
499.814
141.345
21.125
16.946
167.832
17.671
31.225
33.834
233.815
499.999
224.177
82.584
31.32
22.221
25.61
49.826
13.678
50.212
15.251
61.336
87.238
342.348
41.658
499.999
26.682000000000002
42.862
20.777
23.153000000000002
499.999
361.629
116.918
17.423000000000002
42.875
16.393
80.08500000000001
24.475
18.245
51.705
9.795
14.304
177.043
33.172000000000004
230.383
56.92
288.038
23.963
42.467
72.55
28.900000000000002
17.814
17.628
8.672
20.954
499.999
31.644000000000002
24.364
17.709
31.195
130.67600000000002
51.839
14.41
343.231
45.576
8.935
18.907
13.186
162.246
29.069
21.562
120.897
99.433
41.551
11.522
179.03900000000002
45.923
499.999
23.523
81.595
42.25
59.545
53.63
12.686
87.21900000000001
28.262
226.501
26.240000000000002
71.504
42.749
54.967
35.019
70.381
30.232
40.458
484.735
52.96
56.67
26.557000000000002
33.631
61.056000000000004
32.988
38.195
357.827
110.265
132.8
34.429
59.821
27.907
16.67
18.184
177.099
81.97500000000001
15.206
168.842
499.999
159.174
31.141000000000002
26.907
35.399
12.138
24.407
113.245
45.492000000000004
170.36
32.044000000000004
51.189
28.184
7.5840000000000005
45.38
52.951
67.63
20.144000000000002
117.014
284.737
28.095
20.878
51.848
93.375
33.816
86.288
10.646
21.128
25.592000000000002
197.28300000000002
72.013
21.287
46.54
499.999
19.077
216.544
85.646
15.888
28.011
394.5
29.813000000000002
21.196
499.999
103.575
42.938
43.367000000000004
31.892
17.148
499.999
48.148
92.769
14.352
24.612000000000002
102.543
27.558
144.555
63.164
16.695
28.564
43.231
38.098
16.442
12.364
23.136
328.78700000000003
63.882
15.001
49.416000000000004
15.15
23.135
19.819
21.568
27.893
38.175000000000004
22.66
36.297000000000004
50.606
11.255
219.618
21.637
31.719
52.631
36.875
16.434
22.42
104.875
21.863
340.43600000000004
15.041
20.72
17.675
11.257
40.004
38.593
40.169000000000004
19.541
16.188
186.22
11.957
30.155
15.918000000000001
34.045
16.651
205.952
24.756
16.783
215.883
14.306000000000001
13.16
23.172
9.59
13.632
18.383
13.768
21.871000000000002
17.235
165.14600000000002
67.56400000000001
29.778000000000002
29.988
15.303
34.819
418.247
24.635
8.661
19.346
22.794
37.982
31.244
263.303
69.411
274.255
30.996000000000002
45.27
128.105
499.999
9.165000000000001
121.723
225.386
93.35900000000001
13.215
67.526
43.268
43.086
10.913
58.679
25.961000000000002
27.386
43.660000000000004
188.589
55.826
123.756
18.643
14.164
32.609
124.754
21.864
63.957
13.408
211.479
42.230000000000004
34.079
25.498
48.068
76.383
22.881
113.867
23.979
11.702
40.918
14.787
45.245
63.556000000000004
68.979
123.184
124.819
85.851
25.244
499.999
82.248
18.691
15.121
69.315
90.489
63.597
169.66400000000002
38.738
21.257
39.298
31.861
41.145
83.398
15.206
20.927
37.38
179.0
18.492
49.661
53.604
21.292
162.889
15.441
31.39
16.45
20.806
25.286
68.703
430.94100000000003
475.427
71.227
222.75900000000001
25.875
16.19
23.649
15.950000000000001
20.705000000000002
13.417
24.413
263.051
6.98
27.227
63.848
17.662
64.72
23.058
26.643
29.519000000000002
11.948
19.084
10.128
23.818
17.483
82.062
138.462
48.514
499.999
61.083
70.177
101.785
100.242
66.45400000000001
55.242000000000004
499.999
89.648
53.007
62.146
22.744
13.085
37.11
76.647
29.28
98.089
104.886
20.933
53.56
15.043000000000001
19.266000000000002
42.326
13.067
145.971
21.842
106.821
11.925
32.514
46.477000000000004
391.492
78.799
499.999
8.026
15.831
15.189
12.293000000000001
169.429
28.153000000000002
29.089000000000002
222.199
20.369
59.893
36.903
16.638
28.404
124.288
36.485
45.506
106.736
259.002
67.34
46.806000000000004
285.024
27.093
499.999
209.864
72.767
17.308
49.886
34.054
18.393
21.796
13.949
9.13
18.988
499.999
13.705
40.956
45.175000000000004
28.261
316.288
499.999
61.543
37.831
15.885
161.153
30.539
21.853
28.016000000000002
85.311
132.573
239.002
25.956
259.12600000000003
36.205
76.747
58.052
45.79
34.684
40.729
42.982
26.231
8.827
11.112
16.541
316.56
14.062000000000001
10.918000000000001
25.467000000000002
197.977
42.384
30.782
90.793
16.513
59.84
26.823
12.809000000000001
29.933
26.949
499.999
16.297
18.998
57.09
499.999
56.57
186.165
12.596
23.465
111.346
41.198
17.303
23.613
85.362
102.409
23.547
23.662
14.586
24.538
62.997
9.601
54.56
16.867
40.073
11.474
28.234
32.777
43.565
38.573
17.466
20.150000000000002
30.551000000000002
113.941
14.208
33.423
17.489
23.195
22.798000000000002
34.408
25.558
48.131
467.281
17.231
26.375
253.55100000000002
12.957
31.936
42.026
76.97500000000001
22.911
84.864
195.127
15.52
30.019000000000002
8.018
44.480000000000004
239.637
25.92
150.601
28.137
16.348
12.894
45.338
80.85300000000001
26.217000000000002
64.45
12.739
208.19
15.068
499.999
12.977
101.886
128.741
17.042
23.026
80.517
261.851
30.631
12.509
20.264
182.484
17.606
12.895
23.385
499.999
81.634
90.935
39.262
20.071
9.675
241.126
47.06
43.06
30.136
50.219
27.476
84.193
26.708000000000002
15.693
17.039
17.563
42.144
286.379
14.624
15.381
89.861
18.82
57.949
33.591
499.999
499.999
123.858
19.842
29.006
121.013
165.57500000000002
24.196
28.928
53.456
50.057
29.823
28.336000000000002
51.481
41.362
499.999
29.404
51.842
15.227
30.375
140.626
16.864
37.792
72.97500000000001
108.021
18.546
59.221000000000004
46.291000000000004
133.421
338.649
29.086000000000002
40.597
152.50300000000001
17.683
67.85
15.097
88.223
94.525
499.999
81.98
119.08800000000001
253.815
85.509
112.553
17.217
43.268
265.062
28.659
19.059
134.62
51.497
319.933
10.812
30.083000000000002
24.066
41.002
87.95100000000001
69.041
26.898
32.122
55.036
25.338
15.549
57.402
40.434
27.604
13.34
27.68
13.67
22.633
24.697
19.719
207.55
31.958000000000002
16.971
36.852000000000004
33.458
27.362000000000002
89.544
24.418
232.606
189.972
9.895
15.416
153.016
33.475
25.277
48.263
28.359
20.215
38.57
30.656000000000002
28.158
217.50900000000001
499.999
16.607
21.105
38.44
22.126
472.625
79.626
153.008
76.598
140.472
38.057
9.565
86.309
55.634
23.990000000000002
43.267
18.692
86.812
31.602
27.732
25.330000000000002
151.711
33.217
53.707
92.331
79.702
209.913
16.504
55.369
196.43800000000002
63.743
14.0
16.687
36.679
94.779
13.833
47.441
51.822
34.985
30.771
33.936
15.860000000000001
10.734
17.731
25.811
11.864
38.932
416.223
317.884
16.172
37.949
22.94
16.621
115.925
40.766
499.999
15.736
419.846
25.981
272.057
19.545
279.077
19.900000000000002
81.301
29.177
108.32900000000001
93.477
29.812
20.436
213.76500000000001
94.124
100.20100000000001
499.999
134.841
24.015
14.642
18.063
23.379
45.967
43.371
33.778
168.348
86.455
61.409
28.731
26.973
271.557
23.107
49.047000000000004
74.2
93.754
13.464
44.253
96.931
116.44500000000001
22.784
48.156
16.006
499.999
20.684
182.049
10.655
30.623
249.461
234.881
305.719
21.805
8.805
44.508
67.56
32.756
24.727
26.589000000000002
24.556
62.491
18.533
29.577
115.96900000000001
18.497
40.087
18.355
136.897
35.023
11.748000000000001
17.163
36.504
16.644000000000002
74.724
34.855000000000004
18.793
115.039
28.28
208.961
14.134
29.457
11.841000000000001
85.896
52.084
346.402
26.68
27.599
42.407000000000004
52.082
499.999
29.316
16.697
37.775
14.06
22.799
150.625
17.85
393.532
20.131
35.285000000000004
29.204
15.364
14.864
12.938
168.863
78.285
57.77
45.228
53.028
45.42
189.022
63.808
37.27
29.216
106.154
87.169
499.999
101.39
39.033
18.59
54.504
106.851
27.888
35.943
18.593
38.272
18.206
27.518
238.46
77.825
23.21
25.791
40.619
78.936
191.75300000000001
27.002
20.587
25.779
191.627
79.849
64.202
42.577
17.983
30.875
27.346
23.759
48.552
53.383
14.506
19.625
16.351
18.393
74.125
112.791
68.122
22.719
30.528000000000002
499.999
195.83
36.806
77.616
16.205000000000002
73.243
274.479
23.668
182.798
16.815
18.731
499.999
55.216
24.262
83.892
24.984
19.138
135.309
29.713
14.874
17.799
18.97
32.525
181.56300000000002
121.434
142.02
12.205
143.165
458.238
273.461
127.82300000000001
393.943
499.999
10.535
312.694
60.910000000000004
42.694
22.779
28.983
43.337
173.382
49.944
49.024
33.487
85.009
26.059
17.312
37.543
26.372
14.21
69.33800000000001
10.988
22.122
11.78
63.657000000000004
29.025000000000002
17.537
17.373
20.641000000000002
74.107
55.746
35.683
18.277
499.999
13.563
29.533
76.009
25.002
28.35
28.344
100.298
23.989
13.263
20.761
317.92900000000003
15.646
44.924
28.990000000000002
40.633
271.10200000000003
231.604
38.605000000000004
54.843
96.997
25.171
65.572
17.285
28.488
18.259
14.968
127.918
39.888
144.748
43.443
83.29
7.032
39.468
62.563
74.98
29.443
168.1
31.273
131.936
35.898
355.418
68.149
22.881
26.208000000000002
198.282
18.058
120.23700000000001
287.596
79.554
28.396
150.30100000000002
33.673
82.234
28.068
168.397
389.66200000000003
25.613
14.521
9.811
12.578
16.005
23.5
34.434
43.814
29.029
11.061
66.197
40.958
36.805
55.533
77.95400000000001
21.439
54.867000000000004
499.999
152.167
310.596
32.28
356.826
104.66
116.267
12.536
26.269000000000002
83.105
16.319
36.136
31.132
16.22
37.756
42.881
19.795
19.689
30.387
31.321
20.295
212.01
133.302
33.972
342.697
49.602000000000004
21.812
62.306000000000004
45.591
156.27700000000002
17.739
14.472
37.418
16.34
36.699
88.93900000000001
35.383
16.603
24.442
82.397
24.204
24.084
33.437
65.73
83.578
122.191
25.494
78.133
65.135
101.156
166.31900000000002
37.637
24.344
22.812
11.695
15.823
13.918000000000001
58.976
29.144000000000002
64.464
45.484
12.245000000000001
117.354
329.776
22.298000000000002
58.858000000000004
19.053
35.455
499.999
10.088000000000001
390.327
174.806
23.691
16.986
27.927
25.652
116.664
25.909
8.705
380.618
17.865000000000002
17.773
19.939
149.287
15.1
28.045
14.293000000000001
42.785000000000004
53.594
13.264000000000001
122.765
60.241
24.548000000000002
145.97
24.349
13.568
66.049
18.732
65.258
60.058
21.643
45.106
29.992
15.554
113.468
27.126
35.088
116.22500000000001
266.305
19.247
14.633000000000001
425.21500000000003
50.049
23.353
19.762
51.893
19.12
25.511
19.544
89.804
22.571
16.574
76.406
11.439
236.22
79.807
19.252
68.54
68.011
22.331
117.519
59.271
302.014
26.591
499.999
33.268
18.475
16.462
53.972
62.877
90.934
62.844
24.429000000000002
20.348
59.705
21.623
30.148
26.839000000000002
18.04
436.84000000000003
26.127
122.62
15.677
53.039
66.229
29.656000000000002
10.869
183.874
25.668
66.129
21.707
26.225
16.155
43.533
67.517
110.505
14.896
17.104
15.43
19.636
121.70700000000001
35.414
16.149
33.997
8.619
17.784
27.157
17.419
112.964
13.638
94.414
94.432
40.281
31.400000000000002
14.324
11.936
22.695
128.35
345.379
19.445
28.041
46.410000000000004
17.263
14.886000000000001
67.051
36.480000000000004
70.389
37.423
72.115
85.752
29.241
19.941
17.333000000000002
263.087
499.999
50.343
12.748000000000001
27.935000000000002
43.015
28.972
38.127
32.836
54.417
294.591
28.504
13.754
41.823
27.28
26.13
307.517
10.117
11.567
140.925
19.647000000000002
23.731
17.778
22.622
51.575
75.572
38.091
15.176
196.832
27.746000000000002
33.941
22.004
12.787
245.566
29.327
8.16
33.941
23.336000000000002
458.748
57.777
444.47200000000004
499.999
170.935
32.825
30.404
435.192
334.443
499.999
31.313000000000002
72.818
34.824
83.595
22.099
30.034
29.915
20.867
21.986
25.519000000000002
15.457
24.43
46.904
31.953
82.20100000000001
138.008
34.231
331.043
48.971000000000004
486.906
22.28
63.958
17.386
20.732
21.908
94.248
104.017
149.512
57.446
499.999
16.683
74.785
41.545
41.927
38.659
15.968
81.543
25.348
443.716
101.178
38.422000000000004
43.999
499.999
49.044000000000004
28.869
23.921
50.826
28.078
211.00900000000001
23.219
45.834
47.93
172.63400000000001
21.146
26.504
132.29
111.883
27.502
23.428
206.719
22.490000000000002
12.46
21.05
59.08
22.954
42.711
19.979
30.604
86.694
29.966
18.181
55.688
16.469
29.76
499.999
108.527
68.33
17.788
12.876
40.238
20.403
97.97200000000001
130.054
40.83
73.39
34.982
41.027
25.424
52.86
149.007
103.166
290.175
9.950000000000001
30.583000000000002
198.705
38.45
47.33
102.649
15.897
27.262
27.18
112.071
115.687
40.39
487.044
78.028
25.345
20.267
78.171
34.096000000000004
24.809
95.32000000000001
30.345
75.711
499.999
41.099000000000004
97.736
323.63100000000003
37.918
227.31
65.275
54.57
9.924
12.936
22.855
499.999
143.082
190.071
16.001
21.739
233.255
10.731
27.949
112.839
499.999
158.683
27.268
32.7
38.667
142.185
41.922000000000004
126.556
41.758
32.057
20.67
21.691
48.046
27.297
153.835
33.675
22.384
21.080000000000002
157.327
20.141000000000002
17.278
14.797
68.83500000000001
55.828
499.999
31.167
12.063
20.294
19.523
12.784
17.47
16.612000000000002
25.378
14.749
28.229
53.917
15.485000000000001
49.037
26.601
20.266000000000002
165.732
19.497
49.377
75.21900000000001
21.118000000000002
149.372
20.326
46.561
58.311
292.325
17.407
70.609
23.775000000000002
131.368
16.837
14.364
223.71200000000002
16.528
20.664
30.143
35.088
54.027
48.458
418.075
33.559
117.976
499.999
161.247
54.6
28.898
94.037
21.525000000000002
204.214
22.257
66.714
9.918000000000001
19.678
188.567
15.356
53.855000000000004
40.123
16.698
382.32300000000004
92.919
30.810000000000002
67.51
16.733
207.107
14.667
41.141
28.629
20.103
66.092
19.887
16.39
343.413
12.045
83.221
15.074
88.544
13.724
279.464
21.778
78.046
12.844
9.344
29.658
15.325000000000001
187.701
55.634
28.594
28.097
10.288
29.292
433.759
318.998
207.564
19.39
25.685000000000002
9.201
322.567
18.962
37.238
65.423
191.479
33.2
17.764
19.419
24.843
23.394000000000002
37.682
31.695
11.993
109.139
36.71
24.874
48.385
460.682
26.401
49.266
23.73
43.304
133.989
56.618
18.415
41.137
70.152
35.980000000000004
18.711000000000002
45.32
60.938
33.156
18.077
15.372
264.073
19.836000000000002
36.201
8.233
66.114
68.492
30.419
28.692
146.844
14.359
10.961
183.853
12.159
27.322
19.061
22.478
31.504
59.808
14.035
31.264
22.979
14.342
20.808
16.711000000000002
7.03
23.895
13.56
24.14
44.244
19.848
73.955
23.535
8.218
75.22800000000001
31.322
341.044
72.283
51.817
27.304000000000002
11.999
86.56700000000001
17.149
13.517
9.104000000000001
228.15
40.323
16.75
14.607000000000001
30.722
499.999
138.998
16.4
72.21000000000001
35.223
37.431
16.05
28.638
125.19800000000001
39.699
9.639
160.764
142.672
499.999
69.796
134.603
62.818
139.02
44.1
499.999
120.473
34.14
15.723
499.999
55.480000000000004
34.186
86.325
15.116
21.096
44.506
73.54
65.641
48.301
26.564
20.3
499.999
72.401
12.18
57.488
37.323
11.881
17.04
10.718
13.494
10.463000000000001
12.239
20.571
10.646
52.077
18.252
28.752
67.516
16.116
16.876
29.255
36.912
112.508
33.905
26.825
27.429000000000002
18.064
25.758
36.991
11.998000000000001
33.118
54.127
78.419
55.246
31.174
48.058
18.396
29.208000000000002
10.991
72.626
106.714
81.889
18.488
55.444
16.13
43.023
25.904
141.516
57.352000000000004
27.454
20.724
33.457
179.58
24.573
13.227
31.854
17.743000000000002
32.219
83.465
13.673
221.423
320.084
158.098
25.082
116.691
24.957
35.593
104.958
9.401
26.555
41.582
457.233
25.904
19.786
26.189
48.985
76.911
15.0
10.621
48.939
50.994
244.113
108.633
146.8
499.999
53.301
24.965
17.251
98.074
20.861
109.943
17.745
310.355
37.44
17.473
12.931000000000001
135.612
25.629
9.345
26.73
32.643
24.454
68.837
46.4
137.071
211.512
146.832
33.152
37.396
67.055
8.988
41.674
40.467
156.483
132.219
66.935
10.733
40.554
18.288
34.833
31.032
499.999
23.812
23.917
33.194
37.155
43.552
210.15800000000002
59.851
51.103
14.3
43.319
33.081
30.36
35.065
66.669
30.589000000000002
17.67
33.361000000000004
499.999
16.568
184.09
16.743000000000002
400.44100000000003
18.292
38.352000000000004
103.98400000000001
499.999
328.2
103.49000000000001
9.045
32.141
12.353
19.94
8.568
19.821
14.886000000000001
187.25
11.484
31.813000000000002
45.864000000000004
17.289
23.611
499.999
77.436
26.015
50.120000000000005
10.319
42.633
18.429000000000002
113.623
68.398
40.284
140.428
132.03900000000002
160.931
25.347
26.925
38.34
195.142
34.482
12.716000000000001
101.60900000000001
31.524
26.619
59.854
19.072
33.469
8.802
112.057
39.639
36.965
489.356
43.856
24.032
212.399
19.224
14.896
234.519
14.943
372.492
11.899000000000001
110.976
32.322
9.41
499.999
11.031
50.152
22.351
47.565
85.781
18.334
48.099000000000004
34.673
39.722
93.281
25.898
13.025
16.078
59.53
43.401
29.415
12.393
22.328
42.936
47.398
25.031
21.388
77.28
25.065
33.484
129.782
13.583
269.269
7.982
35.163000000000004
13.745000000000001
63.706
14.327
477.083
22.742
27.361
28.626
23.746000000000002
12.339
29.966
21.612000000000002
17.054000000000002
51.621
108.659
45.52
499.999
13.280000000000001
16.187
16.509
137.171
110.781
15.416
27.080000000000002
168.031
15.16
499.999
24.941
23.928
17.78
34.476
55.061
28.064
21.377
12.235
29.918
54.337
16.659
55.077
93.93
17.231
56.006
167.04
33.916000000000004
32.354
143.34
24.434
27.021
33.422000000000004
40.678000000000004
369.53700000000003
21.833000000000002
30.939
49.863
458.649
71.865
37.703
32.707
34.812
124.267
18.39
25.912
26.406
31.931
25.244
88.706
25.273
41.472
13.582
63.785000000000004
24.338
220.358
357.44100000000003
55.949
27.556
15.986
23.377
118.869
25.45
34.338
25.774
104.173
55.78
22.338
499.999
20.743000000000002
138.288
54.854
27.145
33.369
31.324
499.999
499.999
48.845
499.999
84.178
360.39300000000003
102.034
15.153
18.065
110.2
52.370000000000005
30.229
22.817
28.046
28.801000000000002
16.358
32.195
18.598
31.914
36.787
107.8
499.999
27.43
19.243000000000002
15.74
30.669
83.06400000000001
53.109
11.419
32.751
91.277
158.904
237.66
21.219
21.59
113.908
319.149
231.06
65.658
16.214
8.851
21.001
48.883
26.633
35.49
27.458000000000002
27.268
29.006
499.999
9.487
42.227000000000004
192.034
61.659
64.891
233.934
38.148
19.604
49.36
499.999
264.976
36.377
22.330000000000002
279.66700000000003
67.929
13.288
274.014
60.29
20.793
25.689
26.663
104.10300000000001
54.665
67.772
9.357
66.96900000000001
367.325
73.916
38.087
78.638
12.408
12.677
23.695
107.635
316.074
462.267
38.694
186.453
120.001
15.515
23.422
22.918
49.559
93.052
19.927
11.38
14.496
88.896
36.508
146.806
43.764
72.223
15.031
225.10500000000002
40.563
18.633
98.455
499.999
81.965
22.859
13.491
16.195
127.233
53.756
35.904
18.488
49.847
20.085
104.795
114.319
23.643
9.004
25.902
27.955000000000002
9.453
8.673
71.066
15.316
40.548
282.419
92.46300000000001
43.618
78.282
65.229
43.563
25.211000000000002
15.316
499.999
46.087
52.633
29.284
218.00900000000001
45.567
43.119
22.504
13.764000000000001
9.735
92.747
23.018
16.534
14.787
10.567
40.568
348.53000000000003
39.546
89.187
79.405
16.502
21.167
23.307000000000002
61.374
19.515
15.154
43.934
53.499
41.674
16.779
44.891
120.346
21.609
36.155
142.684
14.454
11.634
27.236
96.44
53.483000000000004
137.837
20.344
38.076
19.338
121.775
202.909
78.994
48.498
28.064
20.103
23.635
14.620000000000001
105.776
65.473
30.843
20.544
276.345
17.31
70.599
13.287
499.999
15.386000000000001
34.427
39.074
18.856
126.312
57.342
68.313
10.689
49.035000000000004
15.045
20.639
66.1
21.015
80.589
27.433
27.525000000000002
19.204
50.45
11.879
19.095
55.531
15.308
15.189
73.196
50.309
18.586000000000002
17.758
19.646
51.968
151.07500000000002
17.422
44.474000000000004
42.87
12.787
22.623
8.902000000000001
34.572
499.999
25.344
21.172
75.358
21.741
32.522
36.72
46.07
8.335
170.486
23.607
35.737
27.124000000000002
37.875
42.307
282.867
12.743
39.209
29.889
31.944
66.506
34.62
11.93
30.554000000000002
20.267
61.009
29.442
79.642
14.179
27.202
256.644
22.747
38.69
23.118000000000002
77.109
15.964
138.25900000000001
73.612
19.711000000000002
67.288
20.925
21.830000000000002
17.573
63.387
113.444
14.705
24.749
27.039
233.185
65.049
148.48
499.999
94.325
80.443
15.809000000000001
86.628
75.981
11.852
34.323
69.078
45.325
12.618
499.999
34.016
59.997
11.915000000000001
18.398
37.248
20.865000000000002
15.203000000000001
18.759
47.214
59.695
264.13100000000003
17.97
44.593
499.999
121.015
20.249
65.481
46.294000000000004
30.923000000000002
14.759
76.72800000000001
162.864
64.458
18.384
19.476
25.567
499.999
33.941
24.361
53.561
40.369
96.22200000000001
21.37
88.507
26.364
13.981
145.94400000000002
33.962
12.151
22.472
24.499
16.879
74.718
13.789
50.427
62.325
161.108
42.487
20.168
16.089
46.225
499.999
51.687
207.904
125.927
176.333
23.146
456.092
15.245000000000001
46.313
58.859
21.653
15.125
12.442
25.373
27.891000000000002
307.3
21.785
107.889
129.119
89.682
159.302
27.891000000000002
23.795
134.998
348.723
14.053
133.648
19.273
14.3
15.798
87.46600000000001
127.757
94.159
62.036
39.122
34.071
74.241
35.072
20.334
226.156
14.107000000000001
39.861000000000004
18.956
499.999
84.994
52.879
29.898
17.82
77.649
56.092
9.406
53.467
85.614
32.674
10.978
117.91
11.213000000000001
20.407
38.392
24.047
49.865
25.825
155.006
487.254
26.501
18.319
97.762
78.174
50.018
89.036
20.415
29.101
14.864
19.657
110.087
31.580000000000002
13.218
21.635
12.253
327.093
81.468
16.404
499.999
21.101
48.995000000000005
57.174
10.882
499.999
213.943
212.899
165.80100000000002
23.437
61.715
21.506
22.787
22.490000000000002
27.762
12.821
27.82
499.999
45.743
21.687
26.38
87.008
74.504
50.918
18.07
14.952
60.868
49.154
21.311
17.795
24.835
77.008
22.855
10.832
38.982
275.45300000000003
36.649
66.723
140.103
40.81
19.212
18.805
34.954
39.754
43.031
20.061
102.253
15.225
126.643
25.894000000000002
292.077
100.796
97.22800000000001
17.853
323.075
68.894
60.492000000000004
381.67
249.178
37.6
57.632
83.686
30.702
52.744
202.538
34.483000000000004
359.28000000000003
17.637
169.644
55.818
82.486
12.978
39.282000000000004
177.97
34.307
29.693
12.814
43.084
13.509
12.852
32.986000000000004
35.795
22.131
23.981
15.748000000000001
42.744
16.667
17.357
36.131
44.034
48.055
17.724
11.08
275.842
20.938
40.222
280.62600000000003
43.909
110.706
19.763
72.485
116.99000000000001
29.35
12.908
65.035
40.816
212.102
74.434
43.682
45.842
13.724
64.278
207.919
38.041000000000004
10.734
34.708
169.802
71.568
278.177
67.807
28.371000000000002
25.662
45.254
37.226
29.468
9.157
23.706
38.455
296.521
111.318
30.061
407.15500000000003
76.803
12.696
36.558
21.937
13.237
31.622
47.295
75.895
17.193
91.093
15.286
38.468
263.585
69.572
499.999
25.951
24.268
139.698
19.443
48.421
36.489
22.396
12.124
34.409
33.756
40.484
100.75
19.108
59.416000000000004
24.145
41.67
38.435
17.04
13.42
23.491
136.461
45.631
25.633
11.513
499.999
34.343
423.298
94.905
41.51
21.637
12.392
54.33
64.631
10.108
27.623
16.903
68.507
42.0
497.587
169.254
42.428000000000004
60.552
17.511
116.279
12.661
71.32000000000001
67.558
27.97
33.247
26.728
14.93
24.310000000000002
26.64
27.477
97.953
131.54500000000002
15.734
13.987
21.276
152.132
22.228
35.766
144.275
334.438
44.033
271.089
27.074
27.616
65.99
14.234
46.736000000000004
281.906
28.735
499.999
20.342
29.826
13.606
9.09
16.415
49.57
45.469
19.005
20.717
20.792
45.779
17.253
223.316
78.268
38.985
63.082
73.09100000000001
15.176
87.368
418.81100000000004
29.042
35.163000000000004
20.662
33.001
37.19
39.919000000000004
12.887
21.294
21.437
113.512
11.359
42.445
216.70000000000002
106.113
17.117
11.459
254.653
499.999
229.106
83.53
23.934
22.061
20.286
16.121
177.354
44.479
294.663
133.333
14.429
499.999
30.551000000000002
48.415
75.71000000000001
10.76
499.999
62.117000000000004
126.321
69.467
45.137
176.579
35.813
178.505
14.068
66.255
57.612
76.20400000000001
33.546
32.763
9.494
499.999
33.043
24.842
45.33
36.311
25.975
19.211000000000002
20.232
49.163000000000004
36.728
149.15
13.001
499.999
85.545
190.691
22.228
17.296
202.75
127.15
14.094
31.786
92.387
30.789
15.636000000000001
34.815
102.59100000000001
44.581
28.144000000000002
71.042
38.883
74.495
32.644
15.618
434.807
66.87
94.167
28.289
88.215
51.155
70.97500000000001
41.929
19.139
20.075
24.169
65.059
34.884
29.134
10.472
24.787
40.319
13.718
69.373
60.777
170.267
26.240000000000002
44.005
11.53
50.758
21.673000000000002
30.767
46.097
14.998000000000001
28.864
63.88
22.349
37.455
110.808
35.533
64.444
17.166
346.961
33.94
345.459
200.311
14.824
499.999
12.095
74.754
357.171
35.202
22.674
95.174
29.321
16.749
16.611
62.128
42.205
58.001
117.145
35.555
20.065
19.406
51.095
73.549
29.501
130.392
499.999
279.678
74.19500000000001
40.549
47.128
15.597
70.196
151.53
24.285
21.398
384.669
39.186
16.215
22.143
27.171
20.245
42.559
21.409
65.696
30.166
300.813
22.315
80.247
18.077
499.999
35.494
10.102
18.666
37.336
33.842
15.688
66.686
487.171
78.241
195.721
16.647000000000002
113.032
499.999
19.069
38.373
16.239
148.257
31.171
21.91
36.192
10.642
33.825
22.799
33.907000000000004
73.102
23.13
17.129
30.585
54.865
27.567
44.898
12.935
47.304
320.63100000000003
16.762
13.213000000000001
34.691
33.997
14.826
19.04
19.355
499.999
30.937
22.255
191.23000000000002
28.827
107.89
80.995
499.999
15.639000000000001
28.113
80.686
17.8
52.834
32.146
27.951
15.063
138.536
8.758000000000001
11.999
12.552
46.45
20.63
35.102000000000004
19.841
199.513
36.979
18.664
54.817
82.95400000000001
11.171
52.827
316.392
135.54500000000002
31.101
54.513
52.152
20.46
35.192
71.268
29.563000000000002
54.57
15.087
10.071
21.419
58.604
14.979000000000001
54.709
164.864
109.81400000000001
20.179000000000002
9.283
14.864
39.669000000000004
158.32500000000002
155.63
185.922
17.172
75.58
15.764000000000001
141.735
31.898
172.157
40.319
184.097
463.892
38.473
14.232000000000001
17.405
59.605000000000004
41.794000000000004
111.608
46.788000000000004
139.413
40.53
11.39
10.901
198.747
58.128
14.848
22.932000000000002
240.769
24.983
161.928
23.316
146.207
39.854
499.999
11.272
11.174
98.892
41.269
110.108
18.389
22.303
14.89
49.722
24.631
76.402
425.45
11.098
25.808
22.046
56.791000000000004
26.131
56.25
26.767
26.214000000000002
21.903
59.910000000000004
131.316
499.999
97.742
11.182
53.525
493.0
17.139
48.539
203.19
59.058
23.944
36.561
102.027
15.229000000000001
365.636
436.82
117.498
166.209
47.873
34.626
16.585
41.353
26.507
15.347
21.240000000000002
18.067
15.445
27.768
12.288
17.163
36.196
72.787
28.822
64.785
29.006
10.955
13.167
310.154
20.634
26.098
36.079
40.324
84.226
21.241
40.233000000000004
28.642
8.386000000000001
33.421
24.624
17.704
397.534
23.251
82.694
251.418
12.829
26.949
54.231
24.805
19.226
103.48100000000001
16.342
55.922000000000004
20.174
77.43900000000001
19.376
30.368000000000002
12.189
19.277
16.044
28.791
44.33
15.745000000000001
75.654
21.806
16.786
143.171
255.525
109.19
15.839
14.817
29.165
123.552
98.325
99.753
404.148
42.729
25.929000000000002
18.241
55.706
13.073
102.066
18.768
20.01
27.900000000000002
48.278
52.721000000000004
11.157
20.639
27.882
14.476
32.675
252.978
60.165
14.919
54.433
10.289
27.116
17.885
27.881
44.234
17.266000000000002
41.387
283.151
16.172
17.080000000000002
33.697
30.909
499.999
24.299
58.888
14.08
25.982
24.93
35.574
16.329
29.306
51.442
15.894
114.35900000000001
69.69500000000001
86.657
190.667
20.999
21.554000000000002
13.824
51.96
44.428000000000004
85.247
324.898
13.069
152.687
31.138
18.349
400.363
50.785000000000004
58.046
53.034
24.863
32.598
25.494
18.794
13.163
23.819
136.475
20.302
38.455
19.039
26.501
28.492
104.119
393.454
26.76
14.123000000000001
44.982
499.999
499.999
63.067
46.663000000000004
57.166000000000004
14.289
23.54
31.179000000000002
12.367
18.142
32.758
341.987
21.116
61.914
152.731
151.197
20.434
125.769
66.016
38.96
499.999
26.01
12.429
20.063
34.897
25.063
107.498
59.205
12.785
53.009
115.593
31.641000000000002
66.831
24.536
33.102000000000004
53.194
218.079
43.523
59.516
70.834
24.268
45.199
35.508
26.686
16.227
154.125
24.071
20.188
26.744
142.80700000000002
155.943
78.515
409.535
499.999
54.49
16.364
33.482
499.999
51.333
39.384
70.747
17.987000000000002
31.636
13.802
39.179
54.444
69.636
19.029
82.441
25.304000000000002
26.581
67.383
28.707
14.898
46.419000000000004
258.004
20.014
107.297
13.937000000000001
16.413
28.164
18.109
207.994
30.77
38.164
9.125
13.833
33.74
39.410000000000004
20.895
22.884
76.28
17.587
30.174
60.300000000000004
22.551000000000002
40.13
35.214
82.511
68.23
37.279
23.353
68.414
34.06
21.491
234.281
60.644
43.231
23.237000000000002
87.922
38.372
119.70100000000001
39.843
58.937000000000005
18.628
54.803000000000004
44.372
63.085
499.999
63.782000000000004
34.543
30.852
15.496
78.388
53.407000000000004
64.87
15.127
18.692
35.237
69.395
272.987
91.164
38.74
297.609
23.037
34.085
83.453
16.109
28.283
27.451
27.23
22.951
76.802
29.277
129.588
37.252
129.544
25.588
61.311
499.999
14.577
29.131
105.121
29.21
84.871
85.056
18.36
205.848
33.557
236.168
81.12
98.051
25.468
92.71300000000001
111.688
11.507
16.47
38.836
18.698
18.031
59.039
30.562
44.599000000000004
138.877
35.827
25.837
114.21900000000001
101.399
26.857
15.051
62.437000000000005
172.053
13.736
38.706
30.645
9.181000000000001
20.766000000000002
14.908
53.26
91.625
17.182
19.436
77.848
74.416
44.063
63.305
31.907
12.134
70.544
35.62
31.127
10.443
60.105000000000004
18.269000000000002
13.465
26.286
44.33
42.791000000000004
15.794
499.999
63.536
36.865
45.807
118.242
13.603
73.845
105.497
35.586
499.999
257.806
141.469
12.561
14.978
57.704
22.055
71.757
72.663
161.968
14.016
20.357
21.77
499.999
13.506
200.448
42.785000000000004
15.426
499.999
22.631
63.298
10.077
11.858
499.999
28.155
189.909
10.867
22.636
77.06
193.42600000000002
217.167
17.629
360.68
33.647
30.343
37.115
12.848
29.372
43.717
62.927
34.286
81.934
454.16
176.817
13.666
67.566
15.189
73.519
29.448
111.909
65.481
36.844
39.618
499.999
20.232
19.955000000000002
137.463
47.153
86.784
28.862000000000002
13.838000000000001
16.175
18.219
47.263
36.04
87.994
73.907
24.803
27.304000000000002
13.935
37.173
28.549
32.237
122.21000000000001
119.928
13.120000000000001
66.859
31.593
499.999
172.177
48.389
14.923
19.268
41.123
35.356
19.283
15.571
22.834
65.726
295.17
49.441
16.15
65.211
35.52
209.09300000000002
36.701
18.924
372.949
18.666
26.301000000000002
40.707
25.624
46.179
26.347
56.013
25.199
17.591
30.687
499.999
61.597
10.217
273.776
499.999
12.66
32.704
16.14
27.923000000000002
25.466
238.14600000000002
30.94
17.024
16.101
74.269
92.624
10.939
26.594
55.455
39.276
31.183
73.718
38.885
38.701
11.734
107.224
10.77
30.943
76.46300000000001
45.272
231.213
8.819
10.156
272.08
58.042
20.749
10.543000000000001
98.771
112.47
14.055
40.569
208.41
64.381
69.449
46.196
13.381
68.072
145.77
28.362000000000002
27.79
38.522
58.364000000000004
25.071
275.341
104.94500000000001
20.938
17.086000000000002
116.224
141.614
22.118000000000002
50.704
17.814
38.556
33.845
35.721000000000004
23.51
146.672
18.479
17.793
25.049
30.718
54.074
345.747
21.018
32.365
14.866
14.537
18.95
15.945
271.118
18.871
21.933
17.865000000000002
13.521
29.272000000000002
32.011
54.299
24.595
98.638
499.999
110.446
101.619
224.67000000000002
174.703
30.152
499.999
33.945
34.313
13.186
44.696
31.285
14.031
97.175
15.111
16.835
30.923000000000002
19.197
18.939
37.067
10.16
17.157
20.75
12.96
9.902000000000001
11.886000000000001
16.531
47.914
10.573
260.386
39.387
29.202
31.704
99.249
353.387
28.959
24.649
14.392
53.717
31.026
104.011
48.353
21.731
225.91
9.734
59.741
41.641
153.004
49.619
57.538000000000004
332.66
53.331
46.072
219.624
59.519
24.511
13.779
39.235
482.407
17.676000000000002
499.999
12.215
24.973
81.418
18.852
20.34
499.999
10.624
11.23
15.837
58.498000000000005
27.443
65.083
69.919
29.587
55.694
499.999
246.05
13.873000000000001
20.836000000000002
48.214
55.159
27.740000000000002
32.93
37.426
159.377
42.512
41.765
44.404
22.177
208.58100000000002
20.207
19.511
24.341
15.968
31.882
51.683
12.393
35.355000000000004
54.72
23.362000000000002
68.9
62.617000000000004
155.52700000000002
53.622
20.069
197.1
10.147
33.175
53.621
42.811
499.999
32.907000000000004
11.147
91.19500000000001
15.003
39.962
17.915
138.028
316.497
78.953
9.747
34.801
17.111
20.943
15.946
499.999
231.501
34.956
23.45
15.593
16.977
27.988
17.727
31.911
10.054
22.726
40.136
22.48
41.722
42.176
75.305
36.276
44.221000000000004
22.185
25.053
59.519
58.511
20.747
499.999
90.125
56.651
64.934
209.059
175.892
11.208
55.153
47.793
40.726
21.429000000000002
162.762
24.633
71.94800000000001
39.861000000000004
49.477000000000004
67.609
147.116
56.069
70.008
65.746
73.639
20.817
32.075
12.273
21.971
28.707
499.999
49.665
9.444
41.083
17.577
18.527
16.561
49.936
12.198
499.999
11.345
471.999
29.025000000000002
64.581
14.16
96.289
92.655
292.003
111.471
47.437
49.349000000000004
105.64
38.712
58.041000000000004
35.296
18.133
39.008
16.329
11.968
13.358
14.883000000000001
16.784
19.54
28.392
25.432000000000002
21.815
499.999
77.946
76.811
28.826
43.311
51.6
19.151
16.79
18.322
129.91400000000002
34.638
175.793
19.191
22.977
139.666
78.39
21.515
187.193
71.182
36.293
42.799
499.999
27.77
64.94200000000001
18.039
119.634
80.381
15.754
207.681
22.52
46.287
106.262
18.416
20.009
15.575000000000001
241.167
37.525
32.189
15.133000000000001
499.999
499.999
26.484
21.499
116.88
53.569
11.265
53.396
52.353
150.525
43.277
37.002
17.227
13.551
16.412
34.241
20.616
32.752
33.302
15.427
30.373
11.271
75.383
24.135
19.372
59.916000000000004
58.134
34.069
22.091
236.324
17.175
40.818
23.14
315.681
16.678
368.736
38.85
44.024
19.464
26.995
269.681
16.023
46.194
46.891
55.445
15.625
64.038
34.308
13.103
65.174
14.134
127.384
55.077
30.499000000000002
27.877
36.144
123.096
24.444
93.855
137.68200000000002
42.864000000000004
97.67
22.312
47.828
34.308
279.998
54.794000000000004
27.32
21.425
28.381
499.999
38.818
142.219
64.233
27.001
16.72
20.975
31.86
499.999
124.896
19.394000000000002
293.029
36.645
130.769
190.772
48.178000000000004
21.309
47.449
24.797
13.767
37.408
36.609
38.52
52.870000000000005
37.716
34.069
73.876
39.959
26.45
77.612
72.925
81.272
36.502
128.139
51.468
33.513
24.075
19.962
94.093
18.487000000000002
69.494
18.091
31.593
26.202
38.579
143.604
25.732
63.915
62.410000000000004
68.57000000000001
11.751
367.168
35.043
72.646
30.900000000000002
27.677
21.977
21.472
22.581
484.349
29.274
142.541
63.088
35.972
54.465
47.668
167.351
20.649
84.987
33.145
209.368
70.479
85.021
338.391
28.481
66.205
18.683
48.617000000000004
53.747
26.758
46.651
115.881
27.560000000000002
36.909
23.044
90.5
10.78
48.06
52.6
177.829
37.614000000000004
10.012
21.041
70.016
37.423
14.627
98.11
41.368
22.245
21.034
25.045
23.451
49.35
32.44
9.946
345.25100000000003
499.999
28.094
57.756
47.501
81.861
20.176000000000002
51.818
471.80400000000003
29.861
53.268
25.894000000000002
23.633
17.546
176.979
15.85
10.126
29.054000000000002
113.13
51.354
19.871
30.716
390.807
20.254
51.996
461.757
15.765
21.029
23.675
29.675
55.125
43.035000000000004
42.14
16.501
14.478
49.971000000000004
14.471
499.999
499.999
204.181
393.986
61.635
10.458
21.67
82.877
499.999
348.22
168.368
13.939
32.147
18.457
10.395
25.702
156.755
21.490000000000002
16.736
49.337
29.067
146.742
17.830000000000002
14.884
47.132
35.061
8.804
7.359
131.983
9.952
122.327
79.507
9.255
105.327
29.384
69.487
292.7
49.195
33.53
52.425000000000004
369.98
46.197
235.657
79.96300000000001
56.127
16.7
38.924
32.867
22.193
22.04
297.458
11.667
46.766
18.816
381.485
24.989
499.999
20.406
385.652
9.41
68.818
20.654
75.425
23.725
339.262
32.929
28.867
10.69
19.889
65.291
28.650000000000002
118.307
9.645
235.485
23.596
50.236000000000004
67.481
14.551
21.834
18.083000000000002
28.34
58.454
62.168
42.396
44.689
27.966
21.134
130.329
499.999
389.77500000000003
39.748
474.86
32.341
499.999
117.44500000000001
357.467
15.837
22.79
28.476
12.455
53.395
286.764
13.635
58.424
103.09
163.282
15.557
15.238
22.638
34.934
24.386
49.491
13.982000000000001
221.65200000000002
262.233
30.939
13.257
10.989
121.392
36.893
123.017
174.604
24.251
157.745
69.565
499.999
48.076
50.456
404.171
48.436
17.257
232.576
13.519
57.801
41.687
47.952
16.616
40.235
36.160000000000004
50.843
43.348
19.51
14.272
228.709
24.611
29.724
17.589
320.532
92.955
29.539
416.11400000000003
49.818
38.324
92.569
499.999
49.272
34.972
48.278
326.355
439.228
30.231
73.799
115.46000000000001
117.91
22.056
25.622
15.945
16.06
14.435
63.459
47.238
30.12
18.916
145.543
12.513
79.825
24.401
89.139
112.324
40.418
59.285000000000004
41.209
41.123
38.399
18.01
46.438
61.51
47.009
14.963000000000001
79.411
21.963
21.508
193.814
42.669000000000004
73.97500000000001
15.849
51.052
37.831
21.71
27.400000000000002
36.913000000000004
287.445
35.557
389.322
225.877
414.29
224.131
36.385
49.552
9.187
24.665
222.199
19.627
499.999
35.456
7.17
18.287
15.09
111.56400000000001
30.784
11.834
31.703
34.582
38.137
19.92
46.95
17.825
44.566
49.282000000000004
10.569
36.469
12.771
67.284
152.718
17.411
19.459
39.369
15.627
87.391
43.228
21.887
14.465
12.5
23.089000000000002
45.959
32.021
48.215
57.336
116.051
54.022
412.588
79.98
26.897000000000002
27.48
35.176
9.681000000000001
30.777
28.167
499.999
163.062
499.999
15.566
141.928
24.891000000000002
16.223
12.785
87.758
16.156
178.89000000000001
62.352000000000004
11.118
159.946
31.087
117.19800000000001
14.852
20.794
40.345
14.705
22.355
254.302
50.836
12.122
160.034
117.528
16.518
40.564
57.805
11.907
111.007
64.334
48.433
24.641000000000002
110.045
17.939
43.13
47.416000000000004
37.559
17.195
499.999
15.111
41.286
20.938
27.083000000000002
108.867
106.867
53.164
9.705
26.793
189.609
238.969
32.282000000000004
499.999
11.273
27.807000000000002
39.731
292.357
28.752
39.593
129.675
77.83500000000001
13.892
14.252
106.289
22.145
19.473
69.123
247.104
307.3
21.303
75.70100000000001
17.574
61.753
19.439
16.830000000000002
64.072
57.39
18.783
32.43
28.809
24.434
19.511
47.506
253.71800000000002
309.938
33.015
129.99
70.96300000000001
25.939
193.309
29.915
237.513
32.717
12.38
68.15
73.691
12.877
58.910000000000004
75.166
49.78
112.304
61.928000000000004
29.535
20.96
19.43
21.047
81.812
29.277
11.558
105.74300000000001
12.386000000000001
33.891
55.551
132.397
26.490000000000002
40.144
34.341
24.03
58.952
66.32600000000001
43.546
16.384
24.723
22.843
14.405000000000001
31.207
17.873
40.863
86.113
140.991
274.46
27.101
37.59
65.71900000000001
24.29
25.175
184.781
115.422
74.776
32.33
114.663
19.557000000000002
8.491
65.658
23.687
331.177
66.039
27.631
394.645
14.752
9.792
37.615
23.905
63.644
145.35
12.67
40.32
38.176
10.866
28.156000000000002
499.999
46.924
14.869
69.848
22.631
109.84
33.435
29.792
10.936
53.392
16.240000000000002
30.674
390.688
45.246
18.37
16.978
9.598
23.221
11.564
29.824
88.773
82.85300000000001
169.991
53.26
13.482000000000001
72.675
172.213
135.066
14.899000000000001
42.866
83.423
15.485000000000001
15.841000000000001
20.681
24.996000000000002
247.05100000000002
499.999
41.487
19.765
15.751
82.717
124.923
75.206
91.636
30.28
20.925
44.571
19.061
20.228
27.861
73.09400000000001
19.999
499.999
182.209
36.29
72.248
414.462
17.941
86.46300000000001
11.578
499.999
30.636
20.956
499.999
28.855
26.314
23.309
12.747
40.658
33.922000000000004
13.465
98.574
96.486
29.733
24.044
44.83
18.867
26.836000000000002
35.817
58.242000000000004
23.973
114.303
50.206
16.332
158.091
12.801
25.781
499.999
79.294
35.564
36.923
16.572
9.265
499.999
24.193
16.565
28.918
53.324
73.70400000000001
24.258
29.999000000000002
22.698
12.462
15.17
28.741
26.047
139.78900000000002
79.304
23.049
28.776
13.658
107.599
24.426000000000002
28.061
371.402
64.79
16.856
202.475
39.318
29.977
24.699
34.652
40.243
27.198
26.957
55.85
245.305
21.358
37.692
74.459
60.947
20.05
209.883
14.792
39.801
29.45
28.77
22.664
54.363
37.534
13.491
89.436
43.092
13.455
38.281
16.253
27.067
105.25
53.037
205.27100000000002
204.254
8.387
23.488
53.142
138.098
260.186
119.607
27.728
94.616
44.758
35.171
18.553
58.199
24.761
72.46000000000001
24.399
48.785000000000004
113.98400000000001
58.843
47.844
25.948
130.486
36.163000000000004
40.423
31.847
16.317
13.079
19.26
71.297
26.637
23.124
50.639
205.62
23.983
49.209
54.892
499.999
255.106
43.504
37.363
208.747
33.234
23.656
71.861
22.036
25.927
10.51
45.97
133.391
138.683
17.637
20.703
13.796000000000001
46.844
14.59
13.872
15.745000000000001
12.925
24.516000000000002
109.167
15.42
14.227
19.242
21.618000000000002
22.43
149.746
36.155
52.538000000000004
37.989000000000004
12.997
33.257
208.427
100.045
146.254
134.719
11.47
33.196
29.708000000000002
23.465
42.458
29.501
57.899
27.819
24.401
71.398
13.726
27.544
160.841
364.978
21.426000000000002
14.336
21.740000000000002
133.909
58.45
16.901
39.561
125.787
10.151
60.052
499.999
18.103
16.203
56.549
20.103
499.999
61.523
34.568
18.706
65.9
22.580000000000002
37.786
58.426
69.258
18.55
25.331
31.344
97.586
12.306000000000001
41.126
286.72
19.384
14.469
21.22
87.535
20.571
328.186
108.217
25.172
26.616
13.434000000000001
33.258
11.961
22.23
46.555
45.002
284.897
17.34
20.6
31.498
12.652000000000001
16.554000000000002
26.134
29.163
61.097
499.999
34.256
65.081
65.306
15.086
25.287
58.411
144.725
27.484
11.331
32.826
18.732
282.705
12.114
7.559
21.137
35.61
59.085
16.979
30.218
12.228
43.535000000000004
67.641
67.383
92.995
58.679
26.974
174.51500000000001
34.753
200.131
22.505
71.248
57.823
38.95
167.37800000000001
80.011
33.608000000000004
26.87
50.062
37.155
7.636
41.589
357.915
33.504
173.565
19.016000000000002
12.975
10.197000000000001
24.856
55.1
55.615
28.965
21.625
16.321
499.999
172.703
14.450000000000001
29.462
19.393
120.86500000000001
39.611000000000004
17.351
17.913
63.455
15.313
26.431
499.999
25.526
62.85
22.109
24.636
260.9
64.595
22.599
381.476
22.042
23.235
61.544000000000004
42.344
29.318
16.321
23.895
13.76
29.013
29.135
16.67
15.168000000000001
75.973
21.936
6.259
78.297
10.601
300.2
51.224000000000004
25.899
83.7
18.585
99.373
57.903
24.308
28.564
30.827
46.675000000000004
54.29
173.112
34.229
499.999
21.129
40.606
14.981
499.999
165.982
415.69800000000004
47.055
30.991
286.877
31.35
24.051000000000002
15.069
47.651
22.92
51.106
40.47
25.574
71.629
78.117
43.677
38.75
12.907
36.977000000000004
242.05100000000002
53.112
18.588
66.431
9.905
54.034
24.615000000000002
499.999
34.505
499.999
64.181
13.268
60.681000000000004
28.762
16.641000000000002
99.756
407.146
19.959
45.249
16.789
131.526
442.466
38.338
24.652
421.553
23.64
42.439
17.458000000000002
88.443
29.835
22.945
47.106
19.293
17.215
112.613
33.897
106.83
16.163
226.017
24.627
30.923000000000002
13.972
18.382
32.338
13.243
13.528
18.933
51.327
81.304
31.207
27.64
12.469
38.043
17.485
57.515
303.031
499.999
35.929
11.178
77.496
11.138
12.585
12.653
35.737
34.972
10.525
11.505
40.817
25.537
10.188
17.083000000000002
82.28
24.853
197.186
21.906
17.808
126.882
312.32800000000003
70.622
137.303
499.999
14.577
292.374
18.545
30.116
39.335
80.408
19.11
167.401
23.481
64.743
12.645
38.061
28.685000000000002
47.822
499.999
35.174
45.025
44.002
17.119
26.495
16.8
49.009
47.459
24.725
49.385
12.413
26.381
499.999
121.83800000000001
164.42000000000002
28.957
61.525
30.787
13.955
31.339000000000002
128.49
20.55
63.212
45.652
48.186
46.613
22.448
25.04
34.135
300.897
26.22
25.502
32.032000000000004
16.29
37.605000000000004
22.283
47.198
16.938
10.664
353.031
43.378
47.13
115.28
37.836
37.314
48.003
27.737000000000002
41.092
61.875
440.882
13.043000000000001
25.556
12.222
347.844
13.147
28.560000000000002
20.805
13.319
30.131
73.217
277.585
26.891000000000002
15.707
54.407000000000004
148.558
20.896
24.043
13.658
25.264
149.532
42.779
356.973
35.999
130.77100000000002
14.613
150.27
24.941
34.835
96.797
62.352000000000004
31.699
499.999
24.063
39.169000000000004
28.368000000000002
35.403
35.932
116.518
79.512
70.898
10.182
43.863
23.197
42.652
21.156
87.658
15.515
27.381
7.445
310.12600000000003
139.393
29.319
68.44200000000001
17.389
18.662
21.400000000000002
77.005
81.138
20.707
36.792
14.321
23.674
33.623
499.999
20.633
44.423
43.241
10.826
30.344
29.786
48.323
15.419
13.036
18.650000000000002
99.006
277.903
15.517
26.116
111.146
499.999
20.683
20.782
16.518
31.615000000000002
153.333
20.588
84.14
12.714
42.448
29.364
107.009
14.486
19.757
323.389
45.050000000000004
7.414000000000001
30.596
40.64
140.425
40.525
83.946
265.175
211.323
80.95
15.131
22.5
38.987
18.829
228.381
13.66
41.974000000000004
182.235
60.63
26.539
23.163
56.028
19.392
90.97200000000001
64.96900000000001
22.166
12.154
27.901
26.056
18.403
260.163
48.56
12.05
206.76
342.937
121.425
110.168
12.029
59.81
62.568
25.092
54.398
160.547
25.124
138.841
87.662
75.284
216.316
13.143
6.845
28.96
18.246
65.66
182.363
105.565
257.899
44.112
52.326
27.219
27.98
30.254
24.979
148.868
31.470000000000002
28.032
37.007
11.906
21.066
26.728
18.932000000000002
14.675
60.795
26.301000000000002
10.595
130.893
109.601
31.948
34.412
16.458000000000002
17.037
14.27
23.144000000000002
22.384
25.284
15.079
20.282
14.497
94.523
101.867
11.769
28.64
75.33200000000001
35.248
43.415
15.757
78.044
61.313
52.606
32.098
38.076
13.571
89.123
20.5
30.969
15.602
68.186
146.707
55.267
17.105
10.945
175.181
17.845
34.948
18.562
89.402
29.463
24.439
15.308
22.248
21.137
64.28
85.991
35.435
60.941
88.42
59.705
21.592
44.226
28.756
13.882
33.767
16.471
55.078
70.803
32.187
94.254
66.205
27.406
22.328
10.424
110.866
9.719
218.78900000000002
26.727
35.633
131.197
16.35
25.478
53.988
35.108000000000004
16.615000000000002
21.330000000000002
30.393
13.157
19.002
33.27
260.723
180.042
16.977
23.142
40.937
21.232
17.772000000000002
54.411
105.4
42.018
31.485
21.529
499.999
39.45
23.226
17.029
14.558
499.999
29.412
21.072
43.983000000000004
33.458
12.454
23.638
49.335
47.579
27.929000000000002
32.588
13.279
83.402
20.192
43.614000000000004
267.222
78.408
35.325
15.904
52.874
15.711
59.687000000000005
49.989000000000004
27.246000000000002
174.175
51.871
277.05
29.282
41.062
16.758
15.280000000000001
23.059
40.745
63.022
184.03900000000002
20.807000000000002
17.956
47.653
17.947
499.999
11.034
343.889
66.124
66.165
26.144000000000002
50.604
11.144
15.982000000000001
117.322
22.945
69.345
27.462
151.249
499.999
77.543
26.29
38.659
94.608
85.908
64.303
47.626
210.561
24.03
41.872
19.795
44.632
344.213
32.324
27.099
75.775
49.256
44.442
239.366
21.209
46.746
409.463
17.686
47.179
50.46
23.641000000000002
29.651
70.586
17.234
35.717
499.999
499.999
14.604000000000001
11.188
14.286
16.143
48.828
26.769000000000002
14.835
33.303
499.999
30.276
32.588
47.34
40.844
321.87
52.637
32.348
212.217
17.839
17.548000000000002
30.963
23.655
32.845
36.237
30.47
51.995000000000005
45.302
46.715
22.428
48.347
16.247
37.27
42.732
70.22200000000001
31.437
19.649
59.135
106.867
18.444
21.468
75.929
27.656
38.352000000000004
51.133
15.572000000000001
31.959
46.329
11.932
34.447
33.066
24.952
499.999
19.847
120.663
55.912
14.788
56.528
499.999
23.502
25.162
39.997
30.122
11.708
25.251
41.821
91.368
22.318
37.598
499.999
34.803
9.902000000000001
325.749
257.636
26.514
20.676000000000002
67.85
19.458000000000002
21.525000000000002
13.179
47.716
78.862
211.036
41.121
15.675
11.998000000000001
26.67
279.907
36.567
20.913
39.429
23.233
59.289
14.870000000000001
17.442
189.66400000000002
22.438
24.374
206.363
15.119
43.894
249.27700000000002
163.064
45.009
120.895
16.581
16.895
17.01
14.917
97.973
45.469
46.089
69.539
104.149
22.172
122.48
50.421
20.323
25.205000000000002
67.438
104.286
12.355
82.084
22.939
64.404
13.242
8.73
8.96
137.514
33.572
18.098
217.221
14.642
31.546
113.802
35.062
16.601
24.546
499.914
49.115
69.151
18.578
12.752
15.926
25.72
15.733
35.642
17.68
202.726
499.999
24.813
18.891000000000002
168.8
36.817
52.747
25.904
13.179
31.351
30.43
35.861000000000004
15.268
21.026
22.240000000000002
19.990000000000002
305.395
72.468
311.272
24.561
86.415
34.987
30.794
32.145
100.736
13.75
17.838
67.009
19.852
26.557000000000002
35.655
98.095
78.28
261.145
23.978
96.882
304.596
223.94
43.345
24.239
384.621
31.259
30.978
34.276
9.394
79.447
38.529
90.909
214.333
32.965
499.999
21.176000000000002
20.935
14.585
305.16
21.988
25.62
37.469
499.999
52.384
44.942
34.657000000000004
35.937
12.024000000000001
32.958
56.006
17.347
84.128
29.693
17.273
17.13
12.919
250.60500000000002
11.133000000000001
49.936
46.587
31.432000000000002
48.202
110.555
16.129
72.496
39.931
42.58
12.873000000000001
94.59
27.275000000000002
188.07500000000002
22.154
19.673000000000002
116.248
67.965
25.205000000000002
106.284
14.01
124.811
128.481
52.089
33.948
54.975
32.487
48.375
19.918
15.327
186.132
32.637
54.537
75.929
23.139
47.451
27.058
92.96600000000001
499.999
82.272
56.189
31.065
42.475
152.044
14.551
11.63
22.401
246.772
35.217
240.205
499.999
52.301
54.058
136.446
259.69
38.763
253.29500000000002
27.732
25.063
63.893
24.142
19.080000000000002
24.37
43.451
499.999
18.804000000000002
32.776
200.716
18.098
45.015
35.132
29.566
81.866
423.931
37.198
10.212
72.229
38.389
27.166
417.801
15.775
375.72
499.999
124.756
14.367
43.377
110.312
295.046
71.164
26.407
499.999
26.71
17.956
18.056
31.129
92.374
40.846000000000004
9.322000000000001
66.44200000000001
24.901
34.077
26.161
33.052
22.502
91.691
11.39
30.624000000000002
12.458
33.441
42.099000000000004
52.495000000000005
74.177
29.079
19.056
183.537
19.649
167.838
95.289
45.821
89.46600000000001
20.072
106.21300000000001
33.564
103.53
315.776
89.82900000000001
49.998
26.504
16.740000000000002
12.252
18.594
52.047000000000004
12.978
43.681
24.96
243.478
14.433
86.504
25.876
13.46
17.291
30.663
40.288000000000004
105.84
17.746
27.231
27.238
61.544000000000004
45.768
15.607000000000001
488.748
97.402
17.855
12.63
21.916
24.362000000000002
17.204
47.601
37.732
36.856
15.883000000000001
61.182
23.155
17.469
499.999
82.22800000000001
19.562
11.273
58.777
236.12300000000002
499.999
380.585
17.565
464.949
71.968
11.16
26.945
13.986
219.821
11.577
34.845
10.482000000000001
22.619
22.252
26.697
51.663000000000004
86.91
21.257
33.607
22.59
16.746
38.066
404.709
46.789
140.956
18.236
499.999
16.740000000000002
47.955
27.462
57.554
11.053
58.619
14.545
12.892
40.734
14.364
59.246
33.329
20.827
16.862000000000002
221.923
99.905
30.579
36.775
64.199
22.252
33.827
89.621
9.620000000000001
31.708000000000002
271.724
39.51
21.142
259.165
499.999
40.808
32.961
90.656
45.468
244.467
29.356
391.884
42.821
294.101
11.215
23.799
14.433
91.447
47.994
30.411
35.212
29.053
499.999
61.904
203.866
81.882
10.993
13.984
19.549
22.887
72.436
31.78
290.57
13.653
48.554
38.36
17.765
27.859
66.348
19.895
10.009
167.809
127.278
64.263
179.068
11.769
31.984
499.999
53.636
250.076
8.61
42.881
16.316
175.989
26.749000000000002
15.558
18.884
194.312
8.468
94.839
28.694
499.999
111.539
259.431
12.647
33.834
16.896
172.796
499.999
35.654
41.99
14.274000000000001
35.395
10.709
23.88
22.76
90.736
21.647000000000002
41.512
21.291
28.68
499.999
29.669
24.301000000000002
14.65
33.119
23.363
198.21200000000002
29.982
33.871
13.205
60.615
42.083
59.483000000000004
158.465
13.859
12.501
320.56600000000003
18.299
21.335
21.732
19.151
21.562
32.492
25.252
21.683
25.941
499.999
23.483
11.744
455.565
39.734
20.368000000000002
378.735
499.999
193.03
43.654
14.428
20.833000000000002
197.242
25.197
44.284
14.181000000000001
499.999
499.999
20.7
99.08
22.856
68.562
254.173
28.256
20.513
9.041
61.218
11.416
9.332
16.034
62.756
37.662
111.961
9.732
10.177
211.132
13.466000000000001
318.656
23.793
19.021
111.429
28.899
102.598
39.795
22.35
34.141
9.909
62.605000000000004
33.208
23.165
33.869
16.43
38.71
499.999
21.762
24.080000000000002
15.566
424.622
488.76800000000003
36.633
198.166
110.051
17.708000000000002
10.34
11.869
13.834
39.047000000000004
101.143
39.372
113.158
46.043
33.357
11.901
14.014000000000001
25.396
13.96
40.71
31.734
39.828
51.497
24.748
44.337
215.747
132.485
97.828
30.423000000000002
499.999
14.886000000000001
280.242
13.759
95.274
64.14
108.294
80.525
339.516
10.082
58.331
170.00300000000001
63.983000000000004
61.927
53.535000000000004
15.59
63.306000000000004
16.287
132.016
18.723
251.208
11.925
81.45400000000001
60.449
75.45400000000001
12.757
163.699
19.476
43.81
28.872
145.846
25.194
18.841
29.753
61.258
17.004
19.949
9.038
10.686
9.953
160.856
52.549
142.353
32.645
123.096
61.001000000000005
49.684
31.818
22.721
65.762
178.191
14.471
149.32
47.641
459.101
23.396
13.961
62.741
15.545
25.115000000000002
15.825000000000001
97.635
34.653
11.892
329.796
29.035
171.62800000000001
17.766000000000002
179.262
374.05400000000003
75.575
26.548000000000002
94.486
40.538000000000004
22.862000000000002
29.173000000000002
46.369
265.629
43.714
73.158
7.99
77.355
36.579
18.694
35.962
39.047000000000004
27.0
50.519
21.683
20.792
338.244
9.843
137.784
132.465
499.999
19.519000000000002
76.265
23.967
37.21
56.338
63.166000000000004
91.391
499.999
328.177
18.486
395.75
13.715
300.69100000000003
35.166000000000004
41.915
16.969
50.127
101.874
220.70000000000002
320.072
84.392
47.139
38.253
62.765
29.026
14.759
74.001
499.999
7.423
59.321
41.358000000000004
45.441
46.07
57.694
20.873
12.877
70.852
22.123
44.905
74.956
49.455
47.457
13.934000000000001
46.743
20.311
36.482
38.338
61.289
87.525
32.403
171.677
41.775
11.109
13.06
9.406
22.603
17.801000000000002
156.405
57.967
13.698
83.092
53.157000000000004
44.804
51.496
70.918
77.087
23.373
77.96900000000001
34.671
53.03
86.48400000000001
24.148
98.697
278.355
20.802
45.125
61.286
23.264
22.587
367.498
48.664
31.495
254.45600000000002
137.302
58.467
46.028
38.455
171.172
11.483
32.236000000000004
18.92
25.312
180.08
54.263
55.515
17.697
39.341
17.273
31.811
42.082
499.999
15.944
15.325000000000001
41.887
156.928
16.097
57.071
9.5
14.383000000000001
36.051
499.999
9.929
11.843
111.755
11.748000000000001
13.926
40.022
134.498
37.654
35.662
20.386
32.999
95.191
45.667
14.461
14.982000000000001
135.237
51.959
19.614
47.13
68.286
11.762
17.596
19.489
29.847
32.903
288.502
239.94
17.416
208.96
21.557000000000002
35.158
34.136
123.58
187.679
192.647
93.584
14.36
10.385
41.762
106.628
436.923
17.644000000000002
33.342
22.248
19.28
19.435
157.34
20.676000000000002
18.828
14.521
15.013
14.031
18.55
10.846
76.10000000000001
36.528
299.924
144.907
68.927
23.304000000000002
28.507
403.357
499.999
9.540000000000001
16.069
22.314
35.56
53.29
27.737000000000002
14.152000000000001
12.643
98.295
26.502
15.651
18.759
36.255
22.911
36.135
19.878
10.606
19.096
31.084
499.999
22.612000000000002
92.72500000000001
19.536
30.416
14.035
14.193
46.721000000000004
109.872
12.098
19.525000000000002
499.999
12.247
159.852
32.194
72.378
28.835
21.804000000000002
13.39
499.999
99.18900000000001
18.511
13.517
70.505
115.002
19.352
62.465
251.912
22.287
11.903
119.482
94.928
27.858
105.977
36.550000000000004
109.07900000000001
8.101
52.338
14.780000000000001
235.561
28.755
25.775000000000002
32.085
26.241
54.028
65.68900000000001
68.153
91.932
12.864
43.593
38.376
67.026
29.495
109.675
16.452
499.999
111.884
24.171
16.327
159.37800000000001
278.662
499.834
9.091
88.162
33.578
20.177
31.369
499.999
290.319
24.516000000000002
15.466000000000001
12.258000000000001
12.051
34.502
35.521
35.578
38.695
20.192
56.429
499.999
16.092
37.093
18.619
499.999
84.282
260.732
95.762
113.867
16.876
24.293
46.393
14.027000000000001
19.896
40.244
13.475
15.030000000000001
8.01
205.268
62.604
60.51
19.897000000000002
268.702
26.467000000000002
25.196
25.998
21.331
126.35000000000001
473.041
75.419
32.614
58.11
59.415
64.107
23.937
368.088
383.183
35.62
12.906
86.81400000000001
37.022
53.167
38.907000000000004
10.662
86.235
31.819
95.801
34.541000000000004
33.967
169.965
14.604000000000001
28.417
13.264000000000001
312.798
20.571
38.368
9.724
25.63
44.699
36.14
14.978
499.999
14.444
86.679
38.489000000000004
63.684000000000005
15.925
127.447
25.731
115.005
29.994
48.249
18.967
170.223
30.067
21.146
11.204
85.931
19.143
75.667
10.991
100.322
66.94500000000001
13.595
13.836
16.433
31.871000000000002
143.935
46.24
21.295
12.051
104.296
62.423
15.258000000000001
499.999
46.37
34.732
143.514
201.213
59.913000000000004
30.66
10.108
44.762
28.597
37.644
71.554
39.84
36.737
71.44500000000001
66.613
23.09
40.183
114.035
14.826
18.211000000000002
116.93
11.27
40.813
19.012
12.3
32.023
100.23400000000001
299.064
27.299
201.621
59.025
229.065
15.937000000000001
16.367
320.447
129.101
74.078
10.193
40.774
19.054000000000002
50.26
56.733000000000004
25.72
44.345
14.23
264.43
16.938
75.867
14.202
44.694
68.051
71.07600000000001
19.559
499.999
23.61
43.323
80.915
45.384
63.903
108.536
8.03
80.555
41.268
150.554
34.327
62.257
95.88
22.308
20.408
78.55
104.599
173.52
31.029
35.751
13.032
318.217
23.541
14.347
11.742
130.812
9.506
112.346
43.256
27.209
18.097
65.589
53.113
18.21
13.017
34.971000000000004
323.96500000000003
83.806
28.761
118.684
24.82
36.248
19.045
499.999
21.096
45.25
201.088
32.473
36.111000000000004
12.228
42.480000000000004
26.535
39.667
27.324
44.696
400.386
203.79500000000002
46.197
85.956
158.404
29.307000000000002
87.558
56.832
11.186
88.583
33.429
26.355
12.402000000000001
43.282000000000004
18.609
17.804000000000002
45.902
12.790000000000001
33.816
499.999
40.231
25.895
22.283
21.475
98.64
48.831
145.387
37.047000000000004
113.105
15.371
19.046
77.405
25.214000000000002
499.999
17.369
18.62
56.223
28.115000000000002
23.499
29.892
12.165000000000001
25.954
63.961
20.708000000000002
17.303
129.081
43.122
81.705
43.868
110.49300000000001
8.829
32.887
13.75
165.756
210.622
98.95400000000001
23.671
412.24
310.61400000000003
41.152
20.643
17.863
17.042
26.078
42.854
18.385
88.952
19.055
499.999
26.517
15.652000000000001
21.035
214.918
160.806
68.168
356.612
11.038
34.658
56.964
20.504
24.709
8.047
27.706
64.497
296.824
49.300000000000004
499.999
13.741
55.731
61.370000000000005
499.999
9.992
424.855
16.976
51.83
112.455
25.589000000000002
27.124000000000002
139.738
27.383
195.05
64.208
20.135
313.437
30.287
30.787
42.53
33.132
31.225
65.154
15.72
18.618000000000002
130.416
29.411
13.786
46.267
20.024
369.235
52.686
12.534
53.947
80.659
261.497
24.655
27.617
103.592
74.781
17.512
39.928000000000004
102.426
86.565
23.526
93.542
60.763
23.764
499.999
11.346
208.066
65.318
19.075
23.023
499.999
20.347
13.093
38.137
53.263
17.92
87.037
9.638
38.856
159.992
39.831
15.456
26.182000000000002
146.05700000000002
26.585
133.825
15.443
18.266000000000002
59.398
29.424
23.288
47.109
24.622
58.429
23.869
33.867
19.721
18.794
477.13100000000003
43.961
37.771
59.698
17.611
114.929
66.982
71.927
19.51
27.635
153.617
473.338
17.708000000000002
19.588
16.5
378.375
73.406
36.749
52.861000000000004
28.618000000000002
59.438
54.14
17.436
44.695
95.265
17.922
43.464
23.838
67.614
43.412
49.617000000000004
26.43
19.23
113.29
18.45
9.853
12.652000000000001
14.465
19.389
25.948
14.665000000000001
10.555
17.487000000000002
9.743
204.72400000000002
128.764
45.517
201.14600000000002
24.692
47.037
127.467
162.687
28.135
82.799
44.375
82.864
22.738
157.248
369.908
28.939
95.638
64.309
192.554
156.826
24.347
35.734
17.234
29.789
104.499
14.046000000000001
213.755
22.44
44.444
10.942
72.581
43.861000000000004
46.041000000000004
20.142
53.184000000000005
44.847
69.328
21.031
24.647000000000002
11.773
23.839000000000002
17.601
12.327
13.276
47.913000000000004
27.875
24.45
140.174
56.748000000000005
57.160000000000004
11.933
18.356
33.26
73.31
291.10200000000003
63.5
434.258
95.489
104.623
22.849
24.756
19.73
148.898
21.879
65.32300000000001
163.722
39.160000000000004
145.758
18.351
38.917
48.671
20.575
140.936
245.19
183.078
86.45400000000001
148.094
168.18800000000002
11.164
12.916
10.343
155.837
63.138
47.758
119.991
40.966
62.294000000000004
49.657000000000004
10.267
25.685000000000002
82.987
24.565
499.999
114.563
35.266
167.096
29.199
87.378
26.669
20.833000000000002
57.987
25.152
35.366
31.351
499.999
24.943
31.899
48.476
25.381
499.999
25.496000000000002
26.236
48.408
49.216
31.026
88.683
97.745
499.999
65.122
294.709
34.218
101.038
10.451
29.583000000000002
34.432
294.085
181.287
21.827
20.31
14.907
32.244
23.016000000000002
30.058
38.211
61.091
43.955
52.869
17.28
30.037
20.564
31.04
31.342000000000002
46.703
71.60000000000001
24.347
53.378
21.182000000000002
12.421
35.806
74.168
44.036
363.365
35.749
52.627
499.999
111.779
205.687
499.999
309.008
67.895
32.649
84.423
53.566
21.536
42.543
246.479
351.886
80.768
42.125
157.404
57.64
30.208000000000002
23.758
23.301000000000002
23.28
17.385
33.19
15.561
12.207
17.308
26.956
231.574
16.036
17.441
499.999
109.163
54.892
390.718
499.999
36.347
304.366
17.095
49.166000000000004
35.337
20.302
133.224
67.767
29.789
293.365
499.999
25.973
28.349
13.581
20.264
247.024
27.155
21.039
108.038
16.297
499.999
20.928
13.916
18.672
263.9
24.678
51.849000000000004
25.931
97.85300000000001
25.027
27.739
87.935
14.609
31.683
43.11
197.544
68.327
40.456
18.625
56.622
109.91
91.509
9.188
18.417
298.424
28.199
21.002
17.164
108.016
17.62
64.045
34.463
28.402
23.358
342.568
26.198
36.206
115.355
50.523
31.845000000000002
68.69800000000001
47.864000000000004
56.306000000000004
136.337
23.698
499.999
61.629
81.058
47.089
161.748
33.253
35.506
52.143
34.091
48.328
10.076
12.803
63.066
27.899
45.639
11.019
68.536
18.551000000000002
88.792
34.755
10.937
9.413
12.711
238.153
34.7
15.661
30.409
28.011
12.022
32.492
20.859
13.636000000000001
499.999
42.367000000000004
415.219
43.716
499.999
115.559
33.315
46.727000000000004
32.655
69.353
25.741
27.337
14.169
55.865
26.543
120.652
64.235
123.673
61.907000000000004
67.747
13.893
18.154
47.306000000000004
29.065
433.812
47.708
54.541000000000004
48.050000000000004
10.952
13.83
73.71600000000001
20.699
52.839
17.221
17.771
78.238
45.119
499.999
308.028
23.117
211.34300000000002
44.823
253.912
18.305
22.539
481.33500000000004
25.646
40.518
43.242000000000004
62.508
38.777
78.538
24.264
50.029
12.335
14.389000000000001
60.409
499.999
130.766
16.16
15.467
16.84
37.639
75.889
18.498
16.001
52.356
97.727
84.48
319.565
26.607
36.907000000000004
49.866
48.889
78.34100000000001
18.572
31.011
26.142
32.822
26.047
26.483
10.894
49.445
23.136
44.969
18.049
78.447
20.135
17.101
26.761
17.514
43.572
20.219
24.571
83.812
31.965
15.035
51.134
25.968
24.386
66.898
22.04
89.511
52.643
44.163000000000004
25.792
38.474000000000004
40.016
29.624000000000002
36.838
190.08100000000002
85.235
38.772
155.293
27.335
15.048
20.666
46.843
15.568
30.984
97.927
55.371
84.911
15.058
19.748
51.348
38.484
33.854
19.716
122.917
15.061
46.504
21.807000000000002
13.513
150.22
53.392
179.746
85.9
31.833000000000002
16.805
7.979
499.999
54.077
275.906
45.299
27.25
16.07
110.861
118.73400000000001
200.79
30.002
21.055
293.096
30.212
20.328
23.253
31.931
39.552
80.47800000000001
11.323
15.964
499.999
43.553000000000004
294.008
499.999
16.914
48.548
15.474
52.549
20.471
33.374
24.64
306.916
94.486
98.337
25.117
45.845
17.184
42.646
36.963
97.635
109.173
226.141
450.648
21.977
59.241
57.658
14.030000000000001
40.975
71.84400000000001
35.352000000000004
12.82
59.249
61.962
21.633
70.624
155.574
55.616
41.518
37.505
23.042
73.411
32.273
32.717
68.46600000000001
30.984
65.016
15.463000000000001
220.77100000000002
54.061
10.528
25.508
24.069
102.745
15.793000000000001
258.762
92.375
48.364000000000004
31.248
113.11
499.999
31.594
74.77
34.358000000000004
19.68
18.024
76.82900000000001
62.901
16.915
14.762
30.822
38.233000000000004
275.761
34.394
22.222
17.597
19.772000000000002
38.033
20.459
28.013
39.898
12.228
36.082
45.274
17.234
19.397000000000002
232.458
49.634
15.515
35.034
10.387
9.224
27.894000000000002
39.267
97.851
21.19
8.929
33.307
28.515
14.334
122.271
16.104
40.518
12.772
42.533
49.864000000000004
13.093
411.072
21.452
58.073
15.907
9.85
79.84700000000001
27.72
48.082
38.623
18.718
62.718
82.156
76.156
24.93
21.683
13.589
13.492
41.282000000000004
30.908
19.443
30.813000000000002
16.989
15.135
407.011
42.659
23.443
52.083
23.681
36.008
63.154
15.694
62.0
280.466
499.999
18.0
108.84700000000001
465.728
23.228
32.517
27.676000000000002
17.717
43.636
12.501
20.366
16.342
14.028
38.306
14.952
19.16
9.646
15.397
80.721
61.96
20.18
53.434000000000005
85.727
34.002
499.999
75.108
22.765
23.287
26.714000000000002
20.764
57.333
17.536
499.999
323.235
19.093
8.365
22.675
96.848
19.706
23.978
61.641
14.05
32.865
85.46000000000001
26.808
59.401
119.878
24.1
25.706
109.281
28.046
41.980000000000004
471.694
28.580000000000002
53.45
163.394
14.96
33.041000000000004
79.19800000000001
193.168
50.134
118.944
94.684
32.65
253.547
115.958
10.913
400.37
40.422000000000004
86.277
39.526
20.573
57.472
25.317
39.496
23.36
29.229
13.492
17.467
73.261
29.999000000000002
45.304
25.741
46.002
22.169
105.81
21.206
17.487000000000002
20.702
21.547
333.607
62.036
236.238
88.426
26.089000000000002
34.257
39.800000000000004
110.69
33.356
499.999
21.962
44.989000000000004
249.281
26.595
152.142
413.718
16.35
19.457
499.999
26.532
382.928
30.482
19.855
34.448
489.966
31.333000000000002
16.414
16.341
10.487
16.355
11.696
93.432
32.632
31.114
77.113
46.166000000000004
23.175
13.365
269.723
66.846
33.699
34.526
24.811
28.16
29.516000000000002
12.074
7.293
26.866
61.069
14.652000000000001
24.266000000000002
260.652
16.847
161.868
27.185000000000002
56.984
43.919000000000004
13.341000000000001
32.005
21.652
356.716
8.802
33.825
185.476
90.788
43.413000000000004
499.999
144.556
31.777
84.34
28.018
60.268
35.33
304.91700000000003
29.467000000000002
20.848
390.745
28.12
101.121
429.132
41.031
35.536
24.694
118.012
499.999
8.97
386.769
31.045
349.188
52.929
9.786
67.71600000000001
179.429
42.587
30.539
23.769000000000002
29.859
9.099
44.625
37.572
72.416
59.562000000000005
21.212
147.032
53.912
16.432
35.823
78.81
113.144
30.059
25.316
65.83800000000001
19.642
98.931
69.03
29.426000000000002
39.299
89.956
384.238
23.804000000000002
36.561
24.541
69.931
33.243
147.122
106.019
65.402
115.373
22.273
21.884
12.419
33.731
13.212
24.433
54.653
45.581
28.426000000000002
11.157
23.425
22.328
59.423
12.931000000000001
69.001
16.66
29.426000000000002
44.706
29.7
40.343
38.93
16.018
26.686
47.063
49.75
94.378
24.468
182.69
136.318
48.774
11.737
13.063
499.999
67.141
19.654
14.704
25.553
42.485
499.999
13.656
204.034
499.999
499.999
39.383
54.067
111.283
22.253
21.069
45.251
206.881
54.913000000000004
27.307000000000002
499.999
18.585
33.737
80.398
44.032000000000004
31.265
26.407
106.753
59.446
13.547
477.915
265.437
22.035
70.276
159.82500000000002
12.620000000000001
435.522
19.134
81.019
499.999
23.245
83.72500000000001
20.147000000000002
19.986
25.975
25.307000000000002
112.34700000000001
333.534
499.999
18.369
25.775000000000002
30.521
13.123000000000001
56.031
19.967
112.092
24.080000000000002
32.162
94.456
28.114
45.013
43.165
20.939
499.999
57.089
30.395
102.226
48.069
58.882
24.144000000000002
11.21
28.310000000000002
23.647000000000002
304.361
55.906
47.681000000000004
22.701
59.192
36.922000000000004
45.218
131.496
31.872
22.527
84.518
150.518
17.135
9.029
26.694
37.255
24.082
26.478
21.830000000000002
45.050000000000004
24.597
56.111000000000004
26.2
200.038
19.831
11.344
32.548
20.816
52.487
14.383000000000001
22.595
50.919000000000004
18.662
46.245
307.76300000000003
31.155
22.122
95.878
493.139
25.055
39.97
35.984
65.12
24.164
26.543
36.762
15.144
42.663000000000004
12.019
168.491
52.216
103.538
65.541
21.303
161.63
24.588
52.184000000000005
499.999
19.356
71.651
33.278
114.006
40.571
37.31
31.767
38.797000000000004
113.809
11.959
370.688
22.561
36.763
171.424
21.551000000000002
95.43900000000001
319.52
20.015
252.16400000000002
39.382
80.399
41.519
91.705
41.99
85.927
44.013
316.541
224.519
92.627
16.87
258.31600000000003
129.788
25.525000000000002
37.169000000000004
73.186
17.932
22.125
166.091
22.788
43.13
51.498
188.397
24.402
29.521
9.368
39.806
12.617
200.982
50.178000000000004
31.560000000000002
38.734
40.894
43.998
499.999
20.527
37.406
41.29
24.8
16.317
142.326
11.781
16.27
23.691
78.575
298.163
33.444
45.443
51.285000000000004
60.746
22.842
24.522000000000002
286.38
21.185
302.945
15.889000000000001
105.024
129.229
163.409
89.785
38.81
40.254
105.421
101.611
17.462
12.454
30.32
14.161
42.57
49.953
111.15
15.173
225.29500000000002
118.08500000000001
17.873
111.748
21.376
26.699
29.168
41.301
27.507
27.732
231.477
53.718
25.59
55.431000000000004
40.754
27.503
43.2
17.008
16.883
86.087
18.755
75.868
49.088
47.672000000000004
24.974
83.46000000000001
36.847
17.852
28.467000000000002
499.999
41.413000000000004
87.687
26.597
72.95
195.73000000000002
25.766000000000002
15.439
256.122
13.125
16.249
55.276
18.378
61.011
35.887
32.226
36.805
23.933
173.93800000000002
499.999
340.474
21.599
30.291
20.119
173.163
30.855
64.11
15.950000000000001
10.405
45.888
27.843
22.513
174.693
43.559
36.565
42.887
13.894
28.295
16.817
21.212
29.383
14.029
12.229000000000001
499.999
54.29
117.687
20.386
33.160000000000004
28.75
127.128
18.651
11.478
17.578
18.115000000000002
192.20600000000002
56.832
156.25900000000001
499.999
13.651
10.422
21.545
18.267
58.045
15.304
499.999
38.957
76.239
27.939
65.342
31.855
24.405
82.164
8.582
167.356
46.571
47.541000000000004
473.873
22.291
111.866
21.696
82.659
61.693
13.492
34.894
219.638
187.748
69.174
50.919000000000004
30.711000000000002
29.439
25.113
31.438000000000002
45.927
81.042
20.817
16.446
35.285000000000004
18.080000000000002
18.03
135.267
11.281
50.278
34.003
40.756
21.39
117.797
87.797
48.743
125.348
109.485
61.229
13.064
13.374
12.948
270.969
33.691
35.492
73.778
161.06300000000002
117.614
16.824
55.591
26.581
48.009
39.413000000000004
88.292
142.674
25.564
83.97200000000001
51.147
46.756
91.831
115.061
15.507
38.445
16.943
72.606
20.472
24.503
52.863
12.199
237.778
11.209
11.202
13.703
75.504
499.999
48.576
244.647
131.6
14.557
17.032
17.312
193.496
20.834
56.509
51.281
29.461000000000002
20.213
13.218
13.056000000000001
142.51
19.652
102.89
21.124
17.576
25.014
22.435
51.442
24.552
14.822000000000001
36.133
33.722
26.172
499.999
29.027
16.244
374.693
16.597
16.947
50.385
41.518
23.308
33.643
56.756
499.999
71.547
12.865
36.135
76.947
41.597
188.351
20.747
47.677
59.198
42.516
15.637
155.864
44.217
76.94
43.793
19.249
46.503
70.612
372.683
15.193
125.023
204.103
79.69200000000001
41.774
108.391
28.655
42.37
51.333
15.863
17.61
79.08500000000001
65.262
49.22
24.492
34.476
15.527000000000001
307.198
122.946
61.678000000000004
31.551000000000002
52.713
10.561
12.681000000000001
75.186
91.11
87.907
355.004
47.713
39.652
33.716
8.917
12.757
32.934
49.459
17.807
27.662
69.668
18.115000000000002
73.19
33.531
31.102
117.916
41.591
24.869
25.71
14.192
83.751
39.888
14.779
10.370000000000001
177.58100000000002
425.266
11.3
203.729
263.528
19.065
34.272
43.075
35.648
17.161
28.927
30.357
23.367
21.435
196.425
115.37
34.951
85.389
28.882
13.906
37.447
169.576
56.76
199.287
42.647
43.44
38.383
15.0
35.088
12.903
41.881
16.162
476.569
220.185
32.406
29.014
412.342
15.596
105.534
448.058
78.09700000000001
24.151
499.999
499.999
198.261
14.031
26.637
219.517
97.47500000000001
390.437
207.447
45.876
13.989
179.559
12.662
54.013
399.095
13.957
14.311
40.619
499.999
45.701
32.778
34.5
15.272
10.77
19.626
99.871
22.281
499.999
30.666
60.004
167.529
27.485
21.604
132.001
63.249
66.602
499.999
268.031
26.882
18.977
317.514
50.275
265.357
34.815
217.649
156.211
22.634
32.535000000000004
27.936
30.624000000000002
51.177
81.5
42.886
49.848
66.757
34.451
9.865
10.813
23.517
20.447
41.831
104.667
13.504
288.032
44.713
160.607
31.404
145.217
499.999
499.999
40.128
25.161
33.031
56.183
25.324
209.815
21.492
20.305
25.904
20.22
17.333000000000002
80.753
34.395
98.226
71.56700000000001
25.84
89.426
81.237
46.049
17.665
185.116
13.185
39.906
85.113
294.454
38.891
46.981
144.56900000000002
19.528
29.766000000000002
75.154
293.474
22.971
20.356
10.306000000000001
50.787
157.707
296.255
308.291
57.043
30.405
42.25
118.59700000000001
309.34000000000003
80.118
23.421
10.071
53.812
10.946
86.062
30.254
33.054
17.826
206.416
12.249
73.76
22.476
29.831
19.849
12.225
14.14
16.455000000000002
11.572000000000001
40.371
41.769
19.43
51.659
13.891
171.525
15.204
279.736
144.649
64.55
23.693
63.682
115.648
216.141
31.935000000000002
42.371
28.966
21.727
15.552
36.596000000000004
10.793000000000001
34.983000000000004
84.998
24.593
46.97
74.654
91.365
208.491
113.48400000000001
47.852000000000004
23.507
20.571
35.034
56.764
67.141
14.164
10.314
101.389
32.456
210.102
11.029
28.093
19.645
32.134
26.692
38.230000000000004
38.248
142.309
39.824
33.487
101.33500000000001
9.772
499.999
28.094
27.453
27.545
189.68800000000002
310.069
19.429000000000002
24.043
24.726
216.48000000000002
499.999
269.041
33.627
89.431
48.124
51.166000000000004
18.172
61.226
25.672
91.613
16.524
78.458
14.002
28.18
97.422
284.218
10.995000000000001
46.476
64.497
20.587
16.068
71.623
61.918
18.07
52.392
10.761000000000001
19.39
16.341
23.329
23.475
158.177
24.453
103.349
11.985
80.752
12.768
33.578
14.312000000000001
48.896
81.437
108.755
77.802
18.85
93.34100000000001
37.19
66.055
22.339000000000002
129.375
29.837
18.466
14.023
254.518
338.434
12.767
23.883
108.022
40.46
46.573
23.429000000000002
9.46
11.977
171.525
29.485
121.267
44.865
19.104
499.999
499.999
495.244
14.57
39.236000000000004
352.79200000000003
103.426
402.014
49.230000000000004
54.968
20.122
20.296
11.553
21.246000000000002
499.999
204.258
131.0
17.455000000000002
40.934
12.784
18.04
30.218
145.773
26.675
20.944
42.653
13.855
264.61400000000003
31.171
56.974000000000004
291.531
11.109
50.524
19.783
499.999
85.627
95.049
127.063
16.255
173.233
108.135
50.625
16.8
35.699
278.859
20.647000000000002
36.974000000000004
15.700000000000001
499.999
21.782
52.978
24.853
24.453
330.867
25.899
31.44
31.659
123.111
72.235
23.343
36.314
43.133
77.499
49.948
26.303
73.369
19.497
36.974000000000004
23.754
20.96
149.39600000000002
37.295
225.559
19.391000000000002
21.221
14.724
57.428000000000004
27.347
58.542
79.726
19.004
17.461000000000002
55.184000000000005
48.076
25.284
111.837
19.916
366.69
69.287
499.999
31.987000000000002
201.478
34.445
20.39
407.741
127.473
217.116
199.44
9.872
75.172
61.111000000000004
22.732
23.558
38.075
52.694
159.937
40.143
50.97
23.150000000000002
21.42
47.838
63.227000000000004
37.534
46.283
24.479
20.685
40.216
14.477
16.289
44.119
40.516
286.105
12.946
38.196
19.549
242.018
19.34
35.554
15.919
286.789
465.884
8.198
499.999
35.717
21.563
50.2
106.223
88.215
103.018
21.201
344.418
58.987
80.316
293.567
156.705
25.364
126.423
449.485
389.401
16.793
30.988
10.824
71.709
59.753
25.632
31.863
499.999
24.871000000000002
33.927
14.201
17.297
22.478
37.359
29.708000000000002
24.412
42.841
156.46
65.413
118.979
499.999
32.29
110.13
59.725
202.234
25.447
12.875
81.277
176.09300000000002
51.888
21.658
